local Players = game:GetService('Players')
local RunService = game:GetService('RunService')

local player = Players.LocalPlayer
local camera = workspace.CurrentCamera

local root = player.Character:WaitForChild('HumanoidRootPart')

camera.CameraType = Enum.CameraType.Scriptable

local frames = {
	{cf=CFrame.new(63.718018,51.459747,48.325089,0.945070,-0.214695,0.246474,0.104433,0.912848,0.394717,-0.309737,-0.347295,0.885126),fov=56.357563,dt=0.043475},
	{cf=CFrame.new(46.197754,38.521141,35.613876,0.985097,-0.053555,-0.163454,0.098887,0.953880,0.283435,0.140736,-0.295374,0.944959),fov=47.114353,dt=0.051556},
	{cf=CFrame.new(32.461182,28.761522,26.101547,0.876239,0.000921,-0.481876,0.086515,0.983449,0.159198,0.474047,-0.181185,0.861656),fov=41.422394,dt=0.044524},
	{cf=CFrame.new(21.880615,20.492519,19.828003,0.729587,0.027605,-0.683330,0.020253,0.997875,0.061936,0.683588,-0.059027,0.727477),fov=38.917480,dt=0.042825},
	{cf=CFrame.new(13.881226,15.455080,14.160965,0.594270,0.029876,-0.803711,0.006561,0.999096,0.041990,0.804239,-0.030227,0.593537),fov=37.607304,dt=0.036269},
	{cf=CFrame.new(7.856567,11.547310,10.039703,0.481692,0.020868,-0.876093,-0.000826,0.999727,0.023358,0.876341,-0.010527,0.481577),fov=36.970123,dt=0.032513},
	{cf=CFrame.new(3.298950,8.531889,7.041351,0.391898,0.005514,-0.919993,-0.007090,0.999970,0.002973,0.919982,0.005358,0.391925),fov=36.616966,dt=0.028180},
	{cf=CFrame.new(-0.139893,6.224207,4.840057,0.322037,-0.009973,-0.946674,-0.013904,0.999787,-0.015263,0.946625,0.018077,0.321830),fov=36.416767,dt=0.021149},
	{cf=CFrame.new(-2.728760,4.502193,3.202515,0.268435,-0.022323,-0.963039,-0.019694,0.999395,-0.028655,0.963096,0.026658,0.267833),fov=36.310478,dt=0.033494},
	{cf=CFrame.new(-4.679810,3.219484,1.979218,0.227517,-0.030245,-0.973305,-0.023311,0.999062,-0.036495,0.973495,0.030992,0.226598),fov=36.194775,dt=0.036997},
	{cf=CFrame.new(-6.156128,2.294844,1.063950,0.196202,-0.031020,-0.980073,-0.023462,0.999065,-0.036318,0.980283,0.030120,0.195291),fov=36.116375,dt=0.050140},
	{cf=CFrame.new(-7.275024,1.656004,0.378632,0.172104,-0.024170,-0.984783,-0.020309,0.999399,-0.028078,0.984870,0.024832,0.171509),fov=36.057907,dt=0.040748},
	{cf=CFrame.new(-8.121826,1.205738,-0.135239,0.153582,-0.013648,-0.988042,-0.015200,0.999754,-0.016172,0.988019,0.017502,0.153337),fov=36.032833,dt=0.030341},
	{cf=CFrame.new(-10.424072,0.084427,-1.524139,0.102763,0.024239,-0.994411,0.006407,0.999666,0.025029,0.994685,-0.008943,0.102573),fov=36.021523,dt=0.024719},
	{cf=CFrame.new(-10.667725,0.069929,-1.665665,0.096967,0.032621,-0.994753,0.015139,0.999299,0.034246,0.995173,-0.018380,0.096405),fov=36.015255,dt=0.025830},
	{cf=CFrame.new(-10.701904,0.149197,-1.683487,0.095686,0.035106,-0.994792,0.021288,0.999077,0.037304,0.995184,-0.024746,0.094850),fov=36.010647,dt=0.020883},
	{cf=CFrame.new(-10.710938,0.209076,-1.688019,0.095052,0.035748,-0.994830,0.025288,0.998946,0.038312,0.995151,-0.028799,0.094048),fov=36.007961,dt=0.028231},
	{cf=CFrame.new(-10.720337,0.302656,-1.695587,0.094013,0.035906,-0.994924,0.031329,0.998748,0.039004,0.995078,-0.034836,0.092770),fov=36.005375,dt=0.018274},
	{cf=CFrame.new(-10.725464,0.359762,-1.701263,0.093206,0.036044,-0.994994,0.034897,0.998612,0.039444,0.995035,-0.038399,0.091819),fov=36.004169,dt=0.025796},
	{cf=CFrame.new(-10.731689,0.432156,-1.710892,0.091710,0.036650,-0.995111,0.039403,0.998406,0.040403,0.995006,-0.042916,0.090120),fov=36.002907,dt=0.015948},
	{cf=CFrame.new(-10.736694,0.488506,-1.721954,0.090012,0.037900,-0.995219,0.042818,0.998204,0.041887,0.995020,-0.046383,0.088227),fov=36.002327,dt=0.026598},
	{cf=CFrame.new(-10.741211,0.533609,-1.736252,0.087744,0.040125,-0.995335,0.045482,0.997985,0.044241,0.995104,-0.049152,0.085742),fov=36.001606,dt=0.018167},
	{cf=CFrame.new(-10.746094,0.555418,-1.756149,0.084211,0.042177,-0.995555,0.046940,0.997827,0.046244,0.995342,-0.050626,0.082048),fov=36.001247,dt=0.021674},
	{cf=CFrame.new(-10.752441,0.565302,-1.792786,0.077957,0.041277,-0.996102,0.045684,0.997945,0.044929,0.995910,-0.049009,0.075911),fov=36.000923,dt=0.022248},
	{cf=CFrame.new(-10.760132,0.530130,-1.850830,0.069130,0.037448,-0.996905,0.041519,0.998321,0.040380,0.996743,-0.044182,0.067459),fov=36.000679,dt=0.016577},
	{cf=CFrame.new(-10.768433,0.484837,-1.933029,0.057525,0.029964,-0.997894,0.033955,0.998913,0.031952,0.997766,-0.035721,0.056445),fov=36.000542,dt=0.036730},
	{cf=CFrame.new(-10.777710,0.388773,-2.077286,0.038393,0.012761,-0.999181,0.018530,0.999737,0.013480,0.999091,-0.019033,0.038147),fov=36.000324,dt=0.018778},
	{cf=CFrame.new(-10.782227,0.283962,-2.205505,0.022353,-0.006366,-0.999730,0.003872,0.999973,-0.006281,0.999743,-0.003731,0.022377),fov=36.000248,dt=0.027552},
	{cf=CFrame.new(-10.782471,0.202892,-2.279816,0.013632,-0.021416,-0.999678,-0.005050,0.999756,-0.021487,0.999894,0.005341,0.013521),fov=36.000168,dt=0.020610},
	{cf=CFrame.new(-10.780762,0.131577,-2.317871,0.009403,-0.034780,-0.999351,-0.009724,0.999344,-0.034872,0.999909,0.010045,0.009059),fov=36.000126,dt=0.035801},
	{cf=CFrame.new(-10.693481,0.031597,-2.047867,0.041630,0.001531,-0.999132,-0.008679,0.999962,0.001170,0.999095,0.008623,0.041642),fov=36.000072,dt=0.031415},
	{cf=CFrame.new(-10.428711,-0.117863,-1.291534,0.130386,0.005696,-0.991447,-0.004481,0.999977,0.005156,0.991453,0.003771,0.130408),fov=36.000046,dt=0.035227},
	{cf=CFrame.new(-9.950806,-0.313704,-0.158508,0.261981,-0.048682,-0.963845,0.002078,0.998753,-0.049881,0.965071,0.011065,0.261756),fov=36.000027,dt=0.039064},
	{cf=CFrame.new(-9.345581,-0.506220,1.007355,0.395376,-0.114468,-0.911359,0.009635,0.992667,-0.120500,0.918469,0.038862,0.393580),fov=36.000004,dt=0.026299},
	{cf=CFrame.new(-8.856567,-0.655338,1.819092,0.486246,-0.123357,-0.865071,0.016346,0.991096,-0.132140,0.873669,0.050112,0.483933),fov=36.000000,dt=0.043781},
	{cf=CFrame.new(-8.397705,-0.781925,2.489059,0.559798,-0.093274,-0.823363,0.023140,0.995017,-0.096987,0.828306,0.035241,0.559166),fov=36.000000,dt=0.027351},
	{cf=CFrame.new(-8.227051,-0.842731,2.724350,0.585132,-0.109025,-0.803576,0.027048,0.992994,-0.115029,0.810487,0.045572,0.583982),fov=36.000000,dt=0.028102},
	{cf=CFrame.new(-8.215332,-0.866747,2.744888,0.587039,-0.113885,-0.801508,0.029525,0.992409,-0.119385,0.809020,0.046419,0.585945),fov=36.000000,dt=0.031354},
	{cf=CFrame.new(-8.229126,-0.877499,2.735016,0.585724,-0.106473,-0.803487,0.031080,0.993555,-0.109003,0.809915,0.038874,0.585258),fov=36.000000,dt=0.021847},
	{cf=CFrame.new(-8.250122,-0.878790,2.715439,0.583545,-0.097451,-0.806213,0.031931,0.994759,-0.097130,0.811453,0.030936,0.583599),fov=36.000000,dt=0.026977},
	{cf=CFrame.new(-8.280273,-0.871117,2.682983,0.580199,-0.089967,-0.809491,0.032488,0.995646,-0.087371,0.813827,0.024393,0.580595),fov=36.000000,dt=0.035740},
	{cf=CFrame.new(-8.340332,-0.844999,2.608261,0.573259,-0.085454,-0.814906,0.033001,0.996148,-0.081246,0.818710,0.019682,0.573871),fov=36.000000,dt=0.027045},
	{cf=CFrame.new(-8.405273,-0.801168,2.516937,0.565121,-0.082634,-0.820859,0.033466,0.996448,-0.077271,0.824329,0.016197,0.565879),fov=36.000000,dt=0.027892},
	{cf=CFrame.new(-8.473267,-0.767729,2.412827,0.555718,-0.077710,-0.827731,0.034012,0.996913,-0.070759,0.830675,0.011169,0.556646),fov=36.000000,dt=0.038829},
	{cf=CFrame.new(-8.613281,-0.668291,2.166809,0.533657,-0.062937,-0.843356,0.035573,0.998015,-0.051969,0.844952,-0.002267,0.534837),fov=36.000000,dt=0.027518},
	{cf=CFrame.new(-8.727173,-0.576981,1.943283,0.513648,-0.049341,-0.856581,0.037362,0.998684,-0.035123,0.857188,-0.013963,0.514816),fov=36.000000,dt=0.026980},
	{cf=CFrame.new(-8.904419,-0.357389,1.551239,0.478930,-0.026159,-0.877464,0.040572,0.999147,-0.007642,0.876915,-0.031940,0.479583),fov=36.000000,dt=0.025083},
	{cf=CFrame.new(-9.099854,-0.022598,1.068329,0.436319,0.026152,-0.899412,0.044242,0.997745,0.050474,0.898704,-0.061814,0.434178),fov=36.000000,dt=0.022301},
	{cf=CFrame.new(-9.307739,0.423237,0.485611,0.384882,0.097855,-0.917764,0.048836,0.990812,0.126124,0.921673,-0.093363,0.376566),fov=36.000000,dt=0.037445},
	{cf=CFrame.new(-9.552368,1.095558,-0.337540,0.311595,0.144935,-0.939096,0.055042,0.983887,0.170111,0.948619,-0.104695,0.298597),fov=36.000000,dt=0.041863},
	{cf=CFrame.new(-9.757324,1.885120,-1.236359,0.231012,0.146882,-0.961800,0.061596,0.984348,0.165120,0.970999,-0.097387,0.218349),fov=36.000000,dt=0.031613},
	{cf=CFrame.new(-9.830566,2.343729,-1.672089,0.192198,0.150169,-0.969799,0.064473,0.984156,0.165170,0.979236,-0.094271,0.179471),fov=36.000000,dt=0.032980},
	{cf=CFrame.new(-9.830444,2.517145,-1.753860,0.186026,0.206623,-0.960573,0.063883,0.973026,0.221673,0.980466,-0.102602,0.167808),fov=36.000000,dt=0.045269},
	{cf=CFrame.new(-9.816040,2.606970,-1.737732,0.190211,0.209106,-0.959216,0.059987,0.972752,0.223952,0.979909,-0.100138,0.172484),fov=36.000000,dt=0.038028},
	{cf=CFrame.new(-9.791992,2.657644,-1.661316,0.203664,0.209342,-0.956398,0.053604,0.973023,0.224396,0.977572,-0.096968,0.186949),fov=36.000000,dt=0.038641},
	{cf=CFrame.new(-9.754028,2.679653,-1.522690,0.228091,0.222908,-0.947780,0.047670,0.969716,0.239539,0.972472,-0.099818,0.210558),fov=36.000000,dt=0.034175},
	{cf=CFrame.new(-9.695435,2.690388,-1.321625,0.264583,0.230169,-0.936493,0.043560,0.967256,0.250037,0.963379,-0.106949,0.245893),fov=36.000000,dt=0.030458},
	{cf=CFrame.new(-9.571289,2.705017,-0.956116,0.329415,0.222830,-0.917515,0.042133,0.967315,0.250051,0.943245,-0.121028,0.309259),fov=36.000000,dt=0.026738},
	{cf=CFrame.new(-9.436523,2.720291,-0.592529,0.384613,0.212617,-0.898258,0.042437,0.968010,0.247298,0.922102,-0.133233,0.363286),fov=36.000000,dt=0.032693},
	{cf=CFrame.new(-9.105957,2.726765,0.176590,0.485505,0.192990,-0.852666,0.044118,0.968678,0.244368,0.873120,-0.156260,0.461784),fov=36.000000,dt=0.041974},
	{cf=CFrame.new(-8.498657,2.733538,1.294846,0.617182,0.161918,-0.769980,0.046820,0.969305,0.241362,0.785427,-0.185015,0.590656),fov=36.000000,dt=0.033320},
	{cf=CFrame.new(-7.864258,2.716484,2.219498,0.715671,0.130794,-0.686082,0.048831,0.970536,0.235958,0.696729,-0.202370,0.688197),fov=36.000000,dt=0.031385},
	{cf=CFrame.new(-7.406128,2.676399,2.752899,0.767301,0.109518,-0.631867,0.048934,0.972438,0.227969,0.639418,-0.205841,0.740793),fov=36.000000,dt=0.029595},
	{cf=CFrame.new(-6.991943,2.575249,3.154984,0.799633,0.090141,-0.593685,0.045169,0.976839,0.209154,0.598788,-0.194063,0.777041),fov=36.000000,dt=0.025590},
	{cf=CFrame.new(-6.644165,2.432997,3.456711,0.818822,0.079685,-0.568490,0.038717,0.980398,0.193187,0.572740,-0.180196,0.799686),fov=36.000000,dt=0.024061},
	{cf=CFrame.new(-6.320435,2.261845,3.713562,0.832358,0.092883,-0.546400,0.030727,0.976608,0.212823,0.553386,-0.193934,0.810033),fov=36.000000,dt=0.023899},
	{cf=CFrame.new(-6.024170,2.081612,3.931274,0.842258,0.081206,-0.532924,0.022901,0.982306,0.185876,0.538589,-0.168760,0.825495),fov=36.000000,dt=0.011938},
	{cf=CFrame.new(-5.874268,1.986389,4.036545,0.846910,0.069728,-0.527146,0.019244,0.986696,0.161433,0.531389,-0.146864,0.834301),fov=36.000000,dt=0.024138},
	{cf=CFrame.new(-5.641113,1.845947,4.194580,0.854282,0.039497,-0.518307,0.014854,0.994847,0.100294,0.519597,-0.093379,0.849294),fov=36.000000,dt=0.028050},
	{cf=CFrame.new(-5.441162,1.715317,4.328552,0.861809,0.007573,-0.507177,0.013570,0.999186,0.037978,0.507052,-0.039612,0.861005),fov=36.000000,dt=0.031981},
	{cf=CFrame.new(-5.265503,1.595747,4.441864,0.868765,-0.014058,-0.495025,0.013691,0.999897,-0.004368,0.495036,-0.002983,0.868868),fov=36.000000,dt=0.016401},
	{cf=CFrame.new(-5.166382,1.510916,4.501938,0.872570,-0.009314,-0.488401,0.014061,0.999883,0.006054,0.488287,-0.012150,0.872598),fov=36.000000,dt=0.028565},
	{cf=CFrame.new(-5.080688,1.420214,4.550369,0.875800,0.001181,-0.482673,0.014504,0.999481,0.028761,0.482457,-0.032190,0.875328),fov=36.000000,dt=0.023059},
	{cf=CFrame.new(-5.012085,1.326168,4.585159,0.878302,-0.010537,-0.477990,0.015039,0.999871,0.005593,0.477869,-0.012101,0.878347),fov=36.000000,dt=0.017839},
	{cf=CFrame.new(-4.980591,1.274353,4.599762,0.879396,-0.016958,-0.475788,0.015385,0.999856,-0.007201,0.475842,-0.000988,0.879530),fov=36.000000,dt=0.034091},
	{cf=CFrame.new(-4.952515,1.217022,4.611099,0.880222,-0.017975,-0.474221,0.015767,0.999838,-0.008634,0.474299,0.000123,0.880364),fov=36.000000,dt=0.026407},
	{cf=CFrame.new(-4.934937,1.170254,4.616470,0.880595,-0.013719,-0.473671,0.016136,0.999869,0.001039,0.473595,-0.008558,0.880701),fov=36.000000,dt=0.031115},
	{cf=CFrame.new(-4.953003,1.175110,4.607712,0.879026,-0.006979,-0.476723,0.015131,0.999798,0.013263,0.476534,-0.018871,0.878953),fov=36.000000,dt=0.029487},
	{cf=CFrame.new(-5.118652,1.290342,4.522873,0.866339,0.010528,-0.499346,0.006878,0.999431,0.033005,0.499409,-0.032028,0.865774),fov=36.000000,dt=0.025515},
	{cf=CFrame.new(-5.351929,1.427643,4.381790,0.846315,0.032190,-0.531709,-0.004516,0.998570,0.053265,0.532664,-0.042678,0.845250),fov=36.000000,dt=0.025313},
	{cf=CFrame.new(-5.640381,1.586304,4.177261,0.817854,0.058843,-0.572410,-0.017935,0.996881,0.076851,0.575147,-0.052587,0.816358),fov=36.000000,dt=0.032518},
	{cf=CFrame.new(-6.066040,1.801058,3.792480,0.766337,0.098774,-0.634800,-0.036423,0.993201,0.110571,0.641406,-0.061613,0.764724),fov=36.000000,dt=0.024495},
	{cf=CFrame.new(-6.399780,1.930691,3.405975,0.716320,0.127328,-0.686056,-0.049208,0.989980,0.132355,0.696034,-0.061049,0.715408),fov=36.000000,dt=0.021222},
	{cf=CFrame.new(-6.680054,2.003990,3.005402,0.666056,0.147292,-0.731215,-0.058371,0.987596,0.145767,0.743615,-0.054407,0.666391),fov=36.000000,dt=0.014828},
	{cf=CFrame.new(-6.934082,2.048344,2.573273,0.612555,0.162367,-0.773572,-0.065856,0.985756,0.154754,0.787680,-0.043851,0.614523),fov=36.000000,dt=0.024051},
	{cf=CFrame.new(-7.254883,2.091036,1.931610,0.532302,0.179019,-0.827410,-0.075256,0.983522,0.164380,0.843203,-0.025233,0.537003),fov=36.000000,dt=0.026099},
	{cf=CFrame.new(-7.650513,2.134127,0.890686,0.400808,0.240701,-0.883977,-0.089278,0.970539,0.223792,0.911802,-0.010778,0.410489),fov=36.000000,dt=0.044108},
	{cf=CFrame.new(-8.013672,2.166199,-0.559982,0.213377,0.265114,-0.940311,-0.104851,0.963132,0.247755,0.971327,0.045727,0.233307),fov=36.000000,dt=0.047475},
	{cf=CFrame.new(-8.149658,2.177769,-1.470596,0.093983,0.200872,-0.975099,-0.113528,0.975207,0.189952,0.989080,0.092849,0.114457),fov=36.000000,dt=0.061270},
	{cf=CFrame.new(-8.164185,2.025272,-1.357574,0.114693,0.166296,-0.979384,-0.110775,0.981881,0.153748,0.987206,0.090858,0.131037),fov=36.000000,dt=0.059375},
	{cf=CFrame.new(-8.156860,1.848459,-1.134186,0.154464,0.135478,-0.978666,-0.083616,0.988793,0.123683,0.984454,0.062728,0.164061),fov=36.000000,dt=0.064597},
	{cf=CFrame.new(-8.201172,1.726063,-1.523438,0.157971,0.127419,-0.979188,0.026422,0.990739,0.133185,0.987090,-0.046912,0.153142),fov=36.000000,dt=0.029206},
	{cf=CFrame.new(-8.256104,1.635382,-2.054703,0.150847,0.127484,-0.980302,0.131725,0.980215,0.147742,0.979742,-0.151417,0.131070),fov=36.000000,dt=0.032071},
	{cf=CFrame.new(-8.307129,1.561783,-2.568375,0.142807,0.123250,-0.982047,0.225659,0.962029,0.153553,0.963683,-0.243536,0.109572),fov=36.000000,dt=0.028356},
	{cf=CFrame.new(-8.353516,1.482100,-3.060120,0.135114,0.117198,-0.983875,0.311538,0.937595,0.154468,0.940579,-0.327385,0.090170),fov=36.000000,dt=0.043407},
	{cf=CFrame.new(-8.408447,1.397078,-3.673782,0.126256,0.114503,-0.985367,0.413132,0.897006,0.157170,0.901877,-0.426930,0.065947),fov=36.000000,dt=0.048269},
	{cf=CFrame.new(-8.435059,1.354202,-3.985321,0.122364,0.171372,-0.977578,0.462316,0.861748,0.208935,0.878232,-0.477516,0.026219),fov=36.000000,dt=0.042826},
	{cf=CFrame.new(-8.441284,1.329536,-4.012344,0.118132,0.070762,-0.990473,0.453212,0.883666,0.117186,0.883540,-0.462738,0.072319),fov=36.000000,dt=0.036357},
	{cf=CFrame.new(-8.447021,1.286589,-3.995651,0.113220,0.076916,-0.990588,0.422014,0.898873,0.118029,0.899492,-0.431406,0.069310),fov=36.000000,dt=0.031685},
	{cf=CFrame.new(-8.451538,1.235950,-3.953598,0.110786,0.091735,-0.989602,0.381045,0.915717,0.127544,0.917895,-0.391213,0.066493),fov=36.000000,dt=0.048255},
	{cf=CFrame.new(-8.450806,1.171242,-3.835968,0.117577,0.084447,-0.989467,0.311579,0.942928,0.117499,0.942918,-0.322113,0.084554),fov=36.000000,dt=0.041907},
	{cf=CFrame.new(-8.734009,1.129631,-3.589035,0.141337,0.072254,-0.987322,0.235132,0.966343,0.104378,0.961633,-0.246903,0.119591),fov=36.000000,dt=0.034546},
	{cf=CFrame.new(-9.053711,1.134827,-3.195877,0.186075,0.067499,-0.980215,0.167829,0.980792,0.099398,0.968096,-0.183004,0.171172),fov=36.000000,dt=0.026424},
	{cf=CFrame.new(-9.211304,1.238386,-2.223724,0.271135,0.084068,-0.958863,0.081411,0.990606,0.109871,0.959092,-0.107852,0.261744),fov=36.000000,dt=0.024427},
	{cf=CFrame.new(-9.118164,1.386719,-1.069214,0.347861,0.118599,-0.930015,0.005832,0.991674,0.128643,0.937528,-0.050173,0.344273),fov=36.000000,dt=0.068276},
	{cf=CFrame.new(-8.194336,1.912237,2.819107,0.551381,0.244408,-0.797649,-0.155090,0.969486,0.189853,0.819711,0.019026,0.572461),fov=36.000000,dt=0.076809},
	{cf=CFrame.new(-7.648315,2.257841,5.059464,0.658946,0.264571,-0.704126,-0.168532,0.964231,0.204585,0.733067,-0.016143,0.679965),fov=36.000000,dt=0.059009},
	{cf=CFrame.new(-7.360962,2.582684,6.412155,0.717792,0.251810,-0.649128,-0.149571,0.966310,0.209459,0.680003,-0.053257,0.731273),fov=36.000000,dt=0.042449},
	{cf=CFrame.new(-7.023804,2.765610,7.241394,0.761825,0.237040,-0.602856,-0.134257,0.968214,0.211037,0.633717,-0.079836,0.769434),fov=36.000000,dt=0.036682},
	{cf=CFrame.new(-6.409180,2.887318,8.094833,0.815479,0.218404,-0.535998,-0.120618,0.969867,0.211681,0.566079,-0.107970,0.817250),fov=36.000000,dt=0.038483},
	{cf=CFrame.new(-5.390625,2.846991,8.733643,0.875564,0.190829,-0.443816,-0.108129,0.972781,0.204952,0.470847,-0.131459,0.872366),fov=36.000000,dt=0.043057},
	{cf=CFrame.new(-3.727051,2.603153,9.077408,0.939639,0.148702,-0.308166,-0.093384,0.977887,0.187129,0.329178,-0.147056,0.932747),fov=36.000000,dt=0.055112},
	{cf=CFrame.new(-1.308228,2.187889,9.052124,0.987828,0.095858,-0.122501,-0.075635,0.984179,0.160219,0.135922,-0.149004,0.979451),fov=36.000000,dt=0.017999},
	{cf=CFrame.new(0.084106,1.965847,8.909653,0.997414,0.069389,-0.018743,-0.065926,0.987079,0.146046,0.028635,-0.144432,0.989100),fov=36.000000,dt=0.033621},
	{cf=CFrame.new(1.524048,1.738466,8.682510,0.995311,0.045157,0.085536,-0.056304,0.989550,0.132743,-0.078648,-0.136937,0.987453),fov=36.000000,dt=0.040317},
	{cf=CFrame.new(3.385254,1.497709,8.305695,0.976165,0.017587,0.216318,-0.044100,0.991991,0.118357,-0.212504,-0.125075,0.969122),fov=36.000000,dt=0.051166},
	{cf=CFrame.new(5.497314,1.317436,7.810425,0.933133,-0.010564,0.359377,-0.029946,0.993811,0.106968,-0.358283,-0.110577,0.927042),fov=36.000000,dt=0.040983},
	{cf=CFrame.new(6.933228,1.273907,7.463120,0.890761,-0.029399,0.453520,-0.019926,0.994420,0.103599,-0.454034,-0.101319,0.885205),fov=36.000000,dt=0.039435},
	{cf=CFrame.new(8.046143,1.310709,7.202179,0.850775,-0.045351,0.523570,-0.011576,0.994411,0.104945,-0.525403,-0.095345,0.845494),fov=36.000000,dt=0.054227},
	{cf=CFrame.new(8.967163,1.390329,6.938751,0.813251,-0.060444,0.578765,-0.004102,0.993970,0.109571,-0.581898,-0.091483,0.808100),fov=36.000000,dt=0.031470},
	{cf=CFrame.new(9.583984,1.480362,6.645462,0.783337,-0.072308,0.617378,0.001543,0.993434,0.114395,-0.621596,-0.088657,0.778305),fov=36.000000,dt=0.024873},
	{cf=CFrame.new(9.921265,1.518021,6.388565,0.763237,-0.079804,0.641172,0.005246,0.993076,0.117360,-0.646098,-0.086210,0.758370),fov=36.000000,dt=0.025126},
	{cf=CFrame.new(10.211182,1.567373,6.134811,0.744000,-0.085923,0.662632,0.008580,0.992844,0.119108,-0.668124,-0.082931,0.739414),fov=36.000000,dt=0.061063},
	{cf=CFrame.new(10.692017,1.669430,5.648788,0.707176,-0.093873,0.700778,0.014524,0.992867,0.118342,-0.706888,-0.073510,0.703495),fov=36.000000,dt=0.049628},
	{cf=CFrame.new(11.177856,1.793694,5.048416,0.661201,-0.096890,0.743926,0.021090,0.993634,0.110667,-0.749913,-0.057484,0.659035),fov=38.158062,dt=0.049348},
	{cf=CFrame.new(11.539429,1.912668,4.506821,0.619155,-0.095560,0.779433,0.026510,0.994546,0.100875,-0.784821,-0.041795,0.618311),fov=41.299896,dt=0.053769},
	{cf=CFrame.new(11.870483,2.023762,3.935562,0.574712,-0.095893,0.812718,0.032125,0.994989,0.094682,-0.817725,-0.028306,0.574912),fov=44.514530,dt=0.050732},
	{cf=CFrame.new(12.154053,2.142647,3.413376,0.534139,-0.102705,0.839135,0.037494,0.994494,0.097853,-0.844565,-0.020804,0.535049),fov=47.664108,dt=0.044872},
	{cf=CFrame.new(12.401123,2.260046,2.945236,0.497807,-0.114871,0.859647,0.042541,0.993231,0.108086,-0.866244,-0.017236,0.499324),fov=50.647270,dt=0.027386},
	{cf=CFrame.new(12.540894,2.330051,2.674042,0.476676,-0.123712,0.870330,0.045444,0.992192,0.116144,-0.877903,-0.015812,0.478577),fov=52.392101,dt=0.029640},
	{cf=CFrame.new(12.701172,2.416569,2.349152,0.451259,-0.136295,0.881923,0.049034,0.990562,0.127995,-0.891045,-0.014514,0.453683),fov=53.570961,dt=0.032299},
	{cf=CFrame.new(12.837158,2.495918,2.055344,0.428288,-0.148536,0.891351,0.052242,0.988818,0.139676,-0.902131,-0.013255,0.431259),fov=55.361271,dt=0.023801},
	{cf=CFrame.new(12.946533,2.561882,1.801239,0.408450,-0.159503,0.898737,0.054989,0.987125,0.150199,-0.911123,-0.011928,0.411962),fov=56.925373,dt=0.048849},
	{cf=CFrame.new(13.125122,2.701101,1.320679,0.370971,-0.180265,0.910980,0.060130,0.983583,0.170145,-0.926696,-0.008342,0.375720),fov=59.777851,dt=0.059493},
	{cf=CFrame.new(13.283203,2.839247,0.770294,0.327839,-0.202418,0.922794,0.065765,0.979297,0.191448,-0.942442,-0.002076,0.334363),fov=62.222721,dt=0.054442},
	{cf=CFrame.new(13.395752,2.996759,0.163284,0.279830,-0.223401,0.933695,0.071543,0.974697,0.211770,-0.957380,0.007540,0.288732),fov=64.228767,dt=0.037001},
	{cf=CFrame.new(13.434937,3.092081,-0.217224,0.249289,-0.234419,0.939629,0.074969,0.972021,0.222610,-0.965523,0.014949,0.259888),fov=65.895378,dt=0.037869},
	{cf=CFrame.new(13.444458,3.198730,-0.659760,0.213265,-0.244631,0.945872,0.078736,0.969299,0.232937,-0.973817,0.024797,0.225979),fov=67.031433,dt=0.030717},
	{cf=CFrame.new(13.419678,3.283287,-1.031845,0.182675,-0.252260,0.950260,0.081693,0.967076,0.241020,-0.979774,0.033601,0.197268),fov=67.928238,dt=0.040519},
	{cf=CFrame.new(13.367188,3.364025,-1.399185,0.152202,-0.259482,0.953679,0.084638,0.964798,0.249000,-0.984719,0.042819,0.168806),fov=68.823906,dt=0.065299},
	{cf=CFrame.new(13.228271,3.494738,-2.016113,0.099775,-0.271086,0.957370,0.089276,0.960729,0.262733,-0.990997,0.059256,0.120058),fov=70.130547,dt=0.025940},
	{cf=CFrame.new(13.100586,3.582907,-2.453827,0.061505,-0.279063,0.958301,0.092374,0.957590,0.272927,-0.993823,0.071736,0.084675),fov=70.468018,dt=0.021269},
	{cf=CFrame.new(13.031372,3.626732,-2.665787,0.042646,-0.282760,0.958242,0.093776,0.956013,0.277929,-0.994679,0.078008,0.067286),fov=70.643753,dt=0.035359},
	{cf=CFrame.new(12.898926,3.703188,-3.027527,0.009823,-0.288938,0.957297,0.096095,0.953185,0.286711,-0.995324,0.089175,0.037129),fov=70.891884,dt=0.038903},
	{cf=CFrame.new(12.725220,3.795242,-3.458664,-0.030455,-0.295946,0.954719,0.098595,0.949614,0.297509,-0.994662,0.103191,0.000259),fov=70.987457,dt=0.041879},
	{cf=CFrame.new(12.454590,3.932310,-4.075546,-0.089397,-0.305235,0.948072,0.101343,0.944155,0.313530,-0.990827,0.124109,-0.053471),fov=69.512512,dt=0.023938},
	{cf=CFrame.new(12.302002,4.011871,-4.415649,-0.122284,-0.309864,0.942884,0.102303,0.941018,0.322519,-0.987209,0.135899,-0.083371),fov=68.984947,dt=0.036790},
	{cf=CFrame.new(11.976196,4.217402,-5.164429,-0.194769,-0.319375,0.927397,0.101929,0.933794,0.342985,-0.975539,0.161331,-0.149320),fov=67.379066,dt=0.027256},
	{cf=CFrame.new(11.591187,4.461369,-5.915863,-0.269104,-0.330777,0.904527,0.098487,0.924798,0.367490,-0.958062,0.187977,-0.216290),fov=66.791061,dt=0.020390},
	{cf=CFrame.new(11.237427,4.678473,-6.502411,-0.328390,-0.340624,0.880985,0.093695,0.916364,0.389228,-0.939884,0.210363,-0.269010),fov=66.316338,dt=0.039882},
	{cf=CFrame.new(10.536255,5.098009,-7.436523,-0.426589,-0.357677,0.830716,0.081685,0.899491,0.429236,-0.900750,0.250964,-0.354496),fov=64.719147,dt=0.033907},
	{cf=CFrame.new(9.448364,5.619921,-8.565536,-0.551052,-0.371919,0.747006,0.059768,0.875295,0.479881,-0.832328,0.309087,-0.460104),fov=63.725353,dt=0.037239},
	{cf=CFrame.new(8.333862,5.926126,-9.552170,-0.659939,-0.364554,0.656948,0.035075,0.858490,0.511629,-0.750500,0.360686,-0.553765),fov=62.700424,dt=0.030711},
	{cf=CFrame.new(7.500244,5.964642,-10.249924,-0.731333,-0.345226,0.588194,0.012617,0.855431,0.517762,-0.681904,0.386078,-0.621249),fov=61.742180,dt=0.030178},
	{cf=CFrame.new(6.941528,6.100580,-10.663055,-0.763028,-0.351125,0.542679,-0.029353,0.857542,0.513576,-0.645699,0.375944,-0.664635),fov=60.852955,dt=0.023904},
	{cf=CFrame.new(6.361084,6.348549,-11.175491,-0.800853,-0.341725,0.491792,-0.061381,0.863725,0.500211,-0.595708,0.370408,-0.712692),fov=60.368938,dt=0.030053},
	{cf=CFrame.new(4.867676,6.535749,-12.180496,-0.890778,-0.278212,0.359324,-0.083007,0.877005,0.473257,-0.446795,0.391741,-0.804310),fov=59.555790,dt=0.026231},
	{cf=CFrame.new(0.696167,6.128571,-13.444122,-0.995603,-0.092955,-0.011611,-0.089842,0.912372,0.399383,-0.026531,0.398670,-0.916711),fov=58.778545,dt=0.048587},
	{cf=CFrame.new(-8.832520,3.103039,-4.573486,-0.194725,0.058471,-0.979114,-0.107986,0.990876,0.080649,0.974896,0.121435,-0.186635),fov=57.846413,dt=0.026582},
	{cf=CFrame.new(-0.203613,0.199558,6.487564,0.981343,0.038590,-0.188353,-0.079142,0.973883,-0.212809,0.175222,0.223746,0.958768),fov=57.235348,dt=0.017961},
	{cf=CFrame.new(6.744263,-0.687252,5.543716,0.838223,0.240664,0.489349,-0.057223,0.931213,-0.359955,-0.542317,0.273721,0.794336),fov=56.914158,dt=0.020131},
	{cf=CFrame.new(10.956299,-0.983337,0.595932,0.359339,0.353865,0.863513,-0.034070,0.929675,-0.366801,-0.932585,0.102386,0.346125),fov=56.562401,dt=0.027491},
	{cf=CFrame.new(10.167358,-0.852497,-8.914536,-0.507569,0.268332,0.818763,-0.039100,0.942117,-0.332997,-0.860724,-0.201033,-0.467697),fov=55.952137,dt=0.029560},
	{cf=CFrame.new(2.932007,-0.546387,-14.459229,-0.974646,0.055224,0.216832,-0.045438,0.900024,-0.433466,-0.219092,-0.432328,-0.874695),fov=55.356419,dt=0.024588},
	{cf=CFrame.new(-4.908813,-0.245958,-13.622055,-0.893686,-0.176090,-0.412696,-0.038152,0.946264,-0.321136,0.447068,-0.271250,-0.852381),fov=55.064987,dt=0.023510},
	{cf=CFrame.new(-10.346680,0.045290,-8.244720,-0.442006,-0.321151,-0.837552,-0.046871,0.940706,-0.335969,0.895787,-0.109244,-0.430850),fov=54.635513,dt=0.025530},
	{cf=CFrame.new(-11.562256,0.314960,-0.860855,0.156590,-0.315423,-0.935943,-0.040795,0.944758,-0.325220,0.986821,0.089108,0.135072),fov=54.352226,dt=0.030041},
	{cf=CFrame.new(-7.023315,0.613642,7.086273,0.782366,-0.164130,-0.600804,-0.040225,0.949322,-0.311720,0.621519,0.268046,0.736115),fov=53.980911,dt=0.025626},
	{cf=CFrame.new(-1.900757,0.799795,10.082291,0.978351,-0.045755,-0.201831,-0.037211,0.920466,-0.389046,0.203579,0.388134,0.898837),fov=53.644695,dt=0.024621},
	{cf=CFrame.new(4.435181,0.931028,10.042358,0.964336,0.110287,0.240608,-0.029492,0.948165,-0.316407,-0.263032,0.298027,0.917603),fov=53.466274,dt=0.025603},
	{cf=CFrame.new(10.068115,1.033579,7.500443,0.755488,0.176321,0.630991,-0.031227,0.971702,-0.234139,-0.654419,0.157185,0.739614),fov=53.298786,dt=0.028073},
	{cf=CFrame.new(14.166138,1.074175,1.721466,0.340729,0.268230,0.901086,-0.034580,0.961365,-0.273098,-0.939525,0.061893,0.336840),fov=53.190567,dt=0.038288},
	{cf=CFrame.new(14.222534,0.781643,-7.671829,-0.322047,0.280844,0.904109,-0.034103,0.950926,-0.307534,-0.946109,-0.129873,-0.296665),fov=53.037117,dt=0.019788},
	{cf=CFrame.new(10.462158,0.159447,-13.195740,-0.726748,0.197805,0.657808,-0.034712,0.945841,-0.322768,-0.686027,-0.257405,-0.680522),fov=53.013439,dt=0.023858},
	{cf=CFrame.new(5.746094,-0.543400,-15.953247,-0.935688,0.088962,0.341428,-0.035957,0.938609,-0.343104,-0.350991,-0.333315,-0.875047),fov=53.003586,dt=0.013912},
	{cf=CFrame.new(2.412354,-1.023996,-16.593170,-0.993349,0.005084,0.115032,-0.036824,0.932532,-0.359204,-0.109097,-0.361050,-0.926143),fov=55.284386,dt=0.030167},
	{cf=CFrame.new(-4.103149,-1.940128,-15.170486,-0.923866,-0.183160,-0.336043,-0.038892,0.918430,-0.393666,0.380736,-0.350625,-0.855630),fov=63.780384,dt=0.029013},
	{cf=CFrame.new(-8.951050,-2.565311,-11.377930,-0.648834,-0.344034,-0.678717,-0.039262,0.905904,-0.421660,0.759917,-0.246939,-0.601288),fov=68.752274,dt=0.013875},
	{cf=CFrame.new(-10.791992,-2.704861,-8.674683,-0.438150,-0.406108,-0.801936,-0.038533,0.899794,-0.434611,0.898076,-0.159524,-0.409893),fov=69.421242,dt=0.023532},
	{cf=CFrame.new(-11.942383,-2.734806,-4.901764,-0.149633,-0.456328,-0.877140,-0.038497,0.889144,-0.456006,0.987992,-0.034466,-0.150612),fov=69.842728,dt=0.027051},
	{cf=CFrame.new(-12.122925,-2.757053,-1.659058,0.099241,-0.474986,-0.874380,-0.037632,0.876297,-0.480299,0.994352,0.080570,0.069090),fov=69.964828,dt=0.025978},
	{cf=CFrame.new(-11.410156,-2.774483,1.778030,0.360341,-0.463931,-0.809273,-0.036436,0.859893,-0.509173,0.932109,0.212962,0.292951),fov=69.991653,dt=0.019115},
	{cf=CFrame.new(-9.983032,-2.791746,4.707489,0.579168,-0.416028,-0.701060,-0.034938,0.846519,-0.531211,0.814459,0.332154,0.475742),fov=69.997101,dt=0.017959},
	{cf=CFrame.new(-8.730347,-2.802889,6.387924,0.701423,-0.364116,-0.612720,-0.033751,0.841729,-0.538845,0.711946,0.398638,0.578119),fov=69.998924,dt=0.026222},
	{cf=CFrame.new(-6.822998,-2.817091,8.145493,0.827382,-0.278134,-0.487935,-0.032415,0.843673,-0.535878,0.560703,0.459192,0.689024),fov=69.999748,dt=0.020208},
	{cf=CFrame.new(-4.894409,-2.833174,9.390060,0.912295,-0.189301,-0.363157,-0.031005,0.852287,-0.522155,0.408359,0.487619,0.771667),fov=69.999916,dt=0.031976},
	{cf=CFrame.new(-3.172485,-2.849072,10.179062,0.961547,-0.112694,-0.250454,-0.029719,0.863886,-0.502810,0.273027,0.490919,0.827318),fov=69.999985,dt=0.023496},
	{cf=CFrame.new(-1.588135,-2.864971,10.688889,0.988351,-0.046907,-0.144787,-0.028614,0.877088,-0.479476,0.149482,0.478033,0.865529),fov=69.999992,dt=0.026091},
	{cf=CFrame.new(-0.683960,-2.873436,10.902756,0.996433,-0.012465,-0.083463,-0.027926,0.884599,-0.465515,0.079634,0.466185,0.881096),fov=70.000000,dt=0.024876},
	{cf=CFrame.new(0.208862,-2.871029,11.062698,0.999551,0.019245,-0.022969,-0.027613,0.889262,-0.456564,0.011639,0.456993,0.889394),fov=70.000000,dt=0.026114},
	{cf=CFrame.new(0.711060,-2.880009,11.137314,0.999281,0.036505,0.010218,-0.027733,0.887762,-0.459467,-0.025844,0.458853,0.888136),fov=70.000000,dt=0.037159},
	{cf=CFrame.new(1.292969,-2.882298,11.224487,0.997264,0.057425,0.046558,-0.028214,0.877752,-0.478283,-0.068331,0.475661,0.876971),fov=70.000000,dt=0.023662},
	{cf=CFrame.new(1.603149,-2.880800,11.277023,0.995495,0.069630,0.064348,-0.028625,0.867766,-0.496149,-0.090386,0.492072,0.865850),fov=70.000000,dt=0.028794},
	{cf=CFrame.new(1.869263,-2.879509,11.323685,0.993629,0.080964,0.078406,-0.029113,0.856435,-0.515433,-0.108881,0.509867,0.853335),fov=70.000000,dt=0.012533},
	{cf=CFrame.new(2.026733,-2.879274,11.345444,0.992362,0.087858,0.086592,-0.029452,0.850404,-0.525306,-0.119791,0.518743,0.846496),fov=70.000000,dt=0.024430},
	{cf=CFrame.new(2.265625,-2.879084,11.354828,0.990177,0.097940,0.099785,-0.029833,0.845232,-0.533567,-0.136599,0.525349,0.839851),fov=70.000000,dt=0.023951},
	{cf=CFrame.new(2.512695,-2.875338,11.338684,0.987575,0.107652,0.114482,-0.030049,0.844426,-0.534829,-0.154247,0.524743,0.837169),fov=70.000000,dt=0.018436},
	{cf=CFrame.new(2.707520,-2.860031,11.324921,0.985313,0.114653,0.126544,-0.030230,0.846483,-0.531557,-0.168062,0.519925,0.837516),fov=70.000000,dt=0.019314},
	{cf=CFrame.new(2.906372,-2.820057,11.325027,0.982882,0.120518,0.139349,-0.030350,0.851948,-0.522746,-0.181718,0.509568,0.841022),fov=70.000000,dt=0.027336},
	{cf=CFrame.new(3.097778,-2.743198,11.350067,0.980530,0.123862,0.152379,-0.030098,0.861608,-0.506682,-0.194049,0.492230,0.848560),fov=70.000000,dt=0.025780},
	{cf=CFrame.new(3.254639,-2.639103,11.395233,0.978708,0.123836,0.163695,-0.029124,0.873215,-0.486464,-0.203182,0.471339,0.858229),fov=70.000000,dt=0.028816},
	{cf=CFrame.new(3.430176,-2.506948,11.459412,0.976880,0.120045,0.176906,-0.026179,0.888412,-0.458301,-0.212182,0.443073,0.871014),fov=70.000000,dt=0.022682},
	{cf=CFrame.new(3.571289,-2.400423,11.494370,0.975424,0.115501,0.187635,-0.022281,0.898932,-0.437521,-0.219205,0.422588,0.879414),fov=70.000000,dt=0.034774},
	{cf=CFrame.new(3.753418,-2.291681,11.504974,0.973393,0.109847,0.201098,-0.016148,0.908309,-0.417988,-0.228574,0.403619,0.885915),fov=70.000000,dt=0.025272},
	{cf=CFrame.new(3.968628,-2.189135,11.468292,0.970496,0.103842,0.217611,-0.007674,0.915354,-0.402577,-0.240996,0.389030,0.889144),fov=70.000000,dt=0.025042},
	{cf=CFrame.new(4.121338,-2.098196,11.355957,0.967312,0.096220,0.234625,0.002716,0.921235,-0.388998,-0.253574,0.376919,0.890860),fov=70.000000,dt=0.011755},
	{cf=CFrame.new(4.187866,-2.047462,11.266266,0.965322,0.091171,0.244625,0.009310,0.924419,-0.381264,-0.260897,0.370320,0.891513),fov=70.000000,dt=0.019909},
	{cf=CFrame.new(4.257324,-1.970917,11.087616,0.962009,0.082432,0.260274,0.020342,0.929037,-0.369426,-0.272257,0.360686,0.892066),fov=70.000000,dt=0.021429},
	{cf=CFrame.new(4.301514,-1.904753,10.911331,0.958865,0.074308,0.273964,0.030324,0.932792,-0.359136,-0.282238,0.352671,0.892169),fov=70.000000,dt=0.022728},
	{cf=CFrame.new(4.342651,-1.808319,10.623215,0.953866,0.061732,0.293819,0.045289,0.937851,-0.344071,-0.296799,0.341504,0.891788),fov=70.000000,dt=0.017397},
	{cf=CFrame.new(4.361450,-1.737415,10.397308,0.949888,0.052369,0.308174,0.056171,0.941223,-0.333082,-0.307504,0.333701,0.891115),fov=70.000000,dt=0.019450},
	{cf=CFrame.new(4.372925,-1.653473,10.115952,0.944885,0.041096,0.324812,0.068972,0.944841,-0.320186,-0.320054,0.324942,0.889932),fov=70.000000,dt=0.022355},
	{cf=CFrame.new(4.375977,-1.568338,9.819962,0.939533,0.029705,0.341168,0.081563,0.948154,-0.307167,-0.332604,0.316420,0.888399),fov=70.000000,dt=0.023422},
	{cf=CFrame.new(4.373779,-1.476393,9.521118,0.934007,0.018620,0.356770,0.093516,0.951079,-0.294456,-0.344799,0.308388,0.886572),fov=70.000000,dt=0.019102},
	{cf=CFrame.new(4.368774,-1.398191,9.226837,0.928473,0.008154,0.371311,0.104492,0.953640,-0.282228,-0.356398,0.300840,0.884576),fov=70.000000,dt=0.016699},
	{cf=CFrame.new(4.363159,-1.323750,8.943573,0.923091,-0.001376,0.384580,0.114181,0.955885,-0.270642,-0.367241,0.293738,0.882526),fov=70.000000,dt=0.026193},
	{cf=CFrame.new(4.359863,-1.245569,8.682388,0.918175,-0.009586,0.396059,0.122203,0.957812,-0.260119,-0.376857,0.287235,0.880611),fov=70.000000,dt=0.022689},
	{cf=CFrame.new(4.359131,-1.160616,8.407806,0.913166,-0.017270,0.407222,0.129375,0.959716,-0.249415,-0.386510,0.280442,0.878614),fov=70.000000,dt=0.021738},
	{cf=CFrame.new(4.355713,-1.101273,8.195007,0.909556,-0.022489,0.414972,0.134145,0.960971,-0.241948,-0.393335,0.275732,0.877074),fov=70.000000,dt=0.025863},
	{cf=CFrame.new(4.345215,-1.050014,7.972061,0.906221,-0.026993,0.421942,0.138306,0.961982,-0.235503,-0.399544,0.271775,0.875502),fov=70.000000,dt=0.020194},
	{cf=CFrame.new(4.333252,-1.014975,7.791916,0.903767,-0.030080,0.426967,0.141173,0.962657,-0.231002,-0.404074,0.269048,0.874264),fov=70.000000,dt=0.026297},
	{cf=CFrame.new(4.315796,-0.983639,7.594147,0.901383,-0.032786,0.431780,0.143765,0.963229,-0.226984,-0.408461,0.266674,0.872951),fov=70.000000,dt=0.015718},
	{cf=CFrame.new(4.301758,-0.965586,7.458862,0.899927,-0.034321,0.434687,0.145272,0.963543,-0.224677,-0.411128,0.265341,0.872105),fov=70.000000,dt=0.023927},
	{cf=CFrame.new(4.279663,-0.946217,7.276031,0.898179,-0.035889,0.438162,0.146881,0.963888,-0.222138,-0.414367,0.263877,0.871016),fov=70.000000,dt=0.020018},
	{cf=CFrame.new(4.262573,-0.935097,7.146469,0.897049,-0.036769,0.440399,0.147858,0.964074,-0.220680,-0.416462,0.263077,0.870258),fov=70.000000,dt=0.018365},
	{cf=CFrame.new(4.236816,-0.926094,6.967300,0.895688,-0.037659,0.443086,0.148905,0.964284,-0.219051,-0.419012,0.262179,0.869305),fov=70.000000,dt=0.024059},
	{cf=CFrame.new(4.212524,-0.904383,6.809097,0.894603,-0.038157,0.445230,0.149612,0.964421,-0.217963,-0.421073,0.261602,0.868482),fov=70.000000,dt=0.027163},
	{cf=CFrame.new(4.182251,-0.909115,6.620529,0.893396,-0.038530,0.447616,0.150287,0.964549,-0.216930,-0.423389,0.261075,0.867515),fov=70.000000,dt=0.022245},
	{cf=CFrame.new(4.149170,-0.900665,6.417435,0.892163,-0.038766,0.450046,0.150857,0.964678,-0.215961,-0.425778,0.260565,0.866498),fov=70.000000,dt=0.023519},
	{cf=CFrame.new(4.119019,-0.891251,6.230331,0.891020,-0.039009,0.452285,0.151399,0.964796,-0.215051,-0.427973,0.260091,0.865559),fov=70.000000,dt=0.022522},
	{cf=CFrame.new(4.079712,-0.874929,5.977921,0.889291,-0.039666,0.455617,0.152364,0.965016,-0.213376,-0.431214,0.259174,0.864224),fov=70.000000,dt=0.018878},
	{cf=CFrame.new(4.042114,-0.852322,5.716965,0.887209,-0.040782,0.459563,0.153691,0.965318,-0.211045,-0.435017,0.257872,0.862706),fov=70.000000,dt=0.023937},
	{cf=CFrame.new(4.004395,-0.827478,5.449982,0.884984,-0.042010,0.463722,0.155094,0.965646,-0.208505,-0.439032,0.256444,0.861097),fov=70.000000,dt=0.024023},
	{cf=CFrame.new(3.966919,-0.803621,5.188797,0.882884,-0.043138,0.467605,0.156393,0.965936,-0.206176,-0.442783,0.255159,0.859556),fov=70.000000,dt=0.020066},
	{cf=CFrame.new(3.916870,-0.774824,4.854095,0.880298,-0.044189,0.472359,0.157723,0.966279,-0.203541,-0.447437,0.253678,0.857583),fov=70.000000,dt=0.033878},
	{cf=CFrame.new(3.836304,-0.731771,4.328751,0.876371,-0.045562,0.479476,0.159560,0.966763,-0.199772,-0.454438,0.251580,0.854514),fov=70.000000,dt=0.034949},
	{cf=CFrame.new(3.595337,-0.610838,2.809448,0.865417,-0.049201,0.498631,0.164394,0.967960,-0.189810,-0.473316,0.246237,0.845777),fov=70.000000,dt=0.022029},
	{cf=CFrame.new(3.135864,-0.434708,0.082932,0.847392,-0.055271,0.528084,0.171822,0.969598,-0.174232,-0.502399,0.238379,0.831126),fov=70.000000,dt=0.030045},
	{cf=CFrame.new(2.889893,-0.264980,-1.626511,0.834917,-0.088466,0.543220,0.177314,0.977608,-0.113320,-0.521032,0.190933,0.831908),fov=70.000000,dt=0.028203},
	{cf=CFrame.new(2.886719,-0.198164,-1.924255,0.810907,-0.066957,0.581332,0.184610,0.971972,-0.145564,-0.555292,0.225359,0.800540),fov=70.000000,dt=0.024827},
	{cf=CFrame.new(2.918701,-0.166243,-1.983276,0.809774,-0.136629,0.570612,0.185640,0.982211,-0.028264,-0.556600,0.128816,0.820733),fov=70.000000,dt=0.027438},
	{cf=CFrame.new(2.950806,-0.146721,-2.005112,0.799483,-0.104458,0.591537,0.188607,0.978615,-0.082099,-0.570311,0.177205,0.802087),fov=70.000000,dt=0.026349},
	{cf=CFrame.new(2.976929,-0.133858,-2.016235,0.793359,-0.080900,0.603354,0.190572,0.974318,-0.119946,-0.578155,0.210143,0.788401),fov=70.000000,dt=0.034045},
	{cf=CFrame.new(3.007568,-0.121439,-2.024231,0.802254,-0.107923,0.587147,0.189092,0.978820,-0.078452,-0.566244,0.173963,0.805670),fov=70.000000,dt=0.034047},
	{cf=CFrame.new(3.033081,-0.112627,-2.028580,0.803780,-0.113478,0.584003,0.189229,0.979426,-0.070129,-0.564030,0.166878,0.808716),fov=70.000000,dt=0.034108},
	{cf=CFrame.new(3.060059,-0.099882,-2.030396,0.801566,-0.098756,0.589694,0.190282,0.977121,-0.095010,-0.566820,0.188365,0.802019),fov=70.000000,dt=0.034730},
	{cf=CFrame.new(3.081055,-0.101042,-2.030014,0.799915,-0.089479,0.593405,0.191155,0.975308,-0.110612,-0.568855,0.201912,0.797268),fov=70.000000,dt=0.030163},
	{cf=CFrame.new(3.096191,-0.094090,-2.028366,0.799310,-0.086883,0.594605,0.191732,0.974648,-0.115324,-0.569511,0.206184,0.795704),fov=70.000000,dt=0.032852},
	{cf=CFrame.new(3.105591,-0.089590,-2.025452,0.799291,-0.086357,0.594706,0.192120,0.974406,-0.116719,-0.569406,0.207547,0.795425),fov=70.000000,dt=0.034719},
	{cf=CFrame.new(3.107178,-0.087006,-2.022293,0.799501,-0.086610,0.594388,0.192383,0.974345,-0.116796,-0.569023,0.207728,0.795652),fov=70.000000,dt=0.031902},
	{cf=CFrame.new(3.096191,-0.085339,-2.019226,0.799858,-0.087094,0.593836,0.192569,0.974346,-0.116477,-0.568457,0.207520,0.796110),fov=70.000000,dt=0.031719},
