local Players=game:GetService('Players')
local RunService=game:GetService('RunService')
local player=Players.LocalPlayer
local camera=workspace.CurrentCamera
local root=player.Character:WaitForChild('HumanoidRootPart')
camera.CameraType=Enum.CameraType.Scriptable
local frames={
{cf=CFrame.new(12.437622,2.045235,1.121780,0.089828,-0.043442,0.995009,-0.000000,0.999048,0.043619,-0.995957,-0.003918,0.089743),fov=70.000000,dt=0.024860},
{cf=CFrame.new(-19.683350,-0.149710,-10.845535,0.033468,-0.077766,-0.996410,0.000194,0.996969,-0.077804,0.999440,0.002410,0.033382),fov=50.000000,dt=0.083870},
{cf=CFrame.new(-19.686829,-0.149685,-10.852310,0.033468,-0.077766,-0.996410,0.000194,0.996969,-0.077803,0.999440,0.002410,0.033382),fov=50.000000,dt=0.107807},
{cf=CFrame.new(-19.688202,-0.149688,-10.900772,0.033468,-0.077766,-0.996410,0.000194,0.996969,-0.077804,0.999440,0.002410,0.033382),fov=50.000000,dt=0.098489},
{cf=CFrame.new(-19.689102,-0.149686,-10.932404,0.033468,-0.077766,-0.996410,0.000194,0.996969,-0.077804,0.999440,0.002410,0.033382),fov=50.000000,dt=0.050129},
{cf=CFrame.new(-19.690140,-0.149684,-10.968460,0.033468,-0.077766,-0.996410,0.000194,0.996969,-0.077803,0.999440,0.002410,0.033382),fov=50.000000,dt=0.050692},
{cf=CFrame.new(-19.691727,-0.149685,-11.024292,0.033468,-0.077766,-0.996410,0.000194,0.996969,-0.077803,0.999440,0.002410,0.033382),fov=50.000000,dt=0.066615},
{cf=CFrame.new(-19.692856,-0.149687,-11.064346,0.033468,-0.077766,-0.996410,0.000194,0.996969,-0.077804,0.999440,0.002410,0.033382),fov=50.000000,dt=0.051138},
{cf=CFrame.new(-19.694016,-0.149686,-11.104263,0.033468,-0.077766,-0.996410,0.000194,0.996969,-0.077804,0.999440,0.002410,0.033382),fov=50.000000,dt=0.048288},
{cf=CFrame.new(-19.695053,-0.149684,-11.141495,0.033468,-0.077766,-0.996410,0.000194,0.996969,-0.077803,0.999440,0.002410,0.033382),fov=50.000000,dt=0.051041},
{cf=CFrame.new(-19.696274,-0.149685,-11.184113,0.033468,-0.077766,-0.996410,0.000194,0.996969,-0.077803,0.999440,0.002410,0.033382),fov=50.000000,dt=0.055536},
{cf=CFrame.new(-19.697067,-0.149686,-11.211166,0.033468,-0.077766,-0.996410,0.000194,0.996969,-0.077804,0.999440,0.002410,0.033382),fov=50.000000,dt=0.110630},
{cf=CFrame.new(-19.697571,-0.149685,-11.229111,0.033468,-0.077766,-0.996410,0.000194,0.996969,-0.077803,0.999440,0.002410,0.033382),fov=50.000000,dt=0.116553},
{cf=CFrame.new(-19.698090,-0.149686,-11.247131,0.033468,-0.077766,-0.996410,0.000194,0.996969,-0.077804,0.999440,0.002410,0.033382),fov=50.000000,dt=0.116383},
{cf=CFrame.new(-19.698456,-0.149685,-11.260437,0.033468,-0.077766,-0.996410,0.000194,0.996969,-0.077803,0.999440,0.002410,0.033382),fov=50.000000,dt=0.101281},
{cf=CFrame.new(-19.698975,-0.149686,-11.278549,0.033468,-0.077766,-0.996410,0.000194,0.996969,-0.077804,0.999440,0.002410,0.033382),fov=50.000000,dt=0.115025},
{cf=CFrame.new(-19.699570,-0.149685,-11.299133,0.033468,-0.077766,-0.996410,0.000194,0.996969,-0.077803,0.999440,0.002410,0.033382),fov=50.000000,dt=0.103328},
{cf=CFrame.new(-19.699997,-0.149686,-11.314240,0.033468,-0.077766,-0.996410,0.000194,0.996969,-0.077804,0.999440,0.002410,0.033382),fov=50.000000,dt=0.114066},
{cf=CFrame.new(-19.700500,-0.149685,-11.332062,0.033468,-0.077766,-0.996410,0.000194,0.996969,-0.077803,0.999440,0.002410,0.033382),fov=50.000000,dt=0.116330},
{cf=CFrame.new(-19.700974,-0.149686,-11.348602,0.033468,-0.077766,-0.996410,0.000194,0.996969,-0.077804,0.999440,0.002410,0.033382),fov=50.000000,dt=0.115903},
{cf=CFrame.new(-19.701523,-0.149685,-11.368149,0.033468,-0.077766,-0.996410,0.000194,0.996969,-0.077803,0.999440,0.002410,0.033382),fov=50.000000,dt=0.116972},
{cf=CFrame.new(-19.701981,-0.149686,-11.383926,0.033468,-0.077766,-0.996410,0.000194,0.996969,-0.077804,0.999440,0.002410,0.033382),fov=50.000000,dt=0.100674},
{cf=CFrame.new(-19.702484,-0.149685,-11.402145,0.033468,-0.077766,-0.996410,0.000194,0.996969,-0.077803,0.999440,0.002410,0.033382),fov=50.000000,dt=0.115934},
{cf=CFrame.new(-18.868256,-0.164445,-11.609467,0.098875,-0.083712,-0.991573,0.005840,0.996487,-0.083545,0.995083,0.002470,0.099016),fov=50.000000,dt=0.085269},
{cf=CFrame.new(-10.202881,-0.317686,-13.657700,0.700227,-0.139639,-0.700131,0.080686,0.989881,-0.116731,0.709346,0.025248,0.704408),fov=50.000000,dt=0.017450},
{cf=CFrame.new(-10.109024,-0.319345,-13.679871,0.705382,-0.140131,-0.694838,0.081587,0.989800,-0.116792,0.704116,0.025693,0.709620),fov=50.000000,dt=0.015443},
{cf=CFrame.new(-0.702957,-0.485686,-15.902206,0.985290,-0.168829,-0.026464,0.165863,0.982053,-0.089781,0.041147,0.084071,0.995610),fov=50.000000,dt=0.015739},
{cf=CFrame.new(-0.704102,-0.485686,-15.907059,0.985172,-0.169362,-0.027440,0.166308,0.981969,-0.089876,0.042167,0.083979,0.995575),fov=50.000000,dt=0.101630},
{cf=CFrame.new(-0.705200,-0.485685,-15.910126,0.985075,-0.169504,-0.029944,0.166229,0.981962,-0.090105,0.044677,0.083782,0.995482),fov=50.000000,dt=0.115445},
{cf=CFrame.new(-0.707230,-0.485686,-15.911087,0.984937,-0.169642,-0.033488,0.166081,0.982006,-0.089895,0.048135,0.082979,0.995388),fov=50.000000,dt=0.116979},
{cf=CFrame.new(-0.711212,-0.485686,-15.910965,0.984702,-0.170270,-0.037010,0.166426,0.981966,-0.089699,0.051616,0.082168,0.995281),fov=50.000000,dt=0.115827},
{cf=CFrame.new(-0.717209,-0.485686,-15.910797,0.984541,-0.170404,-0.040507,0.166256,0.981968,-0.089987,0.055110,0.081862,0.995119),fov=50.000000,dt=0.101389},
{cf=CFrame.new(-0.725082,-0.485685,-15.911575,0.984378,-0.170600,-0.043537,0.166216,0.981994,-0.089780,0.058070,0.081141,0.995010),fov=50.000000,dt=0.116045},
{cf=CFrame.new(-0.735275,-0.485686,-15.914291,0.984272,-0.170677,-0.045576,0.166117,0.981995,-0.089947,0.060108,0.080962,0.994903),fov=50.000000,dt=0.115829},
{cf=CFrame.new(-0.745667,-0.485685,-15.918320,0.984219,-0.170714,-0.046575,0.166068,0.981996,-0.090029,0.061106,0.080874,0.994849),fov=50.000000,dt=0.100587},
{cf=CFrame.new(-0.757202,-0.486643,-15.949249,0.984219,-0.170714,-0.046575,0.166068,0.981996,-0.090029,0.061106,0.080874,0.994849),fov=50.000000,dt=0.066739},
{cf=CFrame.new(-0.762192,-0.486686,-15.983490,0.984219,-0.170714,-0.046575,0.166068,0.981996,-0.090029,0.061106,0.080874,0.994849),fov=50.000000,dt=0.049172},
{cf=CFrame.new(-0.760544,-0.486686,-15.984680,0.983845,-0.172625,-0.047433,0.167896,0.981672,-0.090172,0.062130,0.080752,0.994796),fov=50.000000,dt=0.100236},
{cf=CFrame.new(-0.751221,-0.485685,-15.945847,0.982979,-0.176849,-0.049769,0.171864,0.980902,-0.091074,0.064924,0.080971,0.994600),fov=50.000000,dt=0.050070},
{cf=CFrame.new(-0.742340,-0.484685,-15.910416,0.982195,-0.180040,-0.053642,0.174735,0.980393,-0.091091,0.068990,0.080096,0.994397),fov=50.000000,dt=0.050666},
{cf=CFrame.new(-0.735764,-0.484686,-15.892334,0.981426,-0.182695,-0.058518,0.176917,0.979903,-0.092146,0.074177,0.080081,0.994025),fov=50.000000,dt=0.116322},
{cf=CFrame.new(-0.736633,-0.484685,-15.890228,0.981273,-0.182841,-0.060597,0.176920,0.979932,-0.091829,0.076171,0.079388,0.993929),fov=50.000000,dt=0.100610},
{cf=CFrame.new(-0.742661,-0.484685,-15.890076,0.980961,-0.183479,-0.063639,0.177332,0.979876,-0.091635,0.079172,0.078605,0.993757),fov=50.000000,dt=0.115178},
{cf=CFrame.new(-0.756485,-0.485685,-15.888672,0.980452,-0.183742,-0.070378,0.177142,0.979992,-0.090750,0.085644,0.076509,0.993384),fov=50.000000,dt=0.101281},
{cf=CFrame.new(-8.295395,-0.351645,-14.106293,0.776238,-0.155689,-0.610914,0.106139,0.987469,-0.116791,0.621441,0.025816,0.783035),fov=50.000000,dt=0.117213},
{cf=CFrame.new(-11.891953,-0.286527,-13.256516,0.582576,-0.133817,-0.801685,0.069571,0.990943,-0.114852,0.809793,0.011137,0.586609),fov=50.000000,dt=0.014538},
{cf=CFrame.new(-19.713974,-0.139512,-11.404480,0.033468,-0.077766,-0.996410,0.000194,0.996969,-0.077803,0.999440,0.002410,0.033382),fov=50.000000,dt=0.019994},
{cf=CFrame.new(-19.734818,-0.121816,-11.384476,0.033468,-0.077766,-0.996410,0.000194,0.996969,-0.077804,0.999440,0.002410,0.033382),fov=50.000000,dt=0.096972},
{cf=CFrame.new(-19.754166,-0.105031,-11.367050,0.033468,-0.077766,-0.996410,0.000194,0.996969,-0.077803,0.999440,0.002410,0.033382),fov=50.000000,dt=0.099590},
{cf=CFrame.new(-19.773880,-0.087831,-11.349258,0.033468,-0.077766,-0.996410,0.000194,0.996969,-0.077803,0.999440,0.002410,0.033382),fov=50.000000,dt=0.102140},
{cf=CFrame.new(-19.793320,-0.071800,-11.330750,0.033468,-0.077766,-0.996410,0.000194,0.996969,-0.077804,0.999440,0.002410,0.033382),fov=50.000000,dt=0.100303},
{cf=CFrame.new(-19.803360,-0.063582,-11.322296,0.033468,-0.077766,-0.996410,0.000194,0.996969,-0.077803,0.999440,0.002410,0.033382),fov=50.000000,dt=0.115340},
{cf=CFrame.new(-19.802368,-0.064686,-11.324326,0.032473,-0.077807,-0.996440,0.000156,0.996966,-0.077843,0.999473,0.002373,0.032387),fov=50.000000,dt=0.100254},
{cf=CFrame.new(-19.794327,-0.068686,-11.327560,0.029412,-0.077929,-0.996525,0.000036,0.996956,-0.077962,0.999567,0.002257,0.029326),fov=50.000000,dt=0.115521},
{cf=CFrame.new(-19.778305,-0.071858,-11.325851,0.022097,-0.077733,-0.996729,0.000254,0.996973,-0.077747,0.999756,0.001465,0.022050),fov=50.000000,dt=0.100384},
{cf=CFrame.new(-19.754471,-0.075621,-11.318756,0.011455,-0.078150,-0.996876,-0.000162,0.996941,-0.078157,0.999934,0.001056,0.011407),fov=50.000000,dt=0.100102},
{cf=CFrame.new(-19.733887,-0.077685,-11.310272,0.003133,-0.077974,-0.996950,0.000024,0.996955,-0.077975,0.999995,0.000220,0.003125),fov=50.000000,dt=0.100703},
{cf=CFrame.new(-18.708832,-0.177632,-11.107269,-0.049211,-0.082339,-0.995389,0.018499,0.996350,-0.083333,0.998617,-0.022514,-0.047508),fov=50.000000,dt=0.098948},
{cf=CFrame.new(-2.719009,-1.736685,-7.940552,-0.759611,0.002977,-0.650371,0.233849,0.934362,-0.268852,0.606882,-0.356311,-0.710448),fov=50.000000,dt=0.017539},
{cf=CFrame.new(-2.693634,-1.720000,-7.948166,-0.762010,0.002695,-0.647559,0.234064,0.933529,-0.271547,0.603783,-0.358492,-0.711990),fov=50.000000,dt=0.099205},
{cf=CFrame.new(-2.667587,-1.701807,-7.955933,-0.764688,0.002670,-0.644395,0.234091,0.932827,-0.273925,0.600378,-0.360315,-0.713947),fov=50.000000,dt=0.100308},
{cf=CFrame.new(-2.640808,-1.683815,-7.962738,-0.767130,0.002591,-0.641487,0.234082,0.932169,-0.276164,0.597258,-0.362014,-0.715702),fov=50.000000,dt=0.099422},
{cf=CFrame.new(-2.615295,-1.666969,-7.970413,-0.769285,0.002980,-0.638899,0.234678,0.931405,-0.278228,0.594245,-0.363972,-0.717215),fov=50.000000,dt=0.100660},
{cf=CFrame.new(-2.589172,-1.648793,-7.978180,-0.771698,0.003424,-0.635980,0.235138,0.930666,-0.280307,0.590925,-0.365855,-0.718998),fov=50.000000,dt=0.099785},
{cf=CFrame.new(-2.554504,-1.625866,-7.987198,-0.774470,0.003288,-0.632602,0.235185,0.929809,-0.283095,0.587268,-0.368027,-0.720883),fov=50.000000,dt=0.121991},
{cf=CFrame.new(-2.532410,-1.610664,-7.993881,-0.776652,0.003375,-0.629921,0.235133,0.929263,-0.284925,0.584400,-0.369403,-0.722508),fov=50.000000,dt=0.111921},
{cf=CFrame.new(-2.506744,-1.592748,-8.001602,-0.778872,0.003808,-0.627172,0.235636,0.928499,-0.286993,0.581236,-0.371315,-0.724079),fov=50.000000,dt=0.083746},
{cf=CFrame.new(-2.493759,-1.584685,-8.004990,-0.779966,0.003767,-0.625810,0.235677,0.928132,-0.288145,0.579749,-0.372233,-0.724799),fov=50.000000,dt=0.116517},
{cf=CFrame.new(-10.615067,-0.874350,-9.561447,-0.456853,-0.078043,-0.886112,0.152038,0.974635,-0.164226,0.876453,-0.209750,-0.433400),fov=50.000000,dt=0.049573},
{cf=CFrame.new(-19.391022,-0.107639,-11.244507,-0.014749,-0.079805,-0.996701,0.006434,0.996782,-0.079907,0.999870,-0.007591,-0.014188),fov=50.000000,dt=0.015639},
{cf=CFrame.new(-19.733826,-0.077484,-11.311234,0.003297,-0.077988,-0.996949,0.000010,0.996954,-0.077988,0.999995,0.000247,0.003288),fov=50.000000,dt=0.016915},
{cf=CFrame.new(-19.731964,-0.069804,-11.346832,0.009223,-0.077745,-0.996931,-0.000730,0.996972,-0.077755,0.999957,0.001445,0.009138),fov=50.000000,dt=0.033822},
{cf=CFrame.new(-19.730957,-0.061657,-11.383545,0.016502,-0.077911,-0.996824,-0.001979,0.996955,-0.077954,0.999862,0.003259,0.016297),fov=50.000000,dt=0.048733},
{cf=CFrame.new(-19.729095,-0.054012,-11.419144,0.023330,-0.078071,-0.996675,-0.002155,0.996940,-0.078142,0.999726,0.003971,0.023091),fov=50.000000,dt=0.051033},
{cf=CFrame.new(-19.727112,-0.046777,-11.456940,0.029986,-0.077823,-0.996516,-0.002944,0.996953,-0.077946,0.999546,0.005271,0.029665),fov=50.000000,dt=0.051699},
{cf=CFrame.new(-19.724472,-0.035683,-11.506607,0.039097,-0.077890,-0.996195,-0.004068,0.996937,-0.078108,0.999227,0.007106,0.038660),fov=50.000000,dt=0.065158},
{cf=CFrame.new(-19.723495,-0.027754,-11.542389,0.045973,-0.077559,-0.995927,-0.004778,0.996953,-0.077860,0.998931,0.008338,0.045462),fov=50.000000,dt=0.050840},
{cf=CFrame.new(-19.350449,-0.029983,-11.594147,0.021477,-0.077883,-0.996731,-0.003933,0.996947,-0.077984,0.999762,0.005595,0.021105),fov=50.000000,dt=0.049930},
{cf=CFrame.new(-9.838242,-0.216686,-12.270523,-0.660264,-0.054226,-0.749073,0.031645,0.994496,-0.099885,0.750366,-0.089655,-0.654914),fov=50.000000,dt=0.016771},
{cf=CFrame.new(-9.697723,-0.219223,-12.280426,-0.668443,-0.053419,-0.741843,0.032205,0.994403,-0.100624,0.743066,-0.091152,-0.662981),fov=50.000000,dt=0.015836},
{cf=CFrame.new(0.023010,-0.394686,-12.964691,-0.995756,0.034966,-0.085130,0.048364,0.985801,-0.160802,0.078299,-0.164237,-0.983308),fov=50.000000,dt=0.017221},
{cf=CFrame.new(-0.035965,-0.364294,-12.958328,-0.994056,0.041417,-0.100688,0.060400,0.979237,-0.193510,0.090583,-0.198442,-0.975918),fov=50.000000,dt=0.033597},
{cf=CFrame.new(-0.068542,-0.352585,-12.950729,-0.993002,0.044402,-0.109433,0.066325,0.976370,-0.205677,0.097714,-0.211496,-0.972482),fov=50.000000,dt=0.016266},
{cf=CFrame.new(-0.182693,-0.332685,-12.915802,-0.988361,0.054137,-0.142170,0.086046,0.969624,-0.228965,0.125456,-0.238533,-0.962997),fov=50.000000,dt=0.019390},
{cf=CFrame.new(-0.244446,-0.327813,-12.893585,-0.985206,0.059073,-0.160869,0.096458,0.967045,-0.235626,0.141649,-0.247657,-0.958437),fov=50.000000,dt=0.031626},
{cf=CFrame.new(-0.304321,-0.322078,-12.870773,-0.981834,0.063427,-0.178830,0.106324,0.964518,-0.241662,0.157157,-0.256286,-0.953740),fov=50.000000,dt=0.016971},
{cf=CFrame.new(-0.369492,-0.319896,-12.845993,-0.977553,0.068855,-0.199122,0.117781,0.962216,-0.245496,0.174695,-0.263438,-0.948726),fov=50.000000,dt=0.016746},
{cf=CFrame.new(-0.440063,-0.317856,-12.819489,-0.972428,0.074642,-0.220938,0.130201,0.959760,-0.248812,0.193475,-0.270718,-0.943016),fov=50.000000,dt=0.015498},
{cf=CFrame.new(-0.515854,-0.318680,-12.790405,-0.965897,0.080942,-0.245951,0.144064,0.957277,-0.250730,0.215148,-0.277612,-0.936293),fov=50.000000,dt=0.015916},
{cf=CFrame.new(-0.583267,-0.318686,-12.763519,-0.959543,0.086589,-0.267918,0.156471,0.955066,-0.251726,0.234083,-0.283464,-0.929975),fov=50.000000,dt=0.016704},
{cf=CFrame.new(-0.648926,-0.320514,-12.738510,-0.952206,0.092077,-0.291250,0.169081,0.952970,-0.251515,0.254394,-0.288739,-0.922992),fov=50.000000,dt=0.018256},
{cf=CFrame.new(-0.718582,-0.322554,-12.712036,-0.943865,0.098405,-0.315336,0.182966,0.950531,-0.251027,0.275034,-0.294631,-0.915177),fov=50.000000,dt=0.017088},
{cf=CFrame.new(-0.777969,-0.325368,-12.690872,-0.935312,0.103864,-0.338235,0.195657,0.948313,-0.249842,0.294803,-0.299859,-0.907290),fov=50.000000,dt=0.017130},
{cf=CFrame.new(-0.841492,-0.329342,-12.667740,-0.925429,0.109961,-0.362616,0.209617,0.945767,-0.248164,0.315662,-0.305669,-0.898290),fov=50.000000,dt=0.015088},
{cf=CFrame.new(-0.898102,-0.332668,-12.649399,-0.914544,0.115912,-0.387523,0.224064,0.942812,-0.246781,0.336756,-0.312522,-0.888215),fov=50.000000,dt=0.015935},
{cf=CFrame.new(-1.020752,-0.341314,-12.614929,-0.882911,0.131912,-0.450630,0.263492,0.933560,-0.242978,0.388638,-0.333265,-0.859008),fov=50.000000,dt=0.037667},
{cf=CFrame.new(-1.063019,-0.344662,-12.614594,-0.859852,0.141309,-0.490598,0.291298,0.924958,-0.244127,0.419286,-0.352823,-0.836490),fov=50.000000,dt=0.046254},
{cf=CFrame.new(-1.040192,-0.333685,-12.675293,-0.829457,0.152159,-0.537446,0.332813,0.907367,-0.256752,0.448594,-0.391833,-0.803262),fov=50.000000,dt=0.049106},
{cf=CFrame.new(-1.025299,-0.325259,-12.711304,-0.821043,0.155483,-0.549285,0.345985,0.900871,-0.262156,0.454074,-0.405286,-0.793449),fov=50.000000,dt=0.017847},
{cf=CFrame.new(-1.011841,-0.306515,-12.781082,-0.812689,0.160783,-0.560077,0.362357,0.892174,-0.269671,0.456328,-0.422106,-0.783321),fov=50.000000,dt=0.016915},
{cf=CFrame.new(-0.997589,-0.288110,-12.851944,-0.804035,0.166157,-0.570893,0.378927,0.883108,-0.276648,0.458193,-0.438762,-0.773012),fov=50.000000,dt=0.016806},
{cf=CFrame.new(-0.986237,-0.267526,-12.928436,-0.796498,0.171525,-0.579801,0.393840,0.874772,-0.282247,0.458782,-0.453158,-0.764308),fov=50.000000,dt=0.016767},
{cf=CFrame.new(-0.972687,-0.243690,-13.020477,-0.787649,0.177263,-0.590074,0.411343,0.864308,-0.289429,0.458701,-0.470691,-0.753687),fov=50.000000,dt=0.015915},
{cf=CFrame.new(-0.958847,-0.222230,-13.106598,-0.778791,0.182953,-0.600011,0.427834,0.854437,-0.294779,0.458741,-0.486276,-0.743702),fov=50.000000,dt=0.015998},
{cf=CFrame.new(-0.946732,-0.203009,-13.187607,-0.770080,0.188357,-0.609507,0.443018,0.845365,-0.298485,0.459034,-0.499880,-0.734444),fov=50.000000,dt=0.017259},
{cf=CFrame.new(-0.933319,-0.190070,-13.253433,-0.760728,0.192333,-0.619920,0.456384,0.837622,-0.300171,0.461526,-0.511270,-0.724981),fov=50.000000,dt=0.016643},
{cf=CFrame.new(-0.918106,-0.176034,-13.326233,-0.749517,0.197004,-0.631992,0.471564,0.828920,-0.300864,0.464600,-0.523527,-0.714190),fov=50.000000,dt=0.016519},
{cf=CFrame.new(-0.903732,-0.176618,-13.361099,-0.737616,0.198866,-0.645272,0.482207,0.824091,-0.297239,0.472652,-0.530403,-0.703757),fov=50.000000,dt=0.016229},
{cf=CFrame.new(-0.889221,-0.176686,-13.395370,-0.725743,0.201265,-0.657867,0.493037,0.819070,-0.293324,0.479803,-0.537231,-0.693666),fov=50.000000,dt=0.017958},
{cf=CFrame.new(-0.855408,-0.196104,-13.423157,-0.693023,0.201574,-0.692161,0.512328,0.813180,-0.276149,0.507187,-0.545991,-0.666825),fov=50.000000,dt=0.031693},
{cf=CFrame.new(-0.821030,-0.217523,-13.435745,-0.643035,0.199222,-0.739470,0.536709,0.806015,-0.249567,0.546305,-0.557361,-0.625220),fov=50.000000,dt=0.034473},
{cf=CFrame.new(-0.795563,-0.231010,-13.420319,-0.564890,0.196082,-0.801531,0.572997,0.792188,-0.210030,0.593780,-0.577919,-0.559853),fov=50.000000,dt=0.032407},
{cf=CFrame.new(-0.792557,-0.235622,-13.394043,-0.495243,0.192729,-0.847107,0.602846,0.778349,-0.175356,0.625548,-0.597519,-0.501657),fov=50.000000,dt=0.016485},
{cf=CFrame.new(-0.790894,-0.239464,-13.369110,-0.429607,0.187803,-0.883271,0.626832,0.766108,-0.141988,0.650015,-0.614662,-0.446846),fov=50.000000,dt=0.017362},
{cf=CFrame.new(-0.806549,-0.242671,-13.327484,-0.330128,0.179751,-0.926664,0.659626,0.746155,-0.090258,0.675211,-0.641048,-0.364895),fov=50.000000,dt=0.033878},
{cf=CFrame.new(-1.127335,13.513371,-14.218124,-0.058628,0.661795,-0.747389,0.498492,0.668061,0.552449,0.864909,-0.340179,-0.369066),fov=50.000000,dt=0.016263},
{cf=CFrame.new(-1.171707,15.503862,-14.347839,-0.031455,0.721332,-0.691875,0.457853,0.625718,0.631543,0.888471,-0.296912,-0.349946),fov=50.000000,dt=0.017656},
{cf=CFrame.new(-1.390518,30.707317,-15.385406,0.007706,0.993665,-0.112122,0.069262,0.111326,0.991367,0.997569,-0.015405,-0.067966),fov=50.000000,dt=0.014590},
{cf=CFrame.new(-1.261246,30.626225,-15.430115,-0.020166,0.993544,-0.111638,0.068318,0.112769,0.991270,0.997460,0.012363,-0.070151),fov=50.000000,dt=0.019486},
{cf=CFrame.new(-1.120926,30.536659,-15.478958,-0.051072,0.992425,-0.111731,0.065685,0.114973,0.991195,0.996533,0.043283,-0.071060),fov=50.000000,dt=0.014739},
{cf=CFrame.new(-0.988907,30.453205,-15.524002,-0.079460,0.990629,-0.111091,0.063173,0.116224,0.991212,0.994834,0.071744,-0.071816),fov=50.000000,dt=0.015842},
{cf=CFrame.new(-0.841385,30.358387,-15.575592,-0.112790,0.987433,-0.110705,0.060678,0.118053,0.991152,0.991765,0.105075,-0.073231),fov=50.000000,dt=0.018821},
{cf=CFrame.new(-0.715256,30.278667,-15.619507,-0.139652,0.984021,-0.110456,0.057870,0.119469,0.991150,0.988508,0.132024,-0.073629),fov=50.000000,dt=0.016496},
{cf=CFrame.new(-0.576447,30.188869,-15.668427,-0.170516,0.979268,-0.109355,0.055545,0.120356,0.991176,0.983788,0.162937,-0.074916),fov=50.000000,dt=0.015061},
{cf=CFrame.new(-0.445969,30.104267,-15.713577,-0.199694,0.973774,-0.109028,0.052609,0.121764,0.991164,0.978445,0.192193,-0.075545),fov=50.000000,dt=0.018833},
{cf=CFrame.new(-0.169754,29.925415,-15.811264,-0.260942,0.959349,-0.107512,0.047177,0.123910,0.991171,0.964201,0.253566,-0.077593),fov=50.000000,dt=0.019041},
{cf=CFrame.new(-0.033035,29.835590,-15.860123,-0.291656,0.950623,-0.106080,0.044501,0.124267,0.991250,0.955488,0.284383,-0.078547),fov=50.000000,dt=0.029009},
{cf=CFrame.new(0.095139,29.751789,-15.906601,-0.319717,0.941619,-0.105522,0.041294,0.125108,0.991284,0.946613,0.312572,-0.078882),fov=50.000000,dt=0.016945},
{cf=CFrame.new(0.238632,29.656754,-15.958313,-0.350975,0.930554,-0.104331,0.038838,0.125789,0.991297,0.935579,0.343869,-0.080290),fov=50.000000,dt=0.016743},
{cf=CFrame.new(0.358917,29.577557,-16.002243,-0.376848,0.920449,-0.103731,0.036491,0.126653,0.991276,0.925556,0.369775,-0.081317),fov=50.000000,dt=0.016471},
{cf=CFrame.new(0.493439,29.487797,-16.052002,-0.406120,0.907993,-0.103031,0.033794,0.127593,0.991251,0.913195,0.399085,-0.082503),fov=50.000000,dt=0.016752},
{cf=CFrame.new(0.628662,29.398037,-16.101776,-0.434667,0.894741,-0.102485,0.030423,0.128321,0.991266,0.900077,0.427753,-0.082997),fov=50.000000,dt=0.016512},
{cf=CFrame.new(0.755127,29.313564,-16.148590,-0.460752,0.881669,-0.101818,0.026994,0.128589,0.991331,0.887118,0.454009,-0.083048),fov=50.000000,dt=0.017031},
{cf=CFrame.new(1.032761,29.127316,-16.252792,-0.517839,0.849649,-0.099701,0.021566,0.129472,0.991349,0.855206,0.511209,-0.085369),fov=50.000000,dt=0.034513},
{cf=CFrame.new(1.147232,29.049335,-16.296371,-0.540690,0.835411,-0.098708,0.018865,0.129350,0.991419,0.841010,0.534188,-0.085698),fov=50.000000,dt=0.014312},
{cf=CFrame.new(1.280319,28.959530,-16.347961,-0.567122,0.817837,-0.097541,0.015719,0.129154,0.991500,0.823484,0.560768,-0.086102),fov=50.000000,dt=0.018194},
{cf=CFrame.new(1.420273,28.864582,-16.402679,-0.593624,0.798975,-0.096173,0.012269,0.128479,0.991636,0.804649,0.587479,-0.086071),fov=50.000000,dt=0.016329},
{cf=CFrame.new(1.544586,28.779243,-16.451309,-0.616824,0.781272,-0.095618,0.009828,0.129117,0.991581,0.787040,0.610691,-0.087321),fov=50.000000,dt=0.016527},
{cf=CFrame.new(1.669846,28.694134,-16.500305,-0.639732,0.762743,-0.094687,0.006991,0.128963,0.991625,0.768566,0.633713,-0.087834),fov=50.000000,dt=0.015714},
{cf=CFrame.new(1.808838,28.599068,-16.556061,-0.664253,0.741646,-0.093433,0.003646,0.128206,0.991741,0.747499,0.658426,-0.087866),fov=50.000000,dt=0.016516},
{cf=CFrame.new(1.933258,28.513626,-16.605698,-0.685428,0.722232,-0.092574,0.000880,0.127959,0.991779,0.728140,0.679712,-0.088343),fov=50.000000,dt=0.017402},
{cf=CFrame.new(2.070358,28.370525,-16.653030,-0.707158,0.700889,-0.093181,-0.002901,0.128909,0.991652,0.707050,0.701525,-0.089126),fov=50.000000,dt=0.017218},
{cf=CFrame.new(2.096848,28.339497,-16.661560,-0.711257,0.696691,-0.093460,-0.003744,0.129200,0.991611,0.702922,0.705641,-0.089286),fov=50.000000,dt=0.016675},
{cf=CFrame.new(2.383209,27.968315,-16.747452,-0.753810,0.649704,-0.098262,-0.014271,0.133318,0.990970,0.656938,0.748405,-0.091225),fov=50.000000,dt=0.016596},
{cf=CFrame.new(2.521530,27.757172,-16.782852,-0.773144,0.625937,-0.102231,-0.020404,0.136557,0.990422,0.633902,0.767825,-0.092807),fov=50.000000,dt=0.016169},
{cf=CFrame.new(2.680206,27.488750,-16.815384,-0.796613,0.595221,-0.105446,-0.026608,0.139742,0.989830,0.603904,0.791318,-0.095483),fov=50.000000,dt=0.015824},
{cf=CFrame.new(2.829315,27.233805,-16.845139,-0.817622,0.565197,-0.109754,-0.033669,0.143364,0.989097,0.574770,0.812403,-0.098188),fov=50.000000,dt=0.017042},
{cf=CFrame.new(2.851395,27.193085,-16.848389,-0.821020,0.560164,-0.110190,-0.034639,0.143777,0.989004,0.569847,0.815809,-0.098641),fov=50.000000,dt=0.017020},
{cf=CFrame.new(3.109543,26.716314,-16.886185,-0.858522,0.499706,-0.115043,-0.046147,0.148151,0.987888,0.510697,0.853432,-0.104131),fov=50.000000,dt=0.016114},
{cf=CFrame.new(3.244919,26.456985,-16.898041,-0.879241,0.462335,-0.114810,-0.050098,0.149929,0.987427,0.473735,0.873938,-0.108662),fov=50.000000,dt=0.017023},
{cf=CFrame.new(3.373749,26.208324,-16.910309,-0.897562,0.425563,-0.115238,-0.054981,0.151297,0.986958,0.437448,0.892191,-0.112401),fov=50.000000,dt=0.017866},
{cf=CFrame.new(3.501312,25.965307,-16.916183,-0.916407,0.384125,-0.112461,-0.057113,0.152607,0.986636,0.396154,0.910582,-0.117911),fov=50.000000,dt=0.015122},
{cf=CFrame.new(3.627899,25.721739,-16.921722,-0.933449,0.341473,-0.109864,-0.059697,0.154123,0.986247,0.353709,0.927169,-0.123481),fov=50.000000,dt=0.018069},
{cf=CFrame.new(3.761536,25.474447,-16.923996,-0.951434,0.290336,-0.102363,-0.058859,0.154817,0.986188,0.302174,0.944318,-0.130209),fov=50.000000,dt=0.016569},
{cf=CFrame.new(3.894196,25.229725,-16.924820,-0.966934,0.236719,-0.094890,-0.058531,0.156156,0.985997,0.248221,0.958947,-0.137137),fov=50.000000,dt=0.015738},
{cf=CFrame.new(4.034500,24.991512,-16.925583,-0.981493,0.173416,-0.081237,-0.054077,0.155964,0.986281,0.183707,0.972421,-0.143700),fov=50.000000,dt=0.019561},
{cf=CFrame.new(4.161118,24.778292,-16.925308,-0.991190,0.114073,-0.067313,-0.049038,0.156047,0.986532,0.123041,0.981141,-0.149078),fov=50.000000,dt=0.013339},
{cf=CFrame.new(4.295914,24.582150,-16.927032,-0.997909,0.043515,-0.047792,-0.040479,0.155700,0.986975,0.050390,0.986846,-0.153614),fov=50.000000,dt=0.016470},
{cf=CFrame.new(4.414001,24.410868,-16.929474,-0.999410,-0.018913,-0.028677,-0.031290,0.156672,0.987155,-0.014177,0.987470,-0.157171),fov=50.000000,dt=0.018238},
{cf=CFrame.new(4.561279,24.242140,-16.939377,-0.994701,-0.102805,0.001068,-0.015317,0.158451,0.987248,-0.101664,0.982000,-0.159186),fov=50.000000,dt=0.015624},
{cf=CFrame.new(4.700027,24.086859,-16.949463,-0.982837,-0.182178,0.029045,-0.000656,0.160894,0.986972,-0.184478,0.970013,-0.158252),fov=50.000000,dt=0.017321},
{cf=CFrame.new(4.830948,23.990843,-16.971069,-0.964320,-0.257826,0.060102,0.017518,0.164382,0.986241,-0.264158,0.952105,-0.154000),fov=50.000000,dt=0.017290},
{cf=CFrame.new(4.978256,23.884106,-16.994522,-0.935411,-0.340587,0.094912,0.037797,0.170578,0.984619,-0.351538,0.924610,-0.146687),fov=50.000000,dt=0.015444},
{cf=CFrame.new(5.142578,23.828365,-17.035110,-0.894110,-0.426996,0.135062,0.062861,0.178939,0.981850,-0.443414,0.886372,-0.133150),fov=50.000000,dt=0.016423},
{cf=CFrame.new(5.309525,23.777491,-17.077591,-0.842784,-0.509261,0.174265,0.087389,0.190003,0.977887,-0.531111,0.839376,-0.115628),fov=50.000000,dt=0.017060},
{cf=CFrame.new(5.474304,23.733114,-17.133911,-0.787066,-0.580137,0.209685,0.109250,0.203454,0.972970,-0.607117,0.788700,-0.096752),fov=50.000000,dt=0.017523},
{cf=CFrame.new(5.650925,23.686232,-17.194107,-0.720314,-0.649221,0.244253,0.130229,0.219293,0.966929,-0.681314,0.728301,-0.073412),fov=50.000000,dt=0.017284},
{cf=CFrame.new(5.742371,23.386894,-17.238907,-0.680982,-0.686501,0.254914,0.122520,0.236386,0.963904,-0.721979,0.687633,-0.076865),fov=50.000000,dt=0.015238},
{cf=CFrame.new(5.837280,23.021242,-17.288147,-0.637582,-0.723188,0.265495,0.110032,0.255609,0.960498,-0.762484,0.641610,-0.083398),fov=50.000000,dt=0.016668},
{cf=CFrame.new(-5.874329,12.224075,-15.273041,-0.878226,-0.165533,-0.448685,-0.436751,0.659849,0.611431,0.194853,0.732938,-0.651793),fov=50.000000,dt=0.017128},
{cf=CFrame.new(-18.154984,0.922547,-13.158615,-0.078110,-0.037486,-0.996240,-0.105567,0.993986,-0.029124,0.991340,0.102895,-0.081598),fov=50.000000,dt=0.016010},
{cf=CFrame.new(-19.764114,-0.820667,-13.782562,0.052446,-0.077711,-0.995596,-0.005989,0.996925,-0.078130,0.998606,0.010060,0.051819),fov=50.000000,dt=0.016553},
{cf=CFrame.new(-19.765442,-0.865280,-13.946030,0.052446,-0.077711,-0.995596,-0.005989,0.996925,-0.078130,0.998606,0.010060,0.051819),fov=50.000000,dt=0.016913},
{cf=CFrame.new(-19.768295,-1.220688,-15.572021,0.052446,-0.077711,-0.995596,-0.005989,0.996925,-0.078130,0.998606,0.010060,0.051819),fov=50.000000,dt=0.016714},
{cf=CFrame.new(-19.758987,-1.283294,-16.225586,0.052446,-0.077711,-0.995596,-0.005989,0.996925,-0.078130,0.998606,0.010060,0.051819),fov=50.000000,dt=0.016153},
{cf=CFrame.new(-19.711624,-1.093083,-17.095596,0.052446,-0.077711,-0.995596,-0.005989,0.996925,-0.078130,0.998606,0.010060,0.051819),fov=50.000000,dt=0.020353},
{cf=CFrame.new(-19.680176,-0.905947,-17.384171,0.052446,-0.077711,-0.995596,-0.005989,0.996925,-0.078130,0.998606,0.010060,0.051819),fov=50.000000,dt=0.029693},
{cf=CFrame.new(-19.676178,-0.880884,-17.415924,0.052446,-0.077711,-0.995596,-0.005989,0.996925,-0.078130,0.998606,0.010060,0.051819),fov=50.000000,dt=0.017531},
{cf=CFrame.new(-19.617554,-0.507684,-17.865250,0.052446,-0.077711,-0.995596,-0.005989,0.996925,-0.078130,0.998606,0.010060,0.051819),fov=50.000000,dt=0.016686},
{cf=CFrame.new(-19.562912,-0.156684,-18.264969,0.052446,-0.077711,-0.995596,-0.005989,0.996925,-0.078130,0.998606,0.010060,0.051819),fov=50.000000,dt=0.032493},
{cf=CFrame.new(-19.541107,-0.019858,-18.454025,0.052446,-0.077711,-0.995596,-0.005989,0.996925,-0.078130,0.998606,0.010060,0.051819),fov=50.000000,dt=0.016947},
{cf=CFrame.new(-19.526093,0.050527,-18.695770,0.052446,-0.077711,-0.995596,-0.005989,0.996925,-0.078130,0.998606,0.010060,0.051819),fov=50.000000,dt=0.017728},
{cf=CFrame.new(-19.512573,0.115761,-18.938889,0.052446,-0.077711,-0.995596,-0.005989,0.996925,-0.078130,0.998606,0.010060,0.051819),fov=50.000000,dt=0.015183},
{cf=CFrame.new(-19.506088,0.118248,-19.188065,0.052446,-0.077711,-0.995596,-0.005989,0.996925,-0.078130,0.998606,0.010060,0.051819),fov=50.000000,dt=0.018411},
{cf=CFrame.new(-19.496490,0.080992,-19.736801,0.052446,-0.077711,-0.995596,-0.005989,0.996925,-0.078130,0.998606,0.010060,0.051819),fov=50.000000,dt=0.032293},
{cf=CFrame.new(-19.495010,0.045313,-19.989594,0.052446,-0.077711,-0.995596,-0.005989,0.996925,-0.078130,0.998606,0.010060,0.051819),fov=50.000000,dt=0.016310},
{cf=CFrame.new(-19.495010,-0.006252,-20.224609,0.052446,-0.077711,-0.995596,-0.005989,0.996925,-0.078130,0.998606,0.010060,0.051819),fov=50.000000,dt=0.018176},
{cf=CFrame.new(-19.495010,-0.061309,-20.474548,0.052446,-0.077711,-0.995596,-0.005989,0.996925,-0.078130,0.998606,0.010060,0.051819),fov=50.000000,dt=0.014652},
{cf=CFrame.new(-19.494995,-0.104643,-20.665314,0.052446,-0.077711,-0.995596,-0.005989,0.996925,-0.078130,0.998606,0.010060,0.051819),fov=50.000000,dt=0.018224},
{cf=CFrame.new(-19.495041,-0.153809,-20.881531,0.052446,-0.077711,-0.995596,-0.005989,0.996925,-0.078130,0.998606,0.010060,0.051819),fov=50.000000,dt=0.015517},
{cf=CFrame.new(-19.491714,-0.182175,-21.061707,0.052446,-0.077711,-0.995596,-0.005989,0.996925,-0.078130,0.998606,0.010060,0.051819),fov=50.000000,dt=0.016483},
{cf=CFrame.new(-19.489548,-0.203783,-21.207672,0.052446,-0.077711,-0.995596,-0.005989,0.996925,-0.078130,0.998606,0.010060,0.051819),fov=50.000000,dt=0.018143},
{cf=CFrame.new(-19.485092,-0.210282,-21.333557,0.052446,-0.077711,-0.995596,-0.005989,0.996925,-0.078130,0.998606,0.010060,0.051819),fov=50.000000,dt=0.016087},
{cf=CFrame.new(-19.480362,-0.215284,-21.454147,0.052446,-0.077711,-0.995596,-0.005989,0.996925,-0.078130,0.998606,0.010060,0.051819),fov=50.000000,dt=0.015837},
{cf=CFrame.new(-19.475067,-0.211284,-21.537735,0.052446,-0.077711,-0.995596,-0.005989,0.996925,-0.078130,0.998606,0.010060,0.051819),fov=50.000000,dt=0.018383},
{cf=CFrame.new(-19.462448,-0.200686,-21.690216,0.052446,-0.077711,-0.995596,-0.005989,0.996925,-0.078130,0.998606,0.010060,0.051819),fov=50.000000,dt=0.031611},
{cf=CFrame.new(-19.457764,-0.196291,-21.742233,0.052446,-0.077711,-0.995596,-0.005989,0.996925,-0.078130,0.998606,0.010060,0.051819),fov=50.000000,dt=0.017902},
{cf=CFrame.new(-19.451508,-0.195688,-21.787949,0.052446,-0.077711,-0.995596,-0.005989,0.996925,-0.078130,0.998606,0.010060,0.051819),fov=50.000000,dt=0.015887},
{cf=CFrame.new(-19.446793,-0.194768,-21.826492,0.052446,-0.077711,-0.995596,-0.005989,0.996925,-0.078130,0.998606,0.010060,0.051819),fov=50.000000,dt=0.017999},
{cf=CFrame.new(-19.438248,-0.197487,-21.876602,0.052446,-0.077711,-0.995596,-0.005989,0.996925,-0.078130,0.998606,0.010060,0.051819),fov=50.000000,dt=0.031723},
{cf=CFrame.new(-19.433441,-0.189860,-21.774811,0.052446,-0.077711,-0.995596,-0.005989,0.996925,-0.078130,0.998606,0.010060,0.051819),fov=50.000000,dt=0.051162},
{cf=CFrame.new(-19.434372,-0.176695,-21.631882,0.052446,-0.077711,-0.995596,-0.005989,0.996925,-0.078130,0.998606,0.010060,0.051819),fov=50.000000,dt=0.015165},
{cf=CFrame.new(-19.435516,-0.142696,-21.062744,0.052446,-0.077711,-0.995596,-0.005989,0.996925,-0.078130,0.998606,0.010060,0.051819),fov=50.000000,dt=0.017262},
{cf=CFrame.new(-19.435516,-0.140106,-21.008484,0.052446,-0.077711,-0.995596,-0.005989,0.996925,-0.078130,0.998606,0.010060,0.051819),fov=50.000000,dt=0.016318},
{cf=CFrame.new(-19.432388,-0.117837,-20.164703,0.052446,-0.077711,-0.995596,-0.005989,0.996925,-0.078130,0.998606,0.010060,0.051819),fov=50.000000,dt=0.017735},
{cf=CFrame.new(-19.429703,-0.127743,-19.944138,0.052446,-0.077711,-0.995596,-0.005989,0.996925,-0.078130,0.998606,0.010060,0.051819),fov=50.000000,dt=0.017203},
{cf=CFrame.new(-19.429092,-0.138687,-19.888428,0.052446,-0.077711,-0.995596,-0.005989,0.996925,-0.078130,0.998606,0.010060,0.051819),fov=50.000000,dt=0.016103},
{cf=CFrame.new(-19.429520,-0.147687,-19.727356,0.052446,-0.077711,-0.995596,-0.005989,0.996925,-0.078130,0.998606,0.010060,0.051819),fov=50.000000,dt=0.033768},
{cf=CFrame.new(-19.430771,-0.144114,-19.598618,0.052446,-0.077711,-0.995596,-0.005989,0.996925,-0.078130,0.998606,0.010060,0.051819),fov=50.000000,dt=0.018848},
{cf=CFrame.new(-19.433228,-0.128685,-19.366104,0.052446,-0.077711,-0.995596,-0.005989,0.996925,-0.078130,0.998606,0.010060,0.051819),fov=50.000000,dt=0.031029},
{cf=CFrame.new(-19.433395,-0.124536,-19.313812,0.052446,-0.077711,-0.995596,-0.005989,0.996925,-0.078130,0.998606,0.010060,0.051819),fov=50.000000,dt=0.016371},
{cf=CFrame.new(-19.433594,-0.119742,-19.253387,0.052446,-0.077711,-0.995596,-0.005989,0.996925,-0.078130,0.998606,0.010060,0.051819),fov=50.000000,dt=0.016156},
{cf=CFrame.new(-19.432892,-0.117759,-19.248917,0.052446,-0.077711,-0.995596,-0.005989,0.996925,-0.078130,0.998606,0.010060,0.051819),fov=50.000000,dt=0.100421},
{cf=CFrame.new(-19.431396,-0.119581,-19.297989,0.052446,-0.077711,-0.995596,-0.005989,0.996925,-0.078130,0.998606,0.010060,0.051819),fov=50.000000,dt=0.118846},
{cf=CFrame.new(-19.430893,-0.123595,-19.387207,0.052446,-0.077711,-0.995596,-0.005989,0.996925,-0.078130,0.998606,0.010060,0.051819),fov=50.000000,dt=0.032447},
{cf=CFrame.new(-19.430481,-0.126496,-19.473557,0.052446,-0.077711,-0.995596,-0.005989,0.996925,-0.078130,0.998606,0.010060,0.051819),fov=50.000000,dt=0.014543},
{cf=CFrame.new(-19.429535,-0.129554,-19.682098,0.052446,-0.077711,-0.995596,-0.005989,0.996925,-0.078130,0.998606,0.010060,0.051819),fov=50.000000,dt=0.016997},
{cf=CFrame.new(-19.429550,-0.133588,-19.899231,0.052446,-0.077711,-0.995596,-0.005989,0.996925,-0.078130,0.998606,0.010060,0.051819),fov=50.000000,dt=0.019011},
{cf=CFrame.new(-19.430527,-0.135556,-20.135422,0.052446,-0.077711,-0.995596,-0.005989,0.996925,-0.078130,0.998606,0.010060,0.051819),fov=50.000000,dt=0.013425},
{cf=CFrame.new(-19.430618,-0.138548,-20.386261,0.052446,-0.077711,-0.995596,-0.005989,0.996925,-0.078130,0.998606,0.010060,0.051819),fov=50.000000,dt=0.019245},
{cf=CFrame.new(-19.432144,-0.144253,-20.767212,0.052446,-0.077711,-0.995595,-0.005989,0.996925,-0.078130,0.998606,0.010060,0.051819),fov=50.000000,dt=0.035054},
{cf=CFrame.new(-19.430466,-0.189779,-20.743774,0.052446,-0.077711,-0.995595,-0.005989,0.996925,-0.078130,0.998606,0.010060,0.051819),fov=50.000000,dt=0.063177},
{cf=CFrame.new(-19.429260,-0.254683,-20.666748,0.052446,-0.077711,-0.995596,-0.005989,0.996925,-0.078130,0.998606,0.010060,0.051819),fov=50.000000,dt=0.034142},
{cf=CFrame.new(-19.429199,-0.283522,-20.632492,0.052446,-0.077711,-0.995596,-0.005989,0.996925,-0.078130,0.998606,0.010060,0.051819),fov=50.000000,dt=0.018481},
{cf=CFrame.new(-19.428131,-0.318109,-20.591431,0.052446,-0.077711,-0.995596,-0.005989,0.996925,-0.078130,0.998606,0.010060,0.051819),fov=50.000000,dt=0.013667},
{cf=CFrame.new(-19.427444,-0.338105,-20.567810,0.052446,-0.077711,-0.995596,-0.005989,0.996925,-0.078130,0.998606,0.010060,0.051819),fov=50.000000,dt=0.018027},
{cf=CFrame.new(-19.427612,-0.359636,-20.542175,0.052446,-0.077711,-0.995596,-0.005989,0.996925,-0.078130,0.998606,0.010060,0.051819),fov=50.000000,dt=0.017099},
{cf=CFrame.new(-19.414948,-0.205734,-20.687119,0.052446,-0.077711,-0.995596,-0.005989,0.996925,-0.078130,0.998606,0.010060,0.051819),fov=50.000000,dt=0.052322},
{cf=CFrame.new(-19.409378,-0.155106,-20.806122,0.052446,-0.077711,-0.995596,-0.005989,0.996925,-0.078130,0.998606,0.010060,0.051819),fov=50.000000,dt=0.030875},
{cf=CFrame.new(-19.403656,-0.093850,-20.949539,0.052446,-0.077711,-0.995596,-0.005989,0.996925,-0.078130,0.998606,0.010060,0.051819),fov=50.000000,dt=0.014970},
{cf=CFrame.new(-19.399902,-0.081542,-21.120712,0.052446,-0.077711,-0.995596,-0.005989,0.996925,-0.078130,0.998606,0.010060,0.051819),fov=50.000000,dt=0.018344},
{cf=CFrame.new(-19.397079,-0.070982,-21.294540,0.052446,-0.077711,-0.995596,-0.005989,0.996925,-0.078130,0.998606,0.010060,0.051819),fov=50.000000,dt=0.016856},
{cf=CFrame.new(-19.394684,-0.084112,-21.496445,0.052446,-0.077711,-0.995596,-0.005989,0.996925,-0.078130,0.998606,0.010060,0.051819),fov=50.000000,dt=0.017009},
{cf=CFrame.new(-19.394211,-0.087355,-21.532486,0.052446,-0.077711,-0.995596,-0.005989,0.996925,-0.078130,0.998606,0.010060,0.051819),fov=50.000000,dt=0.015923},
{cf=CFrame.new(-19.388626,-0.125684,-21.908401,0.052446,-0.077711,-0.995596,-0.005989,0.996925,-0.078130,0.998606,0.010060,0.051819),fov=50.000000,dt=0.016685},
{cf=CFrame.new(-19.386337,-0.146355,-22.080200,0.052446,-0.077711,-0.995596,-0.005989,0.996925,-0.078130,0.998606,0.010060,0.051819),fov=50.000000,dt=0.017023},
{cf=CFrame.new(-19.385818,-0.149714,-22.111801,0.052446,-0.077711,-0.995596,-0.005989,0.996925,-0.078130,0.998606,0.010060,0.051819),fov=50.000000,dt=0.017396},
{cf=CFrame.new(-19.379211,-0.175686,-22.420868,0.052446,-0.077711,-0.995596,-0.005989,0.996925,-0.078130,0.998606,0.010060,0.051819),fov=50.000000,dt=0.015320},
{cf=CFrame.new(-19.375259,-0.179275,-22.534073,0.052446,-0.077711,-0.995596,-0.005989,0.996925,-0.078130,0.998606,0.010060,0.051819),fov=50.000000,dt=0.017901},
{cf=CFrame.new(-19.366028,-0.180696,-22.764023,0.052446,-0.077711,-0.995596,-0.005989,0.996925,-0.078130,0.998606,0.010060,0.051819),fov=50.000000,dt=0.017455},
{cf=CFrame.new(-19.361801,-0.177812,-22.852707,0.052446,-0.077711,-0.995596,-0.005989,0.996925,-0.078130,0.998606,0.010060,0.051819),fov=50.000000,dt=0.031581},
{cf=CFrame.new(-19.354034,-0.167685,-22.976822,0.052446,-0.077711,-0.995596,-0.005989,0.996925,-0.078130,0.998606,0.010060,0.051819),fov=50.000000,dt=0.034010},
{cf=CFrame.new(-19.349762,-0.158772,-23.035339,0.052446,-0.077711,-0.995596,-0.005989,0.996925,-0.078130,0.998606,0.010060,0.051819),fov=50.000000,dt=0.031944},
{cf=CFrame.new(-19.348633,-0.158684,-22.997864,0.052446,-0.077711,-0.995596,-0.005989,0.996925,-0.078130,0.998606,0.010060,0.051819),fov=50.000000,dt=0.034812},
{cf=CFrame.new(-19.341171,-0.166481,-22.702744,0.052446,-0.077711,-0.995596,-0.005989,0.996925,-0.078130,0.998606,0.010060,0.051819),fov=50.000000,dt=0.019278},
{cf=CFrame.new(-19.336685,-0.171237,-22.511261,0.052446,-0.077711,-0.995596,-0.005989,0.996925,-0.078130,0.998606,0.010060,0.051819),fov=50.000000,dt=0.028806},
{cf=CFrame.new(-19.330551,-0.176645,-22.292908,0.052446,-0.077711,-0.995596,-0.005989,0.996925,-0.078130,0.998606,0.010060,0.051819),fov=50.000000,dt=0.018600},
