-- This thing is too long
local Players = game:GetService('Players')
local RunService = game:GetService('RunService')

local player = Players.LocalPlayer
local camera = workspace.CurrentCamera

local root = player.Character:WaitForChild('HumanoidRootPart')

camera.CameraType = Enum.CameraType.Scriptable

local frames = {
	{cf=CFrame.new(9.686623,6.831951,5.830064,0.515672,-0.365467,0.774930,-0.000000,0.904461,0.426556,-0.856786,-0.219963,0.466405),fov=70.000000,dt=0.020334},
	{cf=CFrame.new(9.686623,6.831953,5.830064,0.515672,-0.365467,0.774930,-0.000000,0.904461,0.426556,-0.856786,-0.219963,0.466405),fov=70.000000,dt=0.016641},
	{cf=CFrame.new(9.686623,6.831952,5.830064,0.515672,-0.365467,0.774930,-0.000000,0.904461,0.426556,-0.856786,-0.219963,0.466405),fov=70.000000,dt=0.022245},
	{cf=CFrame.new(9.686623,6.831951,5.830064,0.515672,-0.365467,0.774930,-0.000000,0.904461,0.426556,-0.856786,-0.219963,0.466405),fov=70.000000,dt=0.015651},
	{cf=CFrame.new(9.686623,6.831951,5.830064,0.515672,-0.365467,0.774930,-0.000000,0.904461,0.426556,-0.856786,-0.219963,0.466405),fov=70.000000,dt=0.025513},
	{cf=CFrame.new(9.686623,6.831951,5.830065,0.515672,-0.365467,0.774930,0.000000,0.904461,0.426556,-0.856786,-0.219963,0.466405),fov=70.000000,dt=0.011756},
	{cf=CFrame.new(9.686623,6.831951,5.830065,0.515672,-0.365467,0.774930,0.000000,0.904461,0.426556,-0.856786,-0.219963,0.466405),fov=70.000000,dt=0.014555},
	{cf=CFrame.new(9.686623,6.831950,5.830066,0.515672,-0.365467,0.774930,0.000000,0.904461,0.426556,-0.856786,-0.219963,0.466405),fov=70.000000,dt=0.018979},
	{cf=CFrame.new(13.508492,-0.000000,10.526681,-0.001544,0.000000,0.999999,0.000000,1.000000,0.000000,-0.999999,-0.000000,-0.001544),fov=70.000000,dt=0.027078},
	{cf=CFrame.new(13.508499,-0.000000,10.532546,-0.001544,0.000000,0.999999,0.000000,1.000000,0.000000,-0.999999,-0.000000,-0.001544),fov=70.000000,dt=0.009494},
	{cf=CFrame.new(13.508499,-0.000000,10.536651,-0.001544,0.000000,0.999999,0.000000,1.000000,0.000000,-0.999999,-0.000000,-0.001544),fov=70.000000,dt=0.010634},
	{cf=CFrame.new(13.508499,-0.000000,10.549839,-0.001544,0.000000,0.999999,0.000000,1.000000,0.000000,-0.999999,-0.000000,-0.001544),fov=70.000000,dt=0.018395},
	{cf=CFrame.new(13.508499,-0.000000,10.563687,-0.001544,0.000000,0.999999,0.000000,1.000000,0.000000,-0.999999,-0.000000,-0.001544),fov=70.000000,dt=0.017459},
	{cf=CFrame.new(13.508499,-0.000000,10.580042,-0.001544,0.000000,0.999999,0.000000,1.000000,0.000000,-0.999999,-0.000000,-0.001544),fov=70.000000,dt=0.014588},
	{cf=CFrame.new(13.508499,-0.000000,10.598692,-0.001544,0.000000,0.999999,0.000000,1.000000,0.000000,-0.999999,-0.000000,-0.001544),fov=70.000000,dt=0.017976},
	{cf=CFrame.new(13.508499,-0.000000,10.619429,-0.001544,0.000000,0.999999,0.000000,1.000000,0.000000,-0.999999,-0.000000,-0.001544),fov=70.000000,dt=0.015630},
	{cf=CFrame.new(13.508499,-0.000000,10.642043,-0.001544,0.000000,0.999999,0.000000,1.000000,0.000000,-0.999999,-0.000000,-0.001544),fov=70.000000,dt=0.017914},
	{cf=CFrame.new(13.508499,-0.000000,10.666327,-0.001544,0.000000,0.999999,0.000000,1.000000,0.000000,-0.999999,-0.000000,-0.001544),fov=70.000000,dt=0.018358},
	{cf=CFrame.new(13.508499,-0.000000,10.692071,-0.001544,0.000000,0.999999,0.000000,1.000000,0.000000,-0.999999,-0.000000,-0.001544),fov=70.000000,dt=0.016569},
	{cf=CFrame.new(13.508499,0.000000,10.719066,-0.001544,0.000000,0.999999,0.000000,1.000000,0.000000,-0.999999,-0.000000,-0.001544),fov=70.000000,dt=0.015010},
	{cf=CFrame.new(13.508499,0.000000,10.747104,-0.001544,0.000000,0.999999,0.000000,1.000000,0.000000,-0.999999,-0.000000,-0.001544),fov=70.000000,dt=0.016261},
	{cf=CFrame.new(13.508499,0.000000,10.775974,-0.001544,0.000000,0.999999,0.000000,1.000000,0.000000,-0.999999,-0.000000,-0.001544),fov=70.000000,dt=0.015757},
	{cf=CFrame.new(13.508499,0.000000,10.798096,-0.001544,0.000000,0.999999,0.000000,1.000000,0.000000,-0.999999,-0.000000,-0.001544),fov=70.000000,dt=0.016283},
	{cf=CFrame.new(13.508499,0.000000,10.835380,-0.001544,0.000000,0.999999,0.000000,1.000000,0.000000,-0.999999,-0.000000,-0.001544),fov=70.000000,dt=0.017982},
	{cf=CFrame.new(13.508492,0.000000,10.865497,-0.001544,0.000000,0.999999,0.000000,1.000000,0.000000,-0.999999,-0.000000,-0.001544),fov=70.000000,dt=0.015306},
	{cf=CFrame.new(13.508499,0.000000,10.895610,-0.001544,0.000000,0.999999,0.000000,1.000000,0.000000,-0.999999,-0.000000,-0.001544),fov=70.000000,dt=0.018224},
	{cf=CFrame.new(13.508499,0.000000,10.925513,-0.001544,0.000000,0.999999,0.000000,1.000000,0.000000,-0.999999,-0.000000,-0.001544),fov=70.000000,dt=0.015691},
	{cf=CFrame.new(13.508499,0.000000,10.954996,-0.001544,0.000000,0.999999,0.000000,1.000000,0.000000,-0.999999,-0.000000,-0.001544),fov=70.000000,dt=0.016354},
	{cf=CFrame.new(13.508499,0.000000,10.983849,-0.001544,0.000000,0.999999,0.000000,1.000000,0.000000,-0.999999,-0.000000,-0.001544),fov=70.000000,dt=0.018500},
	{cf=CFrame.new(13.508499,0.000000,11.011863,-0.001544,0.000000,0.999999,0.000000,1.000000,0.000000,-0.999999,-0.000000,-0.001544),fov=70.000000,dt=0.014988},
	{cf=CFrame.new(13.508499,0.000000,11.038831,-0.001544,0.000000,0.999999,0.000000,1.000000,0.000000,-0.999999,-0.000000,-0.001544),fov=70.000000,dt=0.016984},
	{cf=CFrame.new(13.508499,0.000000,11.064543,-0.001544,0.000000,0.999999,0.000000,1.000000,0.000000,-0.999999,-0.000000,-0.001544),fov=70.000000,dt=0.016804},
	{cf=CFrame.new(13.508499,0.000000,11.088787,-0.001544,0.000000,0.999999,0.000000,1.000000,0.000000,-0.999999,-0.000000,-0.001544),fov=70.000000,dt=0.016552},
	{cf=CFrame.new(13.508499,0.000000,11.111358,-0.001544,0.000000,0.999999,0.000000,1.000000,0.000000,-0.999999,-0.000000,-0.001544),fov=70.000000,dt=0.015950},
	{cf=CFrame.new(13.508499,0.000000,11.132047,-0.001544,0.000000,0.999999,0.000000,1.000000,0.000000,-0.999999,-0.000000,-0.001544),fov=70.000000,dt=0.017922},
	{cf=CFrame.new(13.508492,0.000000,11.150643,-0.001544,0.000000,0.999999,0.000000,1.000000,0.000000,-0.999999,-0.000000,-0.001544),fov=70.000000,dt=0.015492},
	{cf=CFrame.new(13.508492,0.000000,11.166939,-0.001544,0.000000,0.999999,0.000000,1.000000,0.000000,-0.999999,-0.000000,-0.001544),fov=70.000000,dt=0.017474},
	{cf=CFrame.new(13.508499,0.000000,11.180727,-0.001544,0.000000,0.999999,0.000000,1.000000,0.000000,-0.999999,-0.000000,-0.001544),fov=70.000000,dt=0.017558},
	{cf=CFrame.new(13.508499,0.000000,11.193040,-0.001544,0.000000,0.999999,0.000000,1.000000,0.000000,-0.999999,-0.000000,-0.001544),fov=70.000000,dt=0.015854},
	{cf=CFrame.new(13.508492,0.000000,11.205061,-0.001544,0.000000,0.999999,0.000000,1.000000,0.000000,-0.999999,-0.000000,-0.001544),fov=70.000000,dt=0.017765},
	{cf=CFrame.new(13.508499,0.000000,11.213859,-0.001544,0.000000,0.999999,0.000000,1.000000,0.000000,-0.999999,-0.000000,-0.001544),fov=70.000000,dt=0.015232},
	{cf=CFrame.new(13.508499,0.000000,11.228236,-0.001544,0.000000,0.999999,0.000000,1.000000,0.000000,-0.999999,-0.000000,-0.001544),fov=70.000000,dt=0.016897},
	{cf=CFrame.new(13.508499,0.000000,11.239399,-0.001544,0.000000,0.999999,0.000000,1.000000,0.000000,-0.999999,-0.000000,-0.001544),fov=70.000000,dt=0.018007},
	{cf=CFrame.new(13.508499,0.000000,11.250280,-0.001544,0.000000,0.999999,0.000000,1.000000,0.000000,-0.999999,-0.000000,-0.001544),fov=70.000000,dt=0.014625},
	{cf=CFrame.new(13.508499,0.000000,11.260889,-0.001544,0.000000,0.999999,0.000000,1.000000,0.000000,-0.999999,-0.000000,-0.001544),fov=70.000000,dt=0.017958},
	{cf=CFrame.new(13.508499,0.000000,11.271224,-0.001544,0.000000,0.999999,0.000000,1.000000,0.000000,-0.999999,-0.000000,-0.001544),fov=70.000000,dt=0.015347},
	{cf=CFrame.new(13.508492,0.000000,11.278774,-0.001544,0.000000,0.999999,0.000000,1.000000,0.000000,-0.999999,-0.000000,-0.001544),fov=70.000000,dt=0.016421},
	{cf=CFrame.new(13.508499,0.000000,11.291093,-0.001544,0.000000,0.999999,0.000000,1.000000,0.000000,-0.999999,-0.000000,-0.001544),fov=70.000000,dt=0.018958},
	{cf=CFrame.new(13.508492,0.000000,11.298250,-0.001544,0.000000,0.999999,0.000000,1.000000,0.000000,-0.999999,-0.000000,-0.001544),fov=70.000000,dt=0.015086},
	{cf=CFrame.new(13.508492,0.000000,11.309918,-0.001544,0.000000,0.999999,0.000000,1.000000,0.000000,-0.999999,-0.000000,-0.001544),fov=70.000000,dt=0.017966},
	{cf=CFrame.new(13.508499,0.000000,11.316690,-0.001544,0.000000,0.999999,0.000000,1.000000,0.000000,-0.999999,-0.000000,-0.001544),fov=70.000000,dt=0.015026},
	{cf=CFrame.new(13.508499,0.000000,11.325529,-0.001544,0.000000,0.999999,0.000000,1.000000,0.000000,-0.999999,-0.000000,-0.001544),fov=70.000000,dt=0.016379},
	{cf=CFrame.new(13.508499,0.000000,11.334123,-0.001544,0.000000,0.999999,0.000000,1.000000,0.000000,-0.999999,-0.000000,-0.001544),fov=70.000000,dt=0.016808},
	{cf=CFrame.new(13.508499,0.000000,11.344542,-0.001544,0.000000,0.999999,0.000000,1.000000,0.000000,-0.999999,-0.000000,-0.001544),fov=70.000000,dt=0.017698},
	{cf=CFrame.new(13.508499,0.000000,11.352589,-0.001544,0.000000,0.999999,0.000000,1.000000,0.000000,-0.999999,-0.000000,-0.001544),fov=70.000000,dt=0.015770},
	{cf=CFrame.new(13.508492,0.000000,11.360399,-0.001544,0.000000,0.999999,0.000000,1.000000,0.000000,-0.999999,-0.000000,-0.001544),fov=70.000000,dt=0.018314},
	{cf=CFrame.new(13.508499,0.000000,11.366082,-0.001544,0.000000,0.999999,0.000000,1.000000,0.000000,-0.999999,-0.000000,-0.001544),fov=70.000000,dt=0.014353},
	{cf=CFrame.new(13.508492,0.000000,11.373487,-0.001544,0.000000,0.999999,0.000000,1.000000,0.000000,-0.999999,-0.000000,-0.001544),fov=70.000000,dt=0.018978},
	{cf=CFrame.new(13.508499,0.000000,11.382446,-0.001544,0.000000,0.999999,0.000000,1.000000,0.000000,-0.999999,-0.000000,-0.001544),fov=70.000000,dt=0.014608},
	{cf=CFrame.new(13.508499,0.000000,11.389344,-0.001544,0.000000,0.999999,0.000000,1.000000,0.000000,-0.999999,-0.000000,-0.001544),fov=70.000000,dt=0.018488},
	{cf=CFrame.new(13.508499,0.000000,11.394354,-0.001544,0.000000,0.999999,0.000000,1.000000,0.000000,-0.999999,-0.000000,-0.001544),fov=70.000000,dt=0.014676},
	{cf=CFrame.new(13.508499,0.000000,11.402489,-0.001544,0.000000,0.999999,0.000000,1.000000,0.000000,-0.999999,-0.000000,-0.001544),fov=70.000000,dt=0.018645},
	{cf=CFrame.new(13.508499,0.000000,11.408740,-0.001544,0.000000,0.999999,0.000000,1.000000,0.000000,-0.999999,-0.000000,-0.001544),fov=70.000000,dt=0.016414},
	{cf=CFrame.new(13.508499,0.000000,11.414784,-0.001544,0.000000,0.999999,0.000000,1.000000,0.000000,-0.999999,-0.000000,-0.001544),fov=70.000000,dt=0.015641},
	{cf=CFrame.new(13.508499,0.000000,11.420624,-0.001544,0.000000,0.999999,0.000000,1.000000,0.000000,-0.999999,-0.000000,-0.001544),fov=70.000000,dt=0.017534},
	{cf=CFrame.new(13.508499,0.000000,11.426262,-0.001544,0.000000,0.999999,0.000000,1.000000,0.000000,-0.999999,-0.000000,-0.001544),fov=70.000000,dt=0.015726},
	{cf=CFrame.new(13.508499,0.000000,11.431702,-0.001544,0.000000,0.999999,0.000000,1.000000,0.000000,-0.999999,-0.000000,-0.001544),fov=70.000000,dt=0.016475},
	{cf=CFrame.new(13.508499,0.000000,11.436947,-0.001544,0.000000,0.999999,0.000000,1.000000,0.000000,-0.999999,-0.000000,-0.001544),fov=70.000000,dt=0.018221},
	{cf=CFrame.new(13.508492,0.000000,11.442003,-0.001544,0.000000,0.999999,0.000000,1.000000,0.000000,-0.999999,-0.000000,-0.001544),fov=70.000000,dt=0.015606},
	{cf=CFrame.new(13.508499,0.000000,11.446871,-0.001544,0.000000,0.999999,0.000000,1.000000,0.000000,-0.999999,-0.000000,-0.001544),fov=70.000000,dt=0.040483},
	{cf=CFrame.new(13.508499,0.000000,11.454932,-0.001544,0.000000,0.999999,0.000000,1.000000,0.000000,-0.999999,-0.000000,-0.001544),fov=55.000000,dt=0.004241},
	{cf=CFrame.new(13.508492,0.000000,11.456059,-0.001544,0.000000,0.999999,0.000000,1.000000,0.000000,-0.999999,-0.000000,-0.001544),fov=55.000000,dt=0.005556},
	{cf=CFrame.new(13.508499,0.000000,11.459305,-0.001544,0.000000,0.999999,0.000000,1.000000,0.000000,-0.999999,-0.000000,-0.001544),fov=55.000000,dt=0.015801},
	{cf=CFrame.new(13.508492,0.000000,11.464540,-0.001544,0.000000,0.999999,0.000000,1.000000,0.000000,-0.999999,-0.000000,-0.001544),fov=55.000000,dt=0.016911},
	{cf=CFrame.new(13.508499,0.000000,11.468525,-0.001544,0.000000,0.999999,0.000000,1.000000,0.000000,-0.999999,-0.000000,-0.001544),fov=55.000000,dt=0.016543},
	{cf=CFrame.new(13.508492,0.000000,11.472344,-0.001544,0.000000,0.999999,0.000000,1.000000,0.000000,-0.999999,-0.000000,-0.001544),fov=55.000000,dt=0.019883},
	{cf=CFrame.new(13.508499,0.000000,11.476001,-0.001544,0.000000,0.999999,0.000000,1.000000,0.000000,-0.999999,-0.000000,-0.001544),fov=55.000000,dt=0.013802},
	{cf=CFrame.new(13.508499,0.000000,11.479498,-0.001544,0.000000,0.999999,0.000000,1.000000,0.000000,-0.999999,-0.000000,-0.001544),fov=55.000000,dt=0.017833},
	{cf=CFrame.new(13.508499,0.000000,11.482840,-0.001544,0.000000,0.999999,0.000000,1.000000,0.000000,-0.999999,-0.000000,-0.001544),fov=55.000000,dt=0.017376},
	{cf=CFrame.new(13.508499,0.000000,11.486030,-0.001544,0.000000,0.999999,0.000000,1.000000,0.000000,-0.999999,-0.000000,-0.001544),fov=55.000000,dt=0.017228},
	{cf=CFrame.new(13.508499,0.000000,11.489073,-0.001544,0.000000,0.999999,0.000000,1.000000,0.000000,-0.999999,-0.000000,-0.001544),fov=55.000000,dt=0.015885},
	{cf=CFrame.new(13.508499,0.000000,11.491968,-0.001544,0.000000,0.999999,0.000000,1.000000,0.000000,-0.999999,-0.000000,-0.001544),fov=55.000000,dt=0.014928},
	{cf=CFrame.new(13.508492,0.000000,11.494035,-0.001544,0.000000,0.999999,0.000000,1.000000,0.000000,-0.999999,-0.000000,-0.001544),fov=55.000000,dt=0.015965},
	{cf=CFrame.new(13.508499,0.000000,11.497343,-0.001544,0.000000,0.999999,0.000000,1.000000,0.000000,-0.999999,-0.000000,-0.001544),fov=55.000000,dt=0.018821},
	{cf=CFrame.new(13.508499,0.000000,11.499828,-0.001544,0.000000,0.999999,0.000000,1.000000,0.000000,-0.999999,-0.000000,-0.001544),fov=55.000000,dt=0.015312},
	{cf=CFrame.new(13.508499,0.000000,11.502180,-0.001544,0.000000,0.999999,0.000000,1.000000,0.000000,-0.999999,-0.000000,-0.001544),fov=55.000000,dt=0.017565},
	{cf=CFrame.new(13.508499,0.000000,11.504405,-0.001544,0.000000,0.999999,0.000000,1.000000,0.000000,-0.999999,-0.000000,-0.001544),fov=55.000000,dt=0.017276},
	{cf=CFrame.new(13.508492,0.000000,11.506508,-0.001544,0.000000,0.999999,0.000000,1.000000,0.000000,-0.999999,-0.000000,-0.001544),fov=55.000000,dt=0.014941},
	{cf=CFrame.new(13.508499,0.000000,11.508490,-0.001544,0.000000,0.999999,0.000000,1.000000,0.000000,-0.999999,-0.000000,-0.001544),fov=55.000000,dt=0.017972},
	{cf=CFrame.new(13.508492,0.000000,11.510354,-0.001544,0.000000,0.999999,0.000000,1.000000,0.000000,-0.999999,-0.000000,-0.001544),fov=55.000000,dt=0.017695},
	{cf=CFrame.new(13.508499,0.000000,11.511669,-0.001544,0.000000,0.999999,0.000000,1.000000,0.000000,-0.999999,-0.000000,-0.001544),fov=55.000000,dt=0.014467},
	{cf=CFrame.new(13.508499,0.000000,11.513750,-0.001544,0.000000,0.999999,0.000000,1.000000,0.000000,-0.999999,-0.000000,-0.001544),fov=55.000000,dt=0.017545},
	{cf=CFrame.new(13.508499,0.000000,11.515287,-0.001544,0.000000,0.999999,0.000000,1.000000,0.000000,-0.999999,-0.000000,-0.001544),fov=55.000000,dt=0.017366},
	{cf=CFrame.new(13.508499,0.000000,11.516722,-0.001544,0.000000,0.999999,0.000000,1.000000,0.000000,-0.999999,-0.000000,-0.001544),fov=55.000000,dt=0.015860},
	{cf=CFrame.new(13.508492,0.000000,11.518059,-0.001544,0.000000,0.999999,0.000000,1.000000,0.000000,-0.999999,-0.000000,-0.001544),fov=55.000000,dt=0.015899},
	{cf=CFrame.new(13.508499,0.000000,11.519299,-0.001544,0.000000,0.999999,0.000000,1.000000,0.000000,-0.999999,-0.000000,-0.001544),fov=55.000000,dt=0.017575},
	{cf=CFrame.new(13.508492,0.000000,11.520447,-0.001544,0.000000,0.999999,0.000000,1.000000,0.000000,-0.999999,-0.000000,-0.001544),fov=55.000000,dt=0.017339},
	{cf=CFrame.new(13.508499,0.000000,11.521507,-0.001544,0.000000,0.999999,0.000000,1.000000,0.000000,-0.999999,-0.000000,-0.001544),fov=55.000000,dt=0.016055},
	{cf=CFrame.new(13.508499,0.000000,11.522484,-0.001544,0.000000,0.999999,0.000000,1.000000,0.000000,-0.999999,-0.000000,-0.001544),fov=55.000000,dt=0.015711},
	{cf=CFrame.new(13.508499,0.000000,11.523376,-0.001544,0.000000,0.999999,0.000000,1.000000,0.000000,-0.999999,-0.000000,-0.001544),fov=55.000000,dt=0.018582},
	{cf=CFrame.new(13.508492,0.000000,11.524194,-0.001544,0.000000,0.999999,0.000000,1.000000,0.000000,-0.999999,-0.000000,-0.001544),fov=55.000000,dt=0.015907},
	{cf=CFrame.new(13.508499,0.000000,11.524936,-0.001544,0.000000,0.999999,0.000000,1.000000,0.000000,-0.999999,-0.000000,-0.001544),fov=55.000000,dt=0.015145},
	{cf=CFrame.new(13.508499,0.000000,11.525606,-0.001544,0.000000,0.999999,0.000000,1.000000,0.000000,-0.999999,-0.000000,-0.001544),fov=55.000000,dt=0.016806},
	{cf=CFrame.new(13.508499,0.000000,11.526212,-0.001544,0.000000,0.999999,0.000000,1.000000,0.000000,-0.999999,-0.000000,-0.001544),fov=55.000000,dt=0.016718},
	{cf=CFrame.new(13.508492,0.000000,11.526753,-0.001544,0.000000,0.999999,0.000000,1.000000,0.000000,-0.999999,-0.000000,-0.001544),fov=55.000000,dt=0.017210},
	{cf=CFrame.new(13.508499,0.000000,11.527235,-0.001544,0.000000,0.999999,0.000000,1.000000,0.000000,-0.999999,-0.000000,-0.001544),fov=55.000000,dt=0.017203},
	{cf=CFrame.new(13.508499,0.000000,11.527658,-0.001544,0.000000,0.999999,0.000000,1.000000,0.000000,-0.999999,-0.000000,-0.001544),fov=55.000000,dt=0.017385},
	{cf=CFrame.new(13.508499,0.000000,11.528029,-0.001544,0.000000,0.999999,0.000000,1.000000,0.000000,-0.999999,-0.000000,-0.001544),fov=55.000000,dt=0.015788},
	{cf=CFrame.new(13.508499,0.000000,11.528353,-0.001544,0.000000,0.999999,0.000000,1.000000,0.000000,-0.999999,-0.000000,-0.001544),fov=55.000000,dt=0.018332},
	{cf=CFrame.new(13.508499,0.000000,11.528627,-0.001544,0.000000,0.999999,0.000000,1.000000,0.000000,-0.999999,-0.000000,-0.001544),fov=55.000000,dt=0.014647},
	{cf=CFrame.new(13.508499,0.000000,11.528861,-0.001544,0.000000,0.999999,0.000000,1.000000,0.000000,-0.999999,-0.000000,-0.001544),fov=55.000000,dt=0.018058},
	{cf=CFrame.new(13.508492,0.000000,11.529057,-0.001544,0.000000,0.999999,0.000000,1.000000,0.000000,-0.999999,-0.000000,-0.001544),fov=55.000000,dt=0.014597},
	{cf=CFrame.new(13.508499,0.000000,11.529217,-0.001544,0.000000,0.999999,0.000000,1.000000,0.000000,-0.999999,-0.000000,-0.001544),fov=55.000000,dt=0.017177},
	{cf=CFrame.new(13.508499,0.000000,11.529344,-0.001544,0.000000,0.999999,0.000000,1.000000,0.000000,-0.999999,-0.000000,-0.001544),fov=55.000000,dt=0.017686},
	{cf=CFrame.new(13.508499,0.000000,11.529444,-0.001544,0.000000,0.999999,0.000000,1.000000,0.000000,-0.999999,-0.000000,-0.001544),fov=55.000000,dt=0.016715},
	{cf=CFrame.new(13.508499,0.000000,11.529518,-0.001544,0.000000,0.999999,0.000000,1.000000,0.000000,-0.999999,-0.000000,-0.001544),fov=55.000000,dt=0.017172},
	{cf=CFrame.new(13.508499,0.000000,11.529571,-0.001544,0.000000,0.999999,0.000000,1.000000,0.000000,-0.999999,-0.000000,-0.001544),fov=55.000000,dt=0.016330},
	{cf=CFrame.new(13.508499,0.000000,11.529608,-0.001544,0.000000,0.999999,0.000000,1.000000,0.000000,-0.999999,-0.000000,-0.001544),fov=55.000000,dt=0.015113},
	{cf=CFrame.new(13.508499,0.000000,11.529629,-0.001544,0.000000,0.999999,0.000000,1.000000,0.000000,-0.999999,-0.000000,-0.001544),fov=55.000000,dt=0.018067},
	{cf=CFrame.new(13.508499,0.000000,11.529640,-0.001544,0.000000,0.999999,0.000000,1.000000,0.000000,-0.999999,-0.000000,-0.001544),fov=55.000000,dt=0.018062},
	{cf=CFrame.new(13.508499,0.000000,11.529644,-0.001544,0.000000,0.999999,0.000000,1.000000,0.000000,-0.999999,-0.000000,-0.001544),fov=55.000000,dt=0.015704},
	{cf=CFrame.new(13.508499,0.000000,11.529645,-0.001544,0.000000,0.999999,0.000000,1.000000,0.000000,-0.999999,-0.000000,-0.001544),fov=55.000000,dt=0.016520},
	{cf=CFrame.new(13.508499,0.000000,11.529645,-0.001544,0.000000,0.999999,0.000000,1.000000,0.000000,-0.999999,-0.000000,-0.001544),fov=55.000000,dt=0.016482},
	{cf=CFrame.new(0.286407,0.506236,19.629112,-1.000000,-0.000007,0.000191,0.000007,0.997121,0.075818,-0.000191,0.075818,-0.997122),fov=55.000000,dt=0.015475},
	{cf=CFrame.new(0.285461,0.506253,19.629410,-1.000000,0.000005,-0.000135,-0.000005,0.997122,0.075819,0.000135,0.075819,-0.997122),fov=55.000000,dt=0.018473},
	{cf=CFrame.new(0.285065,0.506253,19.629410,-1.000000,0.000005,-0.000135,-0.000005,0.997122,0.075819,0.000135,0.075819,-0.997122),fov=55.000000,dt=0.016200},
	{cf=CFrame.new(0.284676,0.506253,19.629410,-1.000000,0.000005,-0.000135,-0.000005,0.997122,0.075819,0.000135,0.075819,-0.997122),fov=55.000000,dt=0.016629},
	{cf=CFrame.new(0.284302,0.506253,19.629410,-1.000000,0.000005,-0.000135,-0.000005,0.997122,0.075819,0.000135,0.075819,-0.997122),fov=55.000000,dt=0.017056},
	{cf=CFrame.new(0.283943,0.506253,19.629410,-1.000000,0.000005,-0.000135,-0.000005,0.997122,0.075819,0.000135,0.075819,-0.997122),fov=55.000000,dt=0.016543},
	{cf=CFrame.new(0.283600,0.506253,19.629410,-1.000000,0.000005,-0.000135,-0.000005,0.997122,0.075819,0.000135,0.075819,-0.997122),fov=55.000000,dt=0.017337},
	{cf=CFrame.new(0.283264,0.506253,19.629410,-1.000000,0.000005,-0.000135,-0.000005,0.997122,0.075819,0.000135,0.075819,-0.997122),fov=55.000000,dt=0.014248},
	{cf=CFrame.new(0.282944,0.506253,19.629410,-1.000000,0.000005,-0.000135,-0.000005,0.997122,0.075819,0.000135,0.075819,-0.997122),fov=55.000000,dt=0.019777},
	{cf=CFrame.new(0.282639,0.506253,19.629410,-1.000000,0.000005,-0.000135,-0.000005,0.997122,0.075819,0.000135,0.075819,-0.997122),fov=55.000000,dt=0.016730},
	{cf=CFrame.new(0.282341,0.506253,19.629410,-1.000000,0.000005,-0.000135,-0.000005,0.997122,0.075819,0.000135,0.075819,-0.997122),fov=55.000000,dt=0.015173},
	{cf=CFrame.new(0.282059,0.506253,19.629410,-1.000000,0.000005,-0.000135,-0.000005,0.997122,0.075819,0.000135,0.075819,-0.997122),fov=55.000000,dt=0.017122},
	{cf=CFrame.new(0.281784,0.506253,19.629410,-1.000000,0.000005,-0.000135,-0.000005,0.997122,0.075819,0.000135,0.075819,-0.997122),fov=55.000000,dt=0.016883},
	{cf=CFrame.new(0.281517,0.506253,19.629410,-1.000000,0.000005,-0.000135,-0.000005,0.997122,0.075819,0.000135,0.075819,-0.997122),fov=55.000000,dt=0.015928},
	{cf=CFrame.new(0.281273,0.506253,19.629410,-1.000000,0.000005,-0.000135,-0.000005,0.997122,0.075819,0.000135,0.075819,-0.997122),fov=55.000000,dt=0.015687},
	{cf=CFrame.new(0.281029,0.506253,19.629410,-1.000000,0.000005,-0.000135,-0.000005,0.997122,0.075819,0.000135,0.075819,-0.997122),fov=55.000000,dt=0.016690},
	{cf=CFrame.new(0.280861,0.506253,19.629410,-1.000000,0.000005,-0.000135,-0.000005,0.997122,0.075819,0.000135,0.075819,-0.997122),fov=55.000000,dt=0.015250},
	{cf=CFrame.new(0.280586,0.506253,19.629410,-1.000000,0.000005,-0.000135,-0.000005,0.997122,0.075819,0.000135,0.075819,-0.997122),fov=55.000000,dt=0.019191},
	{cf=CFrame.new(0.280373,0.506253,19.629410,-1.000000,0.000005,-0.000135,-0.000005,0.997122,0.075819,0.000135,0.075819,-0.997122),fov=55.000000,dt=0.014224},
	{cf=CFrame.new(0.280174,0.506253,19.629410,-1.000000,0.000005,-0.000135,-0.000005,0.997122,0.075819,0.000135,0.075819,-0.997122),fov=55.000000,dt=0.016890},
	{cf=CFrame.new(0.279984,0.506253,19.629410,-1.000000,0.000005,-0.000135,-0.000005,0.997122,0.075819,0.000135,0.075819,-0.997122),fov=55.000000,dt=0.016884},
	{cf=CFrame.new(0.279808,0.506253,19.629410,-1.000000,0.000005,-0.000135,-0.000005,0.997122,0.075819,0.000135,0.075819,-0.997122),fov=55.000000,dt=0.016727},
	{cf=CFrame.new(0.279678,0.506253,19.629410,-1.000000,0.000005,-0.000135,-0.000005,0.997122,0.075819,0.000135,0.075819,-0.997122),fov=55.000000,dt=0.015812},
	{cf=CFrame.new(0.279480,0.506253,19.629410,-1.000000,0.000005,-0.000135,-0.000005,0.997122,0.075819,0.000135,0.075819,-0.997122),fov=55.000000,dt=0.018320},
	{cf=CFrame.new(0.279327,0.506253,19.629410,-1.000000,0.000005,-0.000135,-0.000005,0.997122,0.075819,0.000135,0.075819,-0.997122),fov=55.000000,dt=0.015541},
	{cf=CFrame.new(0.279182,0.506253,19.629410,-1.000000,0.000005,-0.000135,-0.000005,0.997122,0.075819,0.000135,0.075819,-0.997122),fov=55.000000,dt=0.017817},
	{cf=CFrame.new(0.279045,0.506253,19.629410,-1.000000,0.000005,-0.000135,-0.000005,0.997122,0.075819,0.000135,0.075819,-0.997122),fov=55.000000,dt=0.016275},
	{cf=CFrame.new(0.278915,0.506253,19.629410,-1.000000,0.000005,-0.000135,-0.000005,0.997122,0.075819,0.000135,0.075819,-0.997122),fov=55.000000,dt=0.017107},
	{cf=CFrame.new(0.278793,0.506253,19.629410,-1.000000,0.000005,-0.000135,-0.000005,0.997122,0.075819,0.000135,0.075819,-0.997122),fov=55.000000,dt=0.016272},
	{cf=CFrame.new(0.278687,0.506253,19.629410,-1.000000,0.000005,-0.000135,-0.000005,0.997122,0.075819,0.000135,0.075819,-0.997122),fov=55.000000,dt=0.016207},
	{cf=CFrame.new(0.278603,0.506253,19.629410,-1.000000,0.000005,-0.000135,-0.000005,0.997122,0.075819,0.000135,0.075819,-0.997122),fov=55.000000,dt=0.016015},
	{cf=CFrame.new(0.278481,0.506253,19.629410,-1.000000,0.000005,-0.000135,-0.000005,0.997122,0.075819,0.000135,0.075819,-0.997122),fov=55.000000,dt=0.017562},
	{cf=CFrame.new(0.278389,0.506253,19.629410,-1.000000,0.000005,-0.000135,-0.000005,0.997122,0.075819,0.000135,0.075819,-0.997122),fov=55.000000,dt=0.016756},
	{cf=CFrame.new(0.278305,0.506253,19.629410,-1.000000,0.000005,-0.000135,-0.000005,0.997122,0.075819,0.000135,0.075819,-0.997122),fov=55.000000,dt=0.016771},
	{cf=CFrame.new(0.278244,0.506253,19.629410,-1.000000,0.000005,-0.000135,-0.000005,0.997122,0.075819,0.000135,0.075819,-0.997122),fov=55.000000,dt=0.016613},
	{cf=CFrame.new(0.278168,0.506253,19.629410,-1.000000,0.000005,-0.000135,-0.000005,0.997122,0.075819,0.000135,0.075819,-0.997122),fov=55.000000,dt=0.015738},
	{cf=CFrame.new(0.278084,0.506253,19.629410,-1.000000,0.000005,-0.000135,-0.000005,0.997122,0.075819,0.000135,0.075819,-0.997122),fov=55.000000,dt=0.017595},
	{cf=CFrame.new(0.278038,0.506253,19.629410,-1.000000,0.000005,-0.000135,-0.000005,0.997122,0.075819,0.000135,0.075819,-0.997122),fov=55.000000,dt=0.016020},
	{cf=CFrame.new(0.277969,0.506253,19.629410,-1.000000,0.000005,-0.000135,-0.000005,0.997122,0.075819,0.000135,0.075819,-0.997122),fov=55.000000,dt=0.017374},
	{cf=CFrame.new(0.277916,0.506253,19.629410,-1.000000,0.000005,-0.000135,-0.000005,0.997122,0.075819,0.000135,0.075819,-0.997122),fov=55.000000,dt=0.016802},
	{cf=CFrame.new(0.277870,0.506253,19.629410,-1.000000,0.000005,-0.000135,-0.000005,0.997122,0.075819,0.000135,0.075819,-0.997122),fov=55.000000,dt=0.016249},
	{cf=CFrame.new(0.277832,0.506253,19.629410,-1.000000,0.000005,-0.000135,-0.000005,0.997122,0.075819,0.000135,0.075819,-0.997122),fov=55.000000,dt=0.016360},
	{cf=CFrame.new(0.277794,0.506253,19.629410,-1.000000,0.000005,-0.000135,-0.000005,0.997122,0.075819,0.000135,0.075819,-0.997122),fov=55.000000,dt=0.017479},
	{cf=CFrame.new(0.277771,0.506253,19.629412,-1.000000,0.000005,-0.000135,-0.000005,0.997122,0.075819,0.000135,0.075819,-0.997122),fov=55.000000,dt=0.015334},
	{cf=CFrame.new(0.277733,0.506253,19.629410,-1.000000,0.000005,-0.000135,-0.000005,0.997122,0.075819,0.000135,0.075819,-0.997122),fov=55.000000,dt=0.017279},
	{cf=CFrame.new(0.277702,0.506253,19.629410,-1.000000,0.000005,-0.000135,-0.000005,0.997122,0.075819,0.000135,0.075819,-0.997122),fov=55.000000,dt=0.016890},
	{cf=CFrame.new(0.277687,0.506253,19.629410,-1.000000,0.000005,-0.000135,-0.000005,0.997122,0.075819,0.000135,0.075819,-0.997122),fov=55.000000,dt=0.016274},
	{cf=CFrame.new(0.277664,0.506253,19.629410,-1.000000,0.000005,-0.000135,-0.000005,0.997122,0.075819,0.000135,0.075819,-0.997122),fov=55.000000,dt=0.016045},
	{cf=CFrame.new(0.277649,0.506253,19.629410,-1.000000,0.000005,-0.000135,-0.000005,0.997122,0.075819,0.000135,0.075819,-0.997122),fov=55.000000,dt=0.017267},
	{cf=CFrame.new(0.277641,0.506253,19.629410,-1.000000,0.000005,-0.000135,-0.000005,0.997122,0.075819,0.000135,0.075819,-0.997122),fov=55.000000,dt=0.016401},
	{cf=CFrame.new(0.277626,0.506253,19.629410,-1.000000,0.000005,-0.000135,-0.000005,0.997122,0.075819,0.000135,0.075819,-0.997122),fov=55.000000,dt=0.016496},
	{cf=CFrame.new(0.277618,0.506253,19.629410,-1.000000,0.000005,-0.000135,-0.000005,0.997122,0.075819,0.000135,0.075819,-0.997122),fov=55.000000,dt=0.017539},
	{cf=CFrame.new(0.277611,0.506253,19.629410,-1.000000,0.000005,-0.000135,-0.000005,0.997122,0.075819,0.000135,0.075819,-0.997122),fov=55.000000,dt=0.016674},
	{cf=CFrame.new(0.277603,0.506253,19.629410,-1.000000,0.000005,-0.000135,-0.000005,0.997122,0.075819,0.000135,0.075819,-0.997122),fov=55.000000,dt=0.017374},
	{cf=CFrame.new(0.277603,0.506253,19.629410,-1.000000,0.000005,-0.000135,-0.000005,0.997122,0.075819,0.000135,0.075819,-0.997122),fov=55.000000,dt=0.015465},
	{cf=CFrame.new(0.277596,0.506253,19.629410,-1.000000,0.000005,-0.000135,-0.000005,0.997122,0.075819,0.000135,0.075819,-0.997122),fov=55.000000,dt=0.016042},
	{cf=CFrame.new(0.277596,0.506253,19.629410,-1.000000,0.000005,-0.000135,-0.000005,0.997122,0.075819,0.000135,0.075819,-0.997122),fov=55.000000,dt=0.017700},
	{cf=CFrame.new(0.277596,0.506253,19.629410,-1.000000,0.000005,-0.000135,-0.000005,0.997122,0.075819,0.000135,0.075819,-0.997122),fov=55.000000,dt=0.016503},
	{cf=CFrame.new(0.277596,0.506253,19.629410,-1.000000,0.000005,-0.000135,-0.000005,0.997122,0.075819,0.000135,0.075819,-0.997122),fov=55.000000,dt=0.017103},
	{cf=CFrame.new(0.277596,0.506253,19.629410,-1.000000,0.000005,-0.000135,-0.000005,0.997122,0.075819,0.000135,0.075819,-0.997122),fov=55.000000,dt=0.016476},
	{cf=CFrame.new(0.277657,0.506253,19.647484,-1.000000,0.000005,-0.000135,-0.000005,0.997122,0.075819,0.000135,0.075819,-0.997122),fov=55.000000,dt=0.016358},
	{cf=CFrame.new(0.278008,0.506253,19.679813,-1.000000,0.000005,-0.000135,-0.000005,0.997122,0.075819,0.000135,0.075819,-0.997122),fov=55.000000,dt=0.016633},
	{cf=CFrame.new(0.279381,0.506253,19.742033,-1.000000,0.000005,-0.000135,-0.000005,0.997122,0.075819,0.000135,0.075819,-0.997122),fov=55.000000,dt=0.016560},
	{cf=CFrame.new(0.281227,0.506253,19.774366,-1.000000,0.000005,-0.000135,-0.000005,0.997122,0.075819,0.000135,0.075819,-0.997122),fov=55.000000,dt=0.016391},
	{cf=CFrame.new(0.284866,0.506253,19.798702,-1.000000,0.000005,-0.000135,-0.000005,0.997122,0.075819,0.000135,0.075819,-0.997122),fov=55.000000,dt=0.016742},
	{cf=CFrame.new(0.285881,0.506253,19.803223,-1.000000,0.000005,-0.000135,-0.000005,0.997122,0.075819,0.000135,0.075819,-0.997122),fov=55.000000,dt=0.016804},
	{cf=CFrame.new(0.285881,0.506253,19.803223,-1.000000,0.000005,-0.000135,-0.000005,0.997122,0.075819,0.000135,0.075819,-0.997122),fov=55.000000,dt=0.017037},
	{cf=CFrame.new(0.285881,0.506253,19.803223,-1.000000,0.000005,-0.000135,-0.000005,0.997122,0.075819,0.000135,0.075819,-0.997122),fov=55.000000,dt=0.017871},
	{cf=CFrame.new(0.285881,0.506253,19.803223,-1.000000,0.000005,-0.000135,-0.000005,0.997122,0.075819,0.000135,0.075819,-0.997122),fov=55.000000,dt=0.014546},
	{cf=CFrame.new(0.285881,0.506253,19.803223,-1.000000,0.000005,-0.000135,-0.000005,0.997122,0.075819,0.000135,0.075819,-0.997122),fov=55.000000,dt=0.017404},
	{cf=CFrame.new(0.285881,0.506253,19.803223,-1.000000,0.000005,-0.000135,-0.000005,0.997122,0.075819,0.000135,0.075819,-0.997122),fov=55.000000,dt=0.017009},
	{cf=CFrame.new(0.285881,0.506253,19.803223,-1.000000,0.000005,-0.000135,-0.000005,0.997122,0.075819,0.000135,0.075819,-0.997122),fov=55.000000,dt=0.016264},
	{cf=CFrame.new(0.285881,0.506253,19.803223,-1.000000,0.000005,-0.000135,-0.000005,0.997122,0.075819,0.000135,0.075819,-0.997122),fov=55.000000,dt=0.016499},
	{cf=CFrame.new(0.285881,0.506253,19.803223,-1.000000,0.000005,-0.000135,-0.000005,0.997122,0.075819,0.000135,0.075819,-0.997122),fov=55.000000,dt=0.016800},
	{cf=CFrame.new(0.285881,0.506253,19.803223,-1.000000,0.000005,-0.000135,-0.000005,0.997122,0.075819,0.000135,0.075819,-0.997122),fov=55.000000,dt=0.017079},
	{cf=CFrame.new(0.285881,0.506253,19.803223,-1.000000,0.000005,-0.000135,-0.000005,0.997122,0.075819,0.000135,0.075819,-0.997122),fov=55.000000,dt=0.017782},
	{cf=CFrame.new(0.285881,0.506253,19.803223,-1.000000,0.000005,-0.000135,-0.000005,0.997122,0.075819,0.000135,0.075819,-0.997122),fov=55.000000,dt=0.017231},
	{cf=CFrame.new(0.285881,0.506253,19.803223,-1.000000,0.000005,-0.000135,-0.000005,0.997122,0.075819,0.000135,0.075819,-0.997122),fov=55.000000,dt=0.016003},
	{cf=CFrame.new(0.285881,0.506253,19.803223,-1.000000,0.000005,-0.000135,-0.000005,0.997122,0.075819,0.000135,0.075819,-0.997122),fov=55.000000,dt=0.016693},
	{cf=CFrame.new(0.285881,0.506253,19.803223,-1.000000,0.000005,-0.000135,-0.000005,0.997122,0.075819,0.000135,0.075819,-0.997122),fov=55.000000,dt=0.014808},
	{cf=CFrame.new(0.285881,0.506253,19.803223,-1.000000,0.000005,-0.000135,-0.000005,0.997122,0.075819,0.000135,0.075819,-0.997122),fov=55.000000,dt=0.017006},
	{cf=CFrame.new(0.285881,0.506253,19.803223,-1.000000,0.000005,-0.000135,-0.000005,0.997122,0.075819,0.000135,0.075819,-0.997122),fov=55.000000,dt=0.018266},
	{cf=CFrame.new(0.285881,0.506253,19.803223,-1.000000,0.000005,-0.000135,-0.000005,0.997122,0.075819,0.000135,0.075819,-0.997122),fov=55.000000,dt=0.017883},
	{cf=CFrame.new(0.285881,0.506253,19.803223,-1.000000,0.000005,-0.000135,-0.000005,0.997122,0.075819,0.000135,0.075819,-0.997122),fov=55.000000,dt=0.013375},
	{cf=CFrame.new(0.285881,0.506253,19.803223,-1.000000,0.000005,-0.000135,-0.000005,0.997122,0.075819,0.000135,0.075819,-0.997122),fov=55.000000,dt=0.017155},
	{cf=CFrame.new(0.285881,0.506253,19.803223,-1.000000,0.000005,-0.000135,-0.000005,0.997122,0.075819,0.000135,0.075819,-0.997122),fov=55.000000,dt=0.015771},
	{cf=CFrame.new(0.285881,0.506253,19.803223,-1.000000,0.000005,-0.000135,-0.000005,0.997122,0.075819,0.000135,0.075819,-0.997122),fov=55.000000,dt=0.017182},
	{cf=CFrame.new(0.285881,0.506253,19.803223,-1.000000,0.000005,-0.000135,-0.000005,0.997122,0.075819,0.000135,0.075819,-0.997122),fov=55.000000,dt=0.016818},
	{cf=CFrame.new(0.285881,0.506253,19.803223,-1.000000,0.000005,-0.000135,-0.000005,0.997122,0.075819,0.000135,0.075819,-0.997122),fov=55.000000,dt=0.018680},
	{cf=CFrame.new(0.285881,0.506253,19.803223,-1.000000,0.000005,-0.000135,-0.000005,0.997122,0.075819,0.000135,0.075819,-0.997122),fov=55.000000,dt=0.016503},
	{cf=CFrame.new(0.285881,0.506253,19.803223,-1.000000,0.000005,-0.000135,-0.000005,0.997122,0.075819,0.000135,0.075819,-0.997122),fov=55.000000,dt=0.017630},
	{cf=CFrame.new(0.285881,0.506253,19.803223,-1.000000,0.000005,-0.000135,-0.000005,0.997122,0.075819,0.000135,0.075819,-0.997122),fov=55.000000,dt=0.015220},
	{cf=CFrame.new(0.285881,0.506253,19.803223,-1.000000,0.000005,-0.000135,-0.000005,0.997122,0.075819,0.000135,0.075819,-0.997122),fov=55.000000,dt=0.016646},
	{cf=CFrame.new(0.285881,0.506253,19.803223,-1.000000,0.000005,-0.000135,-0.000005,0.997122,0.075819,0.000135,0.075819,-0.997122),fov=55.000000,dt=0.016893},
	{cf=CFrame.new(0.285881,0.506253,19.803223,-1.000000,0.000005,-0.000135,-0.000005,0.997122,0.075819,0.000135,0.075819,-0.997122),fov=55.000000,dt=0.016846},
	{cf=CFrame.new(0.285881,0.506253,19.803223,-1.000000,0.000005,-0.000135,-0.000005,0.997122,0.075819,0.000135,0.075819,-0.997122),fov=55.000000,dt=0.017699},
	{cf=CFrame.new(0.285881,0.506253,19.803223,-1.000000,0.000005,-0.000135,-0.000005,0.997122,0.075819,0.000135,0.075819,-0.997122),fov=55.000000,dt=0.015763},
	{cf=CFrame.new(0.285881,0.506253,19.803223,-1.000000,0.000005,-0.000135,-0.000005,0.997122,0.075819,0.000135,0.075819,-0.997122),fov=55.000000,dt=0.017227},
	{cf=CFrame.new(0.285881,0.506253,19.803223,-1.000000,0.000005,-0.000135,-0.000005,0.997122,0.075819,0.000135,0.075819,-0.997122),fov=55.000000,dt=0.015871},
	{cf=CFrame.new(0.285881,0.506253,19.803223,-1.000000,0.000005,-0.000135,-0.000005,0.997122,0.075819,0.000135,0.075819,-0.997122),fov=55.000000,dt=0.016318},
	{cf=CFrame.new(0.285881,0.506253,19.803223,-1.000000,0.000005,-0.000135,-0.000005,0.997122,0.075819,0.000135,0.075819,-0.997122),fov=55.000000,dt=0.015401},
	{cf=CFrame.new(0.285881,0.506253,19.803223,-1.000000,0.000005,-0.000135,-0.000005,0.997122,0.075819,0.000135,0.075819,-0.997122),fov=55.000000,dt=0.018931},
	{cf=CFrame.new(0.285881,0.506253,19.803223,-1.000000,0.000005,-0.000135,-0.000005,0.997122,0.075819,0.000135,0.075819,-0.997122),fov=55.000000,dt=0.017053},
	{cf=CFrame.new(0.285881,0.506253,19.803223,-1.000000,0.000005,-0.000135,-0.000005,0.997122,0.075819,0.000135,0.075819,-0.997122),fov=55.000000,dt=0.015719},
	{cf=CFrame.new(0.285881,0.506253,19.803223,-1.000000,0.000005,-0.000135,-0.000005,0.997122,0.075819,0.000135,0.075819,-0.997122),fov=55.000000,dt=0.017467},
	{cf=CFrame.new(0.285881,0.506253,19.803223,-1.000000,0.000005,-0.000135,-0.000005,0.997122,0.075819,0.000135,0.075819,-0.997122),fov=55.000000,dt=0.015520},
	{cf=CFrame.new(0.285881,0.506253,19.803223,-1.000000,0.000005,-0.000135,-0.000005,0.997122,0.075819,0.000135,0.075819,-0.997122),fov=55.000000,dt=0.018845},
	{cf=CFrame.new(0.285881,0.506253,19.803223,-1.000000,0.000005,-0.000135,-0.000005,0.997122,0.075819,0.000135,0.075819,-0.997122),fov=55.000000,dt=0.015149},
	{cf=CFrame.new(13.506638,0.000072,11.530812,-0.001768,-0.000011,0.999998,0.000011,1.000000,0.000011,-0.999998,0.000011,-0.001768),fov=55.000000,dt=0.016342},
	{cf=CFrame.new(13.508499,0.000000,11.529645,-0.001544,0.000000,0.999999,0.000000,1.000000,0.000000,-0.999999,-0.000000,-0.001544),fov=55.000000,dt=0.017014},
	{cf=CFrame.new(13.508499,0.000000,11.529645,-0.001544,0.000000,0.999999,0.000000,1.000000,0.000000,-0.999999,-0.000000,-0.001544),fov=55.000000,dt=0.015871},
	{cf=CFrame.new(13.508499,0.000000,11.529645,-0.001544,0.000000,0.999999,0.000000,1.000000,0.000000,-0.999999,-0.000000,-0.001544),fov=55.000000,dt=0.016733},
	{cf=CFrame.new(13.508499,0.000000,11.529645,-0.001544,0.000000,0.999999,0.000000,1.000000,0.000000,-0.999999,-0.000000,-0.001544),fov=55.000000,dt=0.015342},
	{cf=CFrame.new(13.508499,0.000000,11.529645,-0.001544,0.000000,0.999999,0.000000,1.000000,0.000000,-0.999999,-0.000000,-0.001544),fov=55.000000,dt=0.017895},
	{cf=CFrame.new(13.508499,0.000000,11.529645,-0.001544,0.000000,0.999999,0.000000,1.000000,0.000000,-0.999999,-0.000000,-0.001544),fov=55.000000,dt=0.017981},
	{cf=CFrame.new(13.508499,0.000000,11.529645,-0.001544,0.000000,0.999999,0.000000,1.000000,0.000000,-0.999999,-0.000000,-0.001544),fov=55.000000,dt=0.016259},
	{cf=CFrame.new(13.508499,0.000000,11.529645,-0.001544,0.000000,0.999999,0.000000,1.000000,0.000000,-0.999999,-0.000000,-0.001544),fov=55.000000,dt=0.016350},
	{cf=CFrame.new(13.508499,0.000000,11.529645,-0.001544,0.000000,0.999999,0.000000,1.000000,0.000000,-0.999999,-0.000000,-0.001544),fov=55.000000,dt=0.015007},
	{cf=CFrame.new(13.508499,0.000000,11.529645,-0.001544,0.000000,0.999999,0.000000,1.000000,0.000000,-0.999999,-0.000000,-0.001544),fov=55.000000,dt=0.018230},
	{cf=CFrame.new(13.508499,0.000000,11.529645,-0.001544,0.000000,0.999999,0.000000,1.000000,0.000000,-0.999999,-0.000000,-0.001544),fov=55.000000,dt=0.016617},
	{cf=CFrame.new(13.508499,0.000000,11.529645,-0.001544,0.000000,0.999999,0.000000,1.000000,0.000000,-0.999999,-0.000000,-0.001544),fov=55.000000,dt=0.017243},
	{cf=CFrame.new(13.508499,0.000000,11.529645,-0.001544,0.000000,0.999999,0.000000,1.000000,0.000000,-0.999999,-0.000000,-0.001544),fov=55.000000,dt=0.015693},
	{cf=CFrame.new(13.508499,0.000000,11.529645,-0.001544,0.000000,0.999999,0.000000,1.000000,0.000000,-0.999999,-0.000000,-0.001544),fov=55.000000,dt=0.016876},
	{cf=CFrame.new(13.508499,0.000000,11.529645,-0.001544,0.000000,0.999999,0.000000,1.000000,0.000000,-0.999999,-0.000000,-0.001544),fov=55.000000,dt=0.015388},
	{cf=CFrame.new(13.508499,0.000000,11.529645,-0.001544,0.000000,0.999999,0.000000,1.000000,0.000000,-0.999999,-0.000000,-0.001544),fov=55.000000,dt=0.016590},
	{cf=CFrame.new(13.508499,0.000000,11.529645,-0.001544,0.000000,0.999999,0.000000,1.000000,0.000000,-0.999999,-0.000000,-0.001544),fov=55.000000,dt=0.016709},
	{cf=CFrame.new(13.508499,0.000000,11.529645,-0.001544,0.000000,0.999999,0.000000,1.000000,0.000000,-0.999999,-0.000000,-0.001544),fov=55.000000,dt=0.018968},
