-- Generated Following Cinematic
local Players = game:GetService('Players')
local RunService = game:GetService('RunService')

local player = Players.LocalPlayer
local camera = workspace.CurrentCamera

local root = player.Character:WaitForChild('HumanoidRootPart')

camera.CameraType = Enum.CameraType.Scriptable

local frames = {
	{cf=CFrame.new(76.815872,-1406.909546,-984.390381,-0.741081,-0.670291,0.038839,-0.668248,0.741962,0.054189,-0.065139,0.014205,-0.997775),fov=33.465553,dt=0.016482},
	{cf=CFrame.new(77.479630,-1406.975830,-984.146729,-0.694948,-0.718426,0.030191,-0.716688,0.695452,0.052008,-0.058361,0.014506,-0.998190),fov=32.599167,dt=0.018512},
	{cf=CFrame.new(78.050949,-1407.002075,-983.896301,-0.656069,-0.754359,0.022712,-0.752857,0.656272,0.050135,-0.052725,0.015793,-0.998484),fov=34.199375,dt=0.016345},
	{cf=CFrame.new(78.622711,-1407.028320,-983.644226,-0.615104,-0.788309,0.014698,-0.787072,0.615025,0.047562,-0.046533,0.017687,-0.998760),fov=37.649532,dt=0.017300},
	{cf=CFrame.new(79.236145,-1407.020996,-982.804260,-0.459965,-0.887661,0.022117,-0.886157,0.460477,0.051828,-0.056190,0.004240,-0.998411),fov=42.487144,dt=0.017258},
	{cf=CFrame.new(80.055084,-1406.447510,-981.213257,-0.172286,-0.984892,0.017475,-0.983857,0.172923,0.046071,-0.048397,-0.009255,-0.998785),fov=48.365360,dt=0.015146},
	{cf=CFrame.new(-23.459562,-1118.563232,-882.077515,-0.999210,0.004429,-0.039486,0.039452,-0.007535,-0.999193,-0.004722,-0.999962,0.007354),fov=54.046070,dt=0.034688},
	{cf=CFrame.new(-21.843872,-1123.317383,-882.077637,-0.999701,0.011310,-0.021681,0.021546,-0.011872,-0.999697,-0.011563,-0.999865,0.011624),fov=59.872746,dt=0.022947},
	{cf=CFrame.new(-16.451811,-1139.203613,-882.077881,-0.998697,0.034493,0.037612,-0.038519,-0.026032,-0.998919,-0.033477,-0.999066,0.027326),fov=64.536850,dt=0.030583},
	{cf=CFrame.new(-13.179968,-1148.949097,-882.077881,-0.996037,0.049128,0.074136,-0.075825,-0.033458,-0.996560,-0.046478,-0.998232,0.037051),fov=68.608368,dt=0.027847},
	{cf=CFrame.new(-8.721808,-1162.493164,-882.077515,-0.989638,0.069825,0.125466,-0.128553,-0.041616,-0.990829,-0.063963,-0.996691,0.050161),fov=72.205925,dt=0.030079},
	{cf=CFrame.new(-5.334621,-1172.908691,-882.077576,-0.982545,0.085979,0.164961,-0.169353,-0.046520,-0.984457,-0.076969,-0.995210,0.060269),fov=75.168678,dt=0.032478},
	{cf=CFrame.new(-0.112698,-1189.732178,-882.077637,-0.966595,0.112026,0.230533,-0.237148,-0.049654,-0.970204,-0.097241,-0.992464,0.074562),fov=77.958916,dt=0.030540},
	{cf=CFrame.new(3.586008,-1202.850952,-882.077637,-0.949497,0.131791,0.284756,-0.292757,-0.045536,-0.955102,-0.112907,-0.990231,0.081819),fov=80.697777,dt=0.033907},
	{cf=CFrame.new(8.319731,-1220.820068,-882.077698,-0.919229,0.157483,0.360856,-0.370191,-0.033594,-0.928348,-0.134077,-0.986950,0.089179),fov=83.277679,dt=0.030281},
	{cf=CFrame.new(11.587543,-1234.134277,-882.077637,-0.891351,0.175051,0.418152,-0.427863,-0.020146,-0.903619,-0.149755,-0.984353,0.092855),fov=85.578911,dt=0.019017},
	{cf=CFrame.new(13.581566,-1243.138428,-882.077637,-0.869106,0.185701,0.458442,-0.467777,-0.007373,-0.883816,-0.160745,-0.982579,0.093275),fov=87.473244,dt=0.035416},
	{cf=CFrame.new(15.198208,-1252.515869,-882.077759,-0.840610,0.194420,0.505545,-0.513119,0.013040,-0.858219,-0.173447,-0.980832,0.088799),fov=89.216034,dt=0.035032},
	{cf=CFrame.new(16.862507,-1267.029175,-882.077759,-0.783656,0.201715,0.587532,-0.589315,0.057690,-0.805841,-0.196444,-0.977744,0.073665),fov=91.043968,dt=0.032107},
	{cf=CFrame.new(17.889572,-1278.050415,-882.077759,-0.731736,0.202875,0.650695,-0.646535,0.095615,-0.756869,-0.215766,-0.974525,0.061201),fov=92.762154,dt=0.028762},
	{cf=CFrame.new(18.687531,-1287.589722,-882.077759,-0.678046,0.200343,0.707189,-0.696996,0.130197,-0.705156,-0.233347,-0.971036,0.051359),fov=94.050774,dt=0.031970},
	{cf=CFrame.new(19.023277,-1292.607666,-882.077759,-0.643434,0.196979,0.739724,-0.725806,0.150154,-0.671312,-0.243307,-0.968841,0.046354),fov=94.670021,dt=0.023328},
	{cf=CFrame.new(19.227867,-1296.558716,-882.077759,-0.611690,0.192954,0.767205,-0.749978,0.167154,-0.639994,-0.251731,-0.966865,0.042465),fov=94.891403,dt=0.030717},
	{cf=CFrame.new(19.500668,-1301.827026,-882.077759,-0.567749,0.186284,0.801847,-0.780188,0.188977,-0.596317,-0.262615,-0.964150,0.038045),fov=94.480186,dt=0.029997},
	{cf=CFrame.new(19.786854,-1307.353516,-882.077759,-0.515737,0.176611,0.838346,-0.811734,0.212272,-0.544085,-0.274049,-0.961119,0.033884),fov=93.486015,dt=0.031125},
	{cf=CFrame.new(20.060631,-1312.640259,-882.077759,-0.456942,0.163422,0.874355,-0.842800,0.234760,-0.484329,-0.284414,-0.958217,0.030460),fov=92.289001,dt=0.028913},
	{cf=CFrame.new(20.295448,-1317.174805,-882.077759,-0.402551,0.150159,0.902998,-0.866999,0.253968,-0.428735,-0.293711,-0.955485,0.027952),fov=90.939842,dt=0.030742},
	{cf=CFrame.new(20.523827,-1321.585083,-882.077759,-0.347771,0.135843,0.927686,-0.887513,0.271310,-0.372440,-0.302284,-0.952858,0.026209),fov=90.997192,dt=0.031708},
	{cf=CFrame.new(20.772316,-1326.383789,-882.077759,-0.286607,0.118862,0.950646,-0.906192,0.288395,-0.309263,-0.310922,-0.950105,0.025056),fov=93.178673,dt=0.031312},
	{cf=CFrame.new(20.913799,-1319.116333,-882.077759,-0.250182,0.108205,0.962133,-0.915106,0.298127,-0.271482,-0.316213,-0.948373,0.024434),fov=87.384010,dt=0.026517},
	{cf=CFrame.new(20.974052,-1320.279785,-882.077759,-0.234210,0.103361,0.966676,-0.918590,0.302061,-0.254857,-0.318338,-0.947668,0.024201),fov=83.038010,dt=0.035400},
	{cf=CFrame.new(21.261497,-1325.830566,-882.077759,-0.156011,0.076999,0.984750,-0.931795,0.319329,-0.172590,-0.327749,-0.944511,0.021929),fov=79.778503,dt=0.031940},
	{cf=CFrame.new(22.042862,-1340.919312,-882.077759,0.049999,-0.009168,0.998707,-0.935222,0.350508,0.050038,-0.350513,-0.936515,0.008951),fov=77.333878,dt=0.056297},
	{cf=CFrame.new(22.861038,-1346.718628,-882.077759,0.241282,-0.113274,0.963822,-0.894908,0.358211,0.266130,-0.375396,-0.926744,-0.014940),fov=75.500412,dt=0.039053},
	{cf=CFrame.new(15.400921,-1393.509033,-878.481140,0.651664,-0.192002,0.733804,-0.520832,0.590040,0.616917,-0.551423,-0.784212,0.284507),fov=74.125298,dt=0.039159},
	{cf=CFrame.new(-10.133514,-1423.582642,-868.525330,0.978431,0.103051,0.179035,-0.094884,0.994043,-0.053619,-0.183494,0.035475,0.982380),fov=73.093971,dt=0.049272},
	{cf=CFrame.new(-14.201296,-1427.540894,-864.650208,0.990187,0.122566,0.067130,-0.120474,0.992121,-0.034380,-0.070815,0.025955,0.997152),fov=72.320480,dt=0.027157},
	{cf=CFrame.new(-12.042406,-1425.127319,-864.721802,0.992265,0.108356,0.060566,-0.106713,0.993845,-0.029742,-0.063416,0.023049,0.997721),fov=71.740356,dt=0.031453},
	{cf=CFrame.new(-10.191932,-1423.058594,-864.783203,0.993851,0.096195,0.054836,-0.094895,0.995152,-0.025843,-0.057056,0.020480,0.998161),fov=71.305267,dt=0.017016},
	{cf=CFrame.new(-9.487691,-1422.276001,-864.454712,0.994839,0.087800,0.050849,-0.086714,0.995963,-0.023191,-0.052680,0.018662,0.998437),fov=70.978951,dt=0.013763},
	{cf=CFrame.new(-9.819180,-1422.653809,-863.916016,0.995223,0.084319,0.049210,-0.083315,0.996278,-0.022101,-0.050891,0.017896,0.998544),fov=70.734215,dt=0.015505},
	{cf=CFrame.new(-10.261162,-1423.157471,-863.197693,0.995711,0.079680,0.047014,-0.078782,0.996678,-0.020658,-0.048503,0.016865,0.998681),fov=70.550652,dt=0.015679},
	{cf=CFrame.new(-10.703144,-1423.661011,-862.479370,0.996173,0.075044,0.044803,-0.074246,0.997055,-0.019225,-0.046114,0.015825,0.998811),fov=70.412987,dt=0.015887},
	{cf=CFrame.new(-11.145126,-1424.164673,-861.761047,0.996609,0.070412,0.042580,-0.069708,0.997409,-0.017803,-0.043723,0.014774,0.998934),fov=70.309738,dt=0.020158},
	{cf=CFrame.new(-11.587107,-1424.668335,-861.042725,0.997018,0.065784,0.040344,-0.065168,0.997740,-0.016391,-0.041331,0.013713,0.999051),fov=70.232300,dt=0.019546},
	{cf=CFrame.new(-12.139589,-1425.297852,-860.144836,0.997492,0.060004,0.037529,-0.059491,0.998121,-0.014642,-0.038337,0.012373,0.999188),fov=70.174225,dt=0.016847},
	{cf=CFrame.new(-12.430302,-1425.562622,-859.845032,0.997838,0.055400,0.035359,-0.054939,0.998393,-0.013896,-0.036072,0.011923,0.999278),fov=70.130669,dt=0.016370},
	{cf=CFrame.new(-12.569748,-1425.588501,-859.963745,0.998153,0.050814,0.033276,-0.050379,0.998635,-0.013799,-0.033932,0.012097,0.999351),fov=70.098000,dt=0.018365},
	{cf=CFrame.new(-12.709195,-1425.614380,-860.082520,0.998444,0.046230,0.031187,-0.045820,0.998856,-0.013712,-0.031785,0.012261,0.999420),fov=70.073502,dt=0.014768},
	{cf=CFrame.new(-12.848641,-1425.640259,-860.201233,0.998709,0.041646,0.029091,-0.041263,0.999055,-0.013634,-0.029631,0.012416,0.999484),fov=70.055130,dt=0.022089},
	{cf=CFrame.new(-13.057812,-1425.679077,-860.379395,0.999059,0.034774,0.025935,-0.034431,0.999315,-0.013535,-0.026388,0.012630,0.999572),fov=70.041344,dt=0.025880},
	{cf=CFrame.new(-13.113835,-1425.736328,-860.089294,0.999218,0.031186,0.024309,-0.030864,0.999432,-0.013492,-0.024716,0.012732,0.999613),fov=70.031006,dt=0.027453},
	{cf=CFrame.new(-13.181063,-1425.805054,-859.741211,0.999389,0.026881,0.022353,-0.026585,0.999556,-0.013449,-0.022705,0.012846,0.999660),fov=70.023254,dt=0.022611},
	{cf=CFrame.new(-13.248289,-1425.873779,-859.393188,0.999537,0.022578,0.020391,-0.022307,0.999661,-0.013413,-0.020687,0.012952,0.999702),fov=70.017441,dt=0.021259},
	{cf=CFrame.new(-13.315519,-1425.942505,-859.045105,0.999663,0.018277,0.018424,-0.018032,0.999748,-0.013387,-0.018664,0.013050,0.999741),fov=70.013077,dt=0.021113},
	{cf=CFrame.new(-13.382747,-1426.011230,-858.697021,0.999767,0.013978,0.016451,-0.013758,0.999816,-0.013368,-0.016635,0.013139,0.999775),fov=70.009811,dt=0.027086},
	{cf=CFrame.new(-13.168844,-1425.948486,-858.508728,0.999833,0.010475,0.014966,-0.010262,0.999846,-0.014255,-0.015113,0.014099,0.999786),fov=70.007355,dt=0.018076},
	{cf=CFrame.new(-12.550060,-1425.705933,-858.473145,0.999881,0.007090,0.013725,-0.006864,0.999840,-0.016490,-0.013840,0.016394,0.999770),fov=70.005516,dt=0.014916},
	{cf=CFrame.new(-12.055035,-1425.511841,-858.444641,0.999909,0.004381,0.012734,-0.004148,0.999824,-0.018281,-0.012812,0.018227,0.999752),fov=70.004135,dt=0.019881},
	{cf=CFrame.new(-11.560011,-1425.317749,-858.416138,0.999930,0.001671,0.011745,-0.001435,0.999797,-0.020074,-0.011776,0.020056,0.999730),fov=70.003098,dt=0.013742},
	{cf=CFrame.new(-11.064983,-1425.123657,-858.387634,0.999942,-0.001041,0.010758,0.001276,0.999760,-0.021869,-0.010732,0.021881,0.999703),fov=70.002319,dt=0.019276},
	{cf=CFrame.new(-10.914328,-1425.210693,-858.135864,0.999945,-0.003174,0.009991,0.003406,0.999723,-0.023282,-0.009915,0.023315,0.999679),fov=70.001740,dt=0.016331},
	{cf=CFrame.new(-10.869505,-1425.436646,-857.728149,0.999943,-0.005600,0.009126,0.005826,0.999673,-0.024890,-0.008984,0.024942,0.999649),fov=70.001305,dt=0.019329},
	{cf=CFrame.new(-10.833651,-1425.617310,-857.402039,0.999936,-0.007541,0.008436,0.007760,0.999627,-0.026177,-0.008235,0.026241,0.999622),fov=70.000984,dt=0.016151},
	{cf=CFrame.new(-10.797791,-1425.798096,-857.075867,0.999925,-0.009483,0.007745,0.009692,0.999576,-0.027466,-0.007482,0.027539,0.999593),fov=70.000740,dt=0.016546},
	{cf=CFrame.new(-10.761932,-1425.978882,-856.749756,0.999910,-0.011425,0.007056,0.011624,0.999519,-0.028756,-0.006724,0.028835,0.999561),fov=70.000557,dt=0.017321},
	{cf=CFrame.new(-10.726078,-1426.159546,-856.423584,0.999890,-0.013368,0.006368,0.013553,0.999457,-0.030047,-0.005963,0.030130,0.999528),fov=70.000420,dt=0.016746},
	{cf=CFrame.new(-10.690218,-1426.340332,-856.097412,0.999867,-0.015311,0.005681,0.015482,0.999389,-0.031338,-0.005198,0.031422,0.999493),fov=70.000313,dt=0.020070},
	{cf=CFrame.new(-10.952995,-1425.795654,-855.965881,0.999822,-0.018263,0.004815,0.018415,0.999261,-0.033734,-0.004195,0.033816,0.999419),fov=70.000237,dt=0.015956},
	{cf=CFrame.new(-11.163216,-1425.359985,-855.860657,0.999779,-0.020626,0.004124,0.020760,0.999149,-0.035651,-0.003385,0.035729,0.999356),fov=70.000175,dt=0.018081},
	{cf=CFrame.new(-11.373438,-1424.924316,-855.755493,0.999730,-0.022989,0.003435,0.023102,0.999027,-0.037570,-0.002568,0.037639,0.999288),fov=70.000130,dt=0.021245},
	{cf=CFrame.new(-11.636219,-1424.379761,-855.623962,0.999660,-0.025945,0.002576,0.026027,0.998862,-0.039970,-0.001536,0.040024,0.999197),fov=70.000099,dt=0.021158},
	{cf=CFrame.new(-11.875395,-1424.478271,-855.625122,0.999595,-0.028395,0.001872,0.028449,0.998714,-0.041961,-0.000678,0.041997,0.999117),fov=70.000076,dt=0.012987},
	{cf=CFrame.new(-12.009455,-1424.794678,-855.678833,0.999559,-0.029663,0.001511,0.029701,0.998634,-0.042991,-0.000234,0.043017,0.999074),fov=70.000061,dt=0.014794},
	{cf=CFrame.new(-12.188200,-1425.216553,-855.750549,0.999508,-0.031355,0.001031,0.031369,0.998523,-0.044365,0.000362,0.044376,0.999015),fov=70.000046,dt=0.015492},
	{cf=CFrame.new(-12.366951,-1425.638428,-855.822205,0.999454,-0.033046,0.000554,0.033037,0.998407,-0.045741,0.000959,0.045734,0.998953),fov=70.000031,dt=0.013042},
	{cf=CFrame.new(-12.501013,-1425.954834,-855.875977,0.999411,-0.034316,0.000198,0.034288,0.998317,-0.046772,0.001407,0.046752,0.998906),fov=70.000023,dt=0.017851},
	{cf=CFrame.new(-12.679762,-1426.376587,-855.947632,0.999351,-0.036009,-0.000275,0.035954,0.998193,-0.048149,0.002008,0.048108,0.998840),fov=70.000015,dt=0.018905},
	{cf=CFrame.new(-12.858511,-1426.798462,-856.019287,0.999289,-0.037702,-0.000746,0.037619,0.998064,-0.049526,0.002612,0.049462,0.998773),fov=70.000015,dt=0.015386},
	{cf=CFrame.new(-12.997429,-1427.123413,-856.078552,0.999228,-0.039266,-0.001126,0.039157,0.997934,-0.050939,0.003124,0.050856,0.998701),fov=70.000015,dt=0.020023},
	{cf=CFrame.new(-13.021706,-1427.166260,-856.106018,0.999169,-0.040734,-0.001259,0.040610,0.997777,-0.052841,0.003408,0.052746,0.998602),fov=70.000015,dt=0.018210},
	{cf=CFrame.new(-13.036271,-1427.191895,-856.122498,0.999133,-0.041614,-0.001337,0.041482,0.997680,-0.053982,0.003581,0.053880,0.998541),fov=70.000015,dt=0.014441},
	{cf=CFrame.new(-13.060546,-1427.234619,-856.149902,0.999070,-0.043082,-0.001468,0.042933,0.997514,-0.055884,0.003872,0.055769,0.998436),fov=70.000015,dt=0.018237},
	{cf=CFrame.new(-13.079968,-1427.268921,-856.171875,0.999019,-0.044257,-0.001571,0.044094,0.997377,-0.057405,0.004108,0.057279,0.998350),fov=70.000015,dt=0.012071},
	{cf=CFrame.new(-13.094532,-1427.294556,-856.188354,0.998979,-0.045138,-0.001648,0.044964,0.997271,-0.058546,0.004286,0.058412,0.998283),fov=70.000015,dt=0.015389},
	{cf=CFrame.new(-13.113955,-1427.328735,-856.210327,0.998926,-0.046313,-0.001750,0.046124,0.997128,-0.060067,0.004527,0.059922,0.998193),fov=70.000015,dt=0.015939},
	{cf=CFrame.new(-13.174873,-1427.354370,-856.235168,0.998868,-0.047536,-0.001854,0.047332,0.996975,-0.061652,0.004779,0.061494,0.998096),fov=70.167084,dt=0.020436},
	{cf=CFrame.new(-13.360268,-1427.354004,-856.268616,0.998801,-0.048907,-0.001963,0.048685,0.996798,-0.063426,0.005058,0.063255,0.997985),fov=70.459274,dt=0.015203},
	{cf=CFrame.new(-13.545666,-1427.353760,-856.302002,0.998733,-0.050278,-0.002071,0.050036,0.996617,-0.065201,0.005342,0.065015,0.997870),fov=70.844933,dt=0.014930},
	{cf=CFrame.new(-13.731066,-1427.353394,-856.335449,0.998663,-0.051649,-0.002177,0.051388,0.996431,-0.066976,0.005629,0.066774,0.997752),fov=71.300140,dt=0.011484},
	{cf=CFrame.new(-13.870117,-1427.353149,-856.360535,0.998609,-0.052677,-0.002257,0.052401,0.996287,-0.068307,0.005846,0.068094,0.997662),fov=71.806755,dt=0.016208},
	{cf=CFrame.new(-14.009165,-1427.353027,-856.385620,0.998554,-0.053706,-0.002335,0.053413,0.996141,-0.069638,0.006066,0.069412,0.997570),fov=72.350998,dt=0.015446},
	{cf=CFrame.new(-14.194564,-1427.352661,-856.419067,0.998479,-0.055077,-0.002440,0.054762,0.995943,-0.071412,0.006363,0.071170,0.997444),fov=72.922348,dt=0.017836},
	{cf=CFrame.new(-14.040995,-1427.120728,-856.137756,0.998416,-0.056219,-0.002382,0.055894,0.995746,-0.073248,0.006490,0.072998,0.997311),fov=73.512741,dt=0.016725},
	{cf=CFrame.new(-13.774448,-1426.811646,-855.751587,0.998355,-0.057285,-0.002270,0.056953,0.995548,-0.075103,0.006563,0.074850,0.997173),fov=74.115936,dt=0.016466},
	{cf=CFrame.new(-13.507903,-1426.502563,-855.365356,0.998294,-0.058351,-0.002158,0.058012,0.995345,-0.076959,0.006639,0.076702,0.997032),fov=74.727074,dt=0.016254},
	{cf=CFrame.new(-13.241354,-1426.193481,-854.979187,0.998231,-0.059416,-0.002045,0.059070,0.995138,-0.078814,0.006718,0.078553,0.996887),fov=75.342346,dt=0.017029},
	{cf=CFrame.new(-12.974809,-1425.884399,-854.593018,0.998167,-0.060481,-0.001931,0.060129,0.994926,-0.080668,0.006801,0.080404,0.996739),fov=75.958710,dt=0.015548},
	{cf=CFrame.new(-12.708260,-1425.575317,-854.206787,0.998102,-0.061546,-0.001817,0.061187,0.994709,-0.082523,0.006886,0.082255,0.996587),fov=76.573708,dt=0.017222},
	{cf=CFrame.new(-12.659426,-1425.548218,-854.109680,0.998060,-0.062226,-0.001762,0.061857,0.994528,-0.084191,0.006991,0.083918,0.996448),fov=77.185326,dt=0.016186},
	{cf=CFrame.new(-12.683159,-1425.615234,-854.108887,0.998026,-0.062778,-0.001727,0.062399,0.994357,-0.085796,0.007104,0.085519,0.996311),fov=77.791908,dt=0.016934},
	{cf=CFrame.new(-12.706888,-1425.682129,-854.108154,0.997991,-0.063329,-0.001692,0.062940,0.994183,-0.087402,0.007218,0.087120,0.996172),fov=78.392021,dt=0.016222},
	{cf=CFrame.new(-12.730620,-1425.749146,-854.107361,0.997956,-0.063881,-0.001657,0.063480,0.994006,-0.089007,0.007333,0.088720,0.996029),fov=78.984428,dt=0.017023},
	{cf=CFrame.new(-12.754351,-1425.816040,-854.106567,0.997921,-0.064433,-0.001623,0.064021,0.993826,-0.090612,0.007451,0.090320,0.995885),fov=79.568054,dt=0.015938},
	{cf=CFrame.new(-12.778080,-1425.882935,-854.105835,0.997885,-0.064984,-0.001587,0.064561,0.993644,-0.092217,0.007570,0.091920,0.995738),fov=80.141945,dt=0.017904},
	{cf=CFrame.new(-12.738461,-1425.825684,-853.970276,0.997849,-0.065535,-0.001548,0.065102,0.993458,-0.093822,0.007687,0.093519,0.995588),fov=80.705208,dt=0.016522},
	{cf=CFrame.new(-12.662539,-1425.702271,-853.744690,0.997804,-0.066224,-0.001498,0.065777,0.993222,-0.095827,0.007834,0.095518,0.995397),fov=81.257042,dt=0.015739},
	{cf=CFrame.new(-12.616986,-1425.628296,-853.609375,0.997776,-0.066638,-0.001468,0.066181,0.993079,-0.097030,0.007924,0.096717,0.995280),fov=81.796715,dt=0.017126},
	{cf=CFrame.new(-12.556246,-1425.529541,-853.428894,0.997739,-0.067189,-0.001428,0.066721,0.992885,-0.098634,0.008044,0.098315,0.995123),fov=82.323502,dt=0.017693},
	{cf=CFrame.new(-12.495510,-1425.430908,-853.248413,0.997702,-0.067740,-0.001387,0.067260,0.992688,-0.100237,0.008167,0.099913,0.994963),fov=82.836746,dt=0.015942},
	{cf=CFrame.new(-12.434771,-1425.332153,-853.067932,0.997664,-0.068291,-0.001347,0.067799,0.992487,-0.101840,0.008291,0.101511,0.994800),fov=83.335823,dt=0.016334},
	{cf=CFrame.new(-12.402296,-1425.278442,-853.013000,0.997673,-0.068163,-0.001416,0.067656,0.992392,-0.102865,0.008417,0.102530,0.994694),fov=83.820129,dt=0.015905},
	{cf=CFrame.new(-12.379230,-1425.239624,-852.999939,0.997697,-0.067809,-0.001522,0.067286,0.992330,-0.103697,0.008542,0.103356,0.994608),fov=84.289093,dt=0.018158},
	{cf=CFrame.new(-12.356168,-1425.200806,-852.986816,0.997721,-0.067455,-0.001629,0.066915,0.992268,-0.104529,0.008667,0.104181,0.994521),fov=84.742172,dt=0.015835},
	{cf=CFrame.new(-12.333108,-1425.161987,-852.973694,0.997745,-0.067101,-0.001736,0.066545,0.992205,-0.105360,0.008792,0.105007,0.994433),fov=85.178841,dt=0.017335},
	{cf=CFrame.new(-12.310048,-1425.123169,-852.960632,0.997768,-0.066747,-0.001844,0.066174,0.992141,-0.106192,0.008917,0.105833,0.994344),fov=85.598595,dt=0.016019},
	{cf=CFrame.new(-12.286987,-1425.084351,-852.947510,0.997792,-0.066393,-0.001952,0.065803,0.992077,-0.107023,0.009042,0.106658,0.994255),fov=86.000954,dt=0.017453},
	{cf=CFrame.new(-12.263926,-1425.045532,-852.934448,0.997815,-0.066039,-0.002061,0.065432,0.992011,-0.107854,0.009167,0.107484,0.994164),fov=86.385475,dt=0.016443},
	{cf=CFrame.new(-12.240862,-1425.006714,-852.921326,0.997838,-0.065686,-0.002171,0.065061,0.991945,-0.108685,0.009292,0.108309,0.994074),fov=86.751701,dt=0.016549},
	{cf=CFrame.new(-12.395969,-1425.135986,-852.986084,0.997871,-0.065173,-0.002328,0.064523,0.991847,-0.109890,0.009471,0.109506,0.993941),fov=87.099228,dt=0.015560},
	{cf=CFrame.new(-12.610474,-1425.321411,-853.076782,0.997908,-0.064607,-0.002502,0.063929,0.991738,-0.111220,0.009667,0.110827,0.993793),fov=87.427673,dt=0.017621},
	{cf=CFrame.new(-12.824980,-1425.506714,-853.167480,0.997944,-0.064042,-0.002678,0.063335,0.991626,-0.112549,0.009863,0.112148,0.993643),fov=87.736656,dt=0.015631},
	{cf=CFrame.new(-13.039478,-1425.692139,-853.258179,0.997979,-0.063477,-0.002855,0.062740,0.991512,-0.113877,0.010059,0.113468,0.993491),fov=88.025841,dt=0.017418},
	{cf=CFrame.new(-13.253979,-1425.877441,-853.348877,0.998014,-0.062912,-0.003033,0.062145,0.991396,-0.115206,0.010255,0.114789,0.993337),fov=88.294891,dt=0.016037},
	{cf=CFrame.new(-13.300488,-1425.877930,-853.372253,0.998062,-0.062140,-0.003234,0.061345,0.991342,-0.116090,0.010420,0.115667,0.993233),fov=88.543518,dt=0.017114},
	{cf=CFrame.new(-13.290994,-1425.816895,-853.373230,0.998114,-0.061298,-0.003442,0.060477,0.991309,-0.116827,0.010574,0.116399,0.993146),fov=88.771439,dt=0.016031},
	{cf=CFrame.new(-13.281497,-1425.755737,-853.374146,0.998164,-0.060456,-0.003652,0.059609,0.991275,-0.117564,0.010727,0.117130,0.993059),fov=88.978386,dt=0.017520},
	{cf=CFrame.new(-13.271999,-1425.694702,-853.375122,0.998214,-0.059615,-0.003863,0.058741,0.991239,-0.118300,0.010882,0.117861,0.992970),fov=89.164139,dt=0.017646},
	{cf=CFrame.new(-13.262503,-1425.633545,-853.376099,0.998263,-0.058774,-0.004074,0.057872,0.991202,-0.119036,0.011035,0.118593,0.992882),fov=89.328491,dt=0.015415},
	{cf=CFrame.new(-13.253010,-1425.572388,-853.377075,0.998311,-0.057933,-0.004287,0.057004,0.991164,-0.119771,0.011188,0.119325,0.992792),fov=89.471268,dt=0.016617},
	{cf=CFrame.new(-13.243512,-1425.511353,-853.377991,0.998359,-0.057092,-0.004501,0.056135,0.991124,-0.120507,0.011341,0.120056,0.992702),fov=89.592285,dt=0.016236},
	{cf=CFrame.new(-13.233051,-1425.515259,-853.265442,0.998419,-0.055999,-0.004777,0.055005,0.991071,-0.121462,0.011536,0.121007,0.992585),fov=89.691422,dt=0.017246},
	{cf=CFrame.new(-13.222269,-1425.540771,-853.114990,0.998483,-0.054821,-0.005076,0.053788,0.991011,-0.122491,0.011746,0.122032,0.992456),fov=89.768570,dt=0.017928},
	{cf=CFrame.new(-13.211487,-1425.566406,-852.964539,0.998546,-0.053644,-0.005377,0.052571,0.990949,-0.123519,0.011954,0.123057,0.992328),fov=88.973404,dt=0.015620},
	{cf=CFrame.new(-13.200703,-1425.592041,-852.814148,0.998607,-0.052468,-0.005680,0.051354,0.990884,-0.124547,0.012163,0.124082,0.992198),fov=87.527969,dt=0.016885},
	{cf=CFrame.new(-13.189917,-1425.617676,-852.663696,0.998666,-0.051292,-0.005984,0.050136,0.990817,-0.125574,0.012370,0.125106,0.992066),fov=85.602776,dt=0.015905},
	{cf=CFrame.new(-13.189963,-1425.671265,-852.613770,0.998711,-0.050368,-0.006223,0.049179,0.990762,-0.126381,0.012531,0.125912,0.991962),fov=83.329620,dt=0.026117},
	{cf=CFrame.new(-13.193624,-1425.734131,-852.597290,0.998752,-0.049527,-0.006441,0.048309,0.990711,-0.127114,0.012676,0.126644,0.991867),fov=80.811218,dt=0.015123},
	{cf=CFrame.new(-13.198191,-1425.812744,-852.576721,0.998802,-0.048477,-0.006714,0.047221,0.990645,-0.128030,0.012857,0.127559,0.991748),fov=78.128403,dt=0.011051},
	{cf=CFrame.new(-13.201851,-1425.875610,-852.560303,0.998841,-0.047638,-0.006933,0.046351,0.990592,-0.128762,0.013002,0.128292,0.991651),fov=75.345497,dt=0.015457},
	{cf=CFrame.new(-13.204595,-1425.922729,-852.547974,0.998869,-0.047008,-0.007099,0.045698,0.990551,-0.129312,0.013110,0.128841,0.991579),fov=72.514320,dt=0.021672},
	{cf=CFrame.new(-13.209164,-1426.001343,-852.527405,0.998916,-0.045959,-0.007375,0.044609,0.990480,-0.130227,0.013290,0.129756,0.991457),fov=69.677238,dt=0.011329},
	{cf=CFrame.new(-13.211910,-1426.048462,-852.515076,0.998944,-0.045330,-0.007542,0.043956,0.990437,-0.130775,0.013398,0.130306,0.991383),fov=66.869331,dt=0.017544},
	{cf=CFrame.new(-13.106293,-1425.999878,-853.420227,0.999483,-0.032055,-0.002387,0.031560,0.992720,-0.116236,0.006096,0.116100,0.993219),fov=64.120087,dt=0.022261},
	{cf=CFrame.new(-13.026398,-1425.951660,-854.102234,0.999750,-0.022291,0.001577,0.022334,0.994200,-0.105205,0.000777,0.105214,0.994449),fov=61.454620,dt=0.014379},
	{cf=CFrame.new(-12.893231,-1425.871216,-855.238892,0.999947,-0.006090,0.008290,0.006787,0.996198,-0.086849,-0.007729,0.086901,0.996187),fov=58.894573,dt=0.012956},
	{cf=CFrame.new(-12.813334,-1425.822998,-855.920959,0.999917,0.003585,0.012380,-0.002636,0.997115,-0.075856,-0.012616,0.075817,0.997042),fov=56.458805,dt=0.017773},
	{cf=CFrame.new(-12.706806,-1425.758667,-856.830261,0.999705,0.016430,0.017904,-0.015305,0.998007,-0.061226,-0.018874,0.060934,0.997963),fov=54.163864,dt=0.019072},
	{cf=CFrame.new(-12.600274,-1425.694336,-857.739624,0.999297,0.029207,0.023507,-0.028087,0.998517,-0.046631,-0.024834,0.045938,0.998636),fov=52.024334,dt=0.015830},
	{cf=CFrame.new(-12.493742,-1425.630005,-858.648926,0.998695,0.041914,0.029188,-0.040974,0.998645,-0.032077,-0.030493,0.030839,0.999059),fov=50.053104,dt=0.018964},
	{cf=CFrame.new(-12.360580,-1425.549683,-859.785645,0.997671,0.057693,0.036398,-0.057218,0.998264,-0.013948,-0.037139,0.011833,0.999240),fov=48.261562,dt=0.022445},
	{cf=CFrame.new(-13.057782,-1425.679077,-860.379333,0.999059,0.034775,0.025936,-0.034432,0.999315,-0.013535,-0.026389,0.012629,0.999572),fov=46.659710,dt=0.017259},
	{cf=CFrame.new(-12.797690,-1425.802979,-858.487366,0.999863,0.008445,0.014221,-0.008223,0.999845,-0.015595,-0.014351,0.015476,0.999777),fov=45.256233,dt=0.014556},
	{cf=CFrame.new(-10.878484,-1425.391357,-857.809814,0.999944,-0.005114,0.009300,0.005341,0.999684,-0.024568,-0.009171,0.024616,0.999655),fov=44.058601,dt=0.016687},
	{cf=CFrame.new(-10.952946,-1425.795776,-855.965942,0.999822,-0.018263,0.004815,0.018415,0.999261,-0.033733,-0.004195,0.033816,0.999419),fov=43.073090,dt=0.020700},
	{cf=CFrame.new(-12.366886,-1425.638184,-855.822205,0.999454,-0.033047,0.000561,0.033038,0.998407,-0.045741,0.000952,0.045734,0.998953),fov=42.408985,dt=0.024715},
	{cf=CFrame.new(-13.128513,-1427.354370,-856.226807,0.998884,-0.047193,-0.001827,0.046993,0.997018,-0.061207,0.004710,0.061053,0.998123),fov=42.015072,dt=0.029770},
	{cf=CFrame.new(-13.041510,-1425.961792,-854.689636,0.998184,-0.060215,-0.001960,0.059864,0.994979,-0.080204,0.006779,0.079941,0.996777),fov=41.927971,dt=0.044290},
	{cf=CFrame.new(-12.601820,-1425.603638,-853.564270,0.997767,-0.066775,-0.001458,0.066316,0.993030,-0.097430,0.007954,0.097116,0.995241),fov=42.070976,dt=0.028637},
	{cf=CFrame.new(-13.290994,-1425.816895,-853.373230,0.998114,-0.061298,-0.003442,0.060477,0.991309,-0.116827,0.010574,0.116398,0.993146),fov=42.386566,dt=0.036114},
	{cf=CFrame.new(-13.187222,-1425.624023,-852.626099,0.998680,-0.050998,-0.006061,0.049832,0.990799,-0.125830,0.012422,0.125362,0.992033),fov=42.831593,dt=0.035396},
	{cf=CFrame.new(-13.431193,-1425.312256,-852.929016,0.999242,-0.037811,-0.009313,0.036182,0.989920,-0.136927,0.014396,0.136486,0.990537),fov=43.373695,dt=0.040090},
	{cf=CFrame.new(-13.192055,-1425.367920,-852.016602,0.999712,-0.022220,-0.009034,0.020702,0.989514,-0.142942,0.012115,0.142714,0.989690),fov=44.170895,dt=0.033919},
	{cf=CFrame.new(-13.301679,-1425.830811,-851.996460,0.999903,-0.012633,-0.005893,0.011670,0.989829,-0.141781,0.007624,0.141698,0.989881),fov=45.029217,dt=0.064187},
	{cf=CFrame.new(-13.158577,-1425.300781,-851.079224,0.999997,0.002239,0.000671,-0.002125,0.990515,-0.137387,-0.000972,0.137385,0.990517),fov=46.193787,dt=0.033121},
	{cf=CFrame.new(-13.111854,-1425.675537,-850.700500,0.999733,0.021107,0.009440,-0.019715,0.991451,-0.128977,-0.012081,0.128757,0.991603),fov=47.803825,dt=0.021915},
	{cf=CFrame.new(-13.131039,-1425.713135,-850.408752,0.999311,0.033611,0.015731,-0.031475,0.992213,-0.120507,-0.019659,0.119929,0.992588),fov=49.379654,dt=0.041878},
	{cf=CFrame.new(-13.150707,-1425.750854,-850.126160,0.998641,0.046945,0.022623,-0.044161,0.992854,-0.110862,-0.027666,0.109712,0.993578),fov=51.666435,dt=0.026673},
	{cf=CFrame.new(-13.162270,-1425.828735,-849.203674,0.998739,0.044453,0.023309,-0.041998,0.994405,-0.096924,-0.027488,0.095823,0.995019),fov=53.749825,dt=0.033027},
	{cf=CFrame.new(-13.148077,-1425.898926,-848.083862,0.999784,0.016922,0.012091,-0.015773,0.995862,-0.089501,-0.013556,0.089290,0.995913),fov=45.479034,dt=0.027191},
	{cf=CFrame.new(-15.498193,-1425.830933,-834.491638,0.999392,-0.032932,-0.011474,0.031861,0.995993,-0.083563,0.014179,0.083147,0.996436),fov=34.928242,dt=0.019353},
	{cf=CFrame.new(-13.138789,-1425.415283,-830.059570,0.997856,-0.054603,-0.036071,0.051415,0.995134,-0.084054,0.040485,0.082019,0.995808),fov=27.584110,dt=0.049102},
	{cf=CFrame.new(-18.777750,-1418.222290,-823.981018,0.988809,-0.093918,-0.115913,0.083352,0.992183,-0.092870,0.123729,0.082169,0.988908),fov=23.782913,dt=0.046960},
	{cf=CFrame.new(-42.194824,-1422.206665,-806.861572,0.954823,-0.130910,-0.266787,0.103474,0.988022,-0.114481,0.278578,0.081703,0.956932),fov=22.638908,dt=0.037206},
	{cf=CFrame.new(-46.958641,-1414.424561,-813.685669,0.931508,-0.131738,-0.339026,0.095900,0.988077,-0.120448,0.350851,0.079686,0.933035),fov=22.648428,dt=0.036503},
	{cf=CFrame.new(-55.254150,-1410.519897,-794.848694,0.892564,-0.107911,-0.437818,0.061774,0.991051,-0.118331,0.446669,0.078572,0.891242),fov=23.252684,dt=0.031566},
	{cf=CFrame.new(-69.283028,-1420.892700,-790.610596,0.849644,-0.081392,-0.521038,0.053428,0.996219,-0.068498,0.524644,0.030361,0.850780),fov=24.506842,dt=0.035740},
	{cf=CFrame.new(-72.894455,-1413.168091,-786.936768,0.811639,-0.053612,-0.581694,0.056706,0.998308,-0.012887,0.581400,-0.022526,0.813306),fov=26.310455,dt=0.022430},
	{cf=CFrame.new(-71.403168,-1402.906860,-797.405640,0.773597,-0.026798,-0.633111,0.054346,0.998230,0.024153,0.631343,-0.053092,0.773684),fov=28.463028,dt=0.037104},
	{cf=CFrame.new(-88.196548,-1405.175537,-804.334595,0.700536,0.017956,-0.713391,0.059308,0.994760,0.083277,0.711148,-0.100649,0.695801),fov=31.009556,dt=0.037903},
	{cf=CFrame.new(-101.774933,-1407.040527,-811.035767,0.618693,0.065493,-0.782898,0.072195,0.987563,0.139667,0.782309,-0.142932,0.606270),fov=33.882343,dt=0.041708},
	{cf=CFrame.new(-109.257828,-1406.938477,-828.329041,0.503753,0.132032,-0.853698,0.084468,0.975986,0.200788,0.859708,-0.173258,0.480504),fov=37.398296,dt=0.034433},
	{cf=CFrame.new(-116.334167,-1413.325073,-842.716187,0.392881,0.194870,-0.898705,0.094986,0.963462,0.250436,0.914670,-0.183756,0.360016),fov=41.006550,dt=0.039085},
	{cf=CFrame.new(-118.466644,-1405.330078,-857.209961,0.269489,0.225140,-0.936316,0.092170,0.961794,0.257794,0.958583,-0.155773,0.238441),fov=44.253799,dt=0.030836},
	{cf=CFrame.new(-119.244370,-1410.928955,-869.745300,0.161196,0.247295,-0.955438,0.102968,0.958601,0.265486,0.981536,-0.141175,0.129059),fov=47.256523,dt=0.040293},
	{cf=CFrame.new(-113.466385,-1400.944092,-877.248718,0.052796,0.264782,-0.962862,0.119200,0.955642,0.269332,0.991466,-0.128993,0.018892),fov=50.022732,dt=0.032071},
	{cf=CFrame.new(-116.188614,-1394.281128,-890.526672,-0.054603,0.282227,-0.957792,0.138782,0.952058,0.272625,0.988816,-0.118038,-0.091153),fov=52.640274,dt=0.033364},
	{cf=CFrame.new(-112.731155,-1391.825562,-899.224121,-0.161070,0.297829,-0.940933,0.159321,0.948723,0.273022,0.973999,-0.105934,-0.200261),fov=55.132313,dt=0.022507},
	{cf=CFrame.new(-101.428329,-1395.453491,-911.119080,-0.251672,0.311455,-0.916328,0.178257,0.945522,0.272420,0.951255,-0.094781,-0.293481),fov=57.235931,dt=0.031429},
	{cf=CFrame.new(-106.334366,-1386.246338,-918.860901,-0.339246,0.319853,-0.884650,0.193551,0.944032,0.267100,0.920571,-0.080612,-0.382167),fov=59.340969,dt=0.024341},
	{cf=CFrame.new(-100.923691,-1386.665039,-927.273865,-0.408984,0.320541,-0.854392,0.197926,0.945149,0.259846,0.890819,-0.062833,-0.449994),fov=61.474121,dt=0.029818},
	{cf=CFrame.new(-83.920425,-1378.776855,-933.015686,-0.475004,0.314520,-0.821857,0.195448,0.948326,0.249957,0.858004,-0.041899,-0.511931),fov=63.597481,dt=0.032154},
	{cf=CFrame.new(-85.094833,-1381.064087,-933.955322,-0.547281,0.302746,-0.780274,0.187366,0.952941,0.238323,0.815707,-0.015767,-0.578251),fov=65.697945,dt=0.024223},
	{cf=CFrame.new(-79.788742,-1378.573853,-940.367310,-0.624532,0.287950,-0.725979,0.176623,0.957542,0.227855,0.760766,0.014079,-0.648874),fov=67.488541,dt=0.036791},
	{cf=CFrame.new(-75.850632,-1373.942993,-944.762451,-0.681106,0.270883,-0.680233,0.166155,0.961991,0.216716,0.713083,0.034583,-0.700227),fov=69.313843,dt=0.033103},
	{cf=CFrame.new(-66.241409,-1371.744385,-947.306580,-0.762908,0.246939,-0.597489,0.152351,0.966821,0.205051,0.628300,0.065407,-0.775217),fov=71.179543,dt=0.025711},
	{cf=CFrame.new(-60.559387,-1368.857666,-951.345520,-0.821893,0.225610,-0.523061,0.141166,0.970252,0.196679,0.551874,0.087810,-0.829292),fov=73.105606,dt=0.032312},
	{cf=CFrame.new(-48.603081,-1367.126709,-952.676880,-0.880704,0.198287,-0.430166,0.127678,0.973925,0.187533,0.456134,0.110238,-0.883057),fov=75.047058,dt=0.040019},
	{cf=CFrame.new(-41.610023,-1366.565186,-957.021240,-0.928704,0.167706,-0.330732,0.113081,0.977489,0.178126,0.353159,0.128027,-0.926762),fov=76.968788,dt=0.029923},
	{cf=CFrame.new(-30.742702,-1367.295654,-960.271729,-0.961274,0.140375,-0.237165,0.100689,0.979954,0.171909,0.256542,0.141371,-0.956138),fov=78.507126,dt=0.027037},
	{cf=CFrame.new(-21.963499,-1370.767822,-958.770325,-0.986479,0.108543,-0.122790,0.087218,0.982026,0.167382,0.138751,0.154409,-0.978216),fov=79.364792,dt=0.026227},
	{cf=CFrame.new(-13.424079,-1366.493652,-960.744934,-0.995979,0.083111,-0.033435,0.076572,0.983516,0.163805,0.046498,0.160586,-0.985926),fov=79.820282,dt=0.020195},
	{cf=CFrame.new(-10.354867,-1368.647217,-956.714783,-0.996761,0.059129,0.054514,0.067266,0.984481,0.162090,-0.044084,0.165231,-0.985269),fov=79.999237,dt=0.025629},
	{cf=CFrame.new(-0.849491,-1368.308594,-955.251770,-0.991392,0.039655,0.124774,0.059498,0.985391,0.159575,-0.116623,0.165625,-0.979269),fov=79.861565,dt=0.101016},
	{cf=CFrame.new(2.436258,-1367.895996,-957.662415,-0.979534,0.015908,0.200651,0.045739,0.988385,0.144926,-0.196015,0.151137,-0.968884),fov=78.931038,dt=0.036026},
	{cf=CFrame.new(14.649017,-1370.486328,-947.964294,-0.932288,-0.015084,0.361403,0.040569,0.988466,0.145909,-0.359436,0.150691,-0.920923),fov=77.973930,dt=0.036304},
	{cf=CFrame.new(20.517235,-1370.190063,-946.543823,-0.890946,-0.032024,0.452979,0.037779,0.988825,0.144213,-0.452535,0.145599,-0.879780),fov=77.007690,dt=0.044083},
	{cf=CFrame.new(26.764305,-1370.238281,-943.021301,-0.845612,-0.046122,0.531802,0.034672,0.989411,0.140941,-0.532671,0.137620,-0.835058),fov=75.941887,dt=0.039158},
	{cf=CFrame.new(31.412556,-1370.614746,-936.900879,-0.780758,-0.061674,0.621782,0.032748,0.989710,0.139289,-0.623975,0.129114,-0.770704),fov=74.916031,dt=0.024773},
	{cf=CFrame.new(36.547497,-1370.561279,-931.635010,-0.720503,-0.073375,0.689559,0.032220,0.989770,0.138987,-0.692703,0.122358,-0.710768),fov=73.939919,dt=0.023340},
	{cf=CFrame.new(39.650360,-1370.251587,-927.196289,-0.676803,-0.080280,0.731774,0.031480,0.989971,0.137720,-0.735491,0.116246,-0.667488),fov=73.101212,dt=0.022462},
	{cf=CFrame.new(42.392830,-1372.133667,-924.422363,-0.630039,-0.086130,0.771772,0.031597,0.990164,0.136297,-0.775920,0.110258,-0.621121),fov=72.369843,dt=0.026058},
	{cf=CFrame.new(45.315273,-1372.328125,-921.541443,-0.579635,-0.090163,0.809873,0.032779,0.990476,0.133730,-0.814217,0.104061,-0.571159),fov=71.627747,dt=0.030357},
	{cf=CFrame.new(47.034496,-1370.969727,-916.159363,-0.516309,-0.092776,0.851362,0.035895,0.990897,0.129750,-0.855650,0.097551,-0.508278),fov=70.881554,dt=0.030908},
	{cf=CFrame.new(49.578060,-1373.248901,-911.360291,-0.448555,-0.093434,0.888858,0.040395,0.991385,0.124597,-0.892842,0.091794,-0.440917),fov=70.132629,dt=0.025962},
	{cf=CFrame.new(50.717113,-1372.538818,-907.121948,-0.377713,-0.093460,0.921194,0.045719,0.991797,0.119369,-0.924793,0.087204,-0.370341),fov=69.476295,dt=0.035545},
	{cf=CFrame.new(49.986965,-1373.089966,-902.547668,-0.304372,-0.091956,0.948104,0.050194,0.992398,0.112366,-0.951230,0.081791,-0.297443),fov=68.794762,dt=0.026448},
	{cf=CFrame.new(53.725803,-1370.639648,-896.487854,-0.218685,-0.091012,0.971542,0.056194,0.992814,0.105653,-0.974176,0.077700,-0.211999),fov=68.094322,dt=0.041357},
	{cf=CFrame.new(53.913181,-1371.922607,-892.034363,-0.152765,-0.087514,0.984380,0.058936,0.993492,0.097470,-0.986504,0.072905,-0.146613),fov=67.379707,dt=0.024497},
	{cf=CFrame.new(54.094891,-1371.844727,-886.652344,-0.053599,-0.085921,0.994859,0.065458,0.993846,0.089360,-0.996415,0.069911,-0.047645),fov=66.654457,dt=0.034202},
	{cf=CFrame.new(53.188816,-1372.607178,-882.466431,0.013217,-0.082442,0.996508,0.068364,0.994338,0.081356,-0.997573,0.067050,0.018778),fov=65.921242,dt=0.033061},
	{cf=CFrame.new(52.878139,-1371.873657,-875.436096,0.123138,-0.079052,0.989236,0.076236,0.994630,0.069993,-0.989457,0.066797,0.128504),fov=65.182053,dt=0.030801},
	{cf=CFrame.new(50.574070,-1373.839600,-869.976318,0.198464,-0.075651,0.977184,0.083664,0.994685,0.060014,-0.976531,0.069845,0.203738),fov=64.438370,dt=0.037121},
	{cf=CFrame.new(47.920551,-1371.758423,-865.616211,0.291986,-0.072163,0.953696,0.097292,0.994218,0.045442,-0.951461,0.079519,0.297319),fov=63.691338,dt=0.048317},
	{cf=CFrame.new(42.708618,-1373.261841,-858.414917,0.411068,-0.069619,0.908943,0.117417,0.992818,0.022941,-0.904012,0.097295,0.416290),fov=62.847134,dt=0.023103},
	{cf=CFrame.new(40.192459,-1373.495361,-855.696899,0.467926,-0.069433,0.881036,0.126855,0.991863,0.010794,-0.874616,0.106713,0.472926),fov=62.119343,dt=0.027209},
	{cf=CFrame.new(37.324753,-1373.756714,-852.281860,0.522258,-0.069442,0.849955,0.135113,0.990828,-0.002069,-0.842016,0.115920,0.526851),fov=61.384205,dt=0.030664},
	{cf=CFrame.new(34.313442,-1373.594727,-849.649536,0.579253,-0.070456,0.812097,0.142265,0.989706,-0.015610,-0.802637,0.124575,0.583314),fov=60.643570,dt=0.056544},
	{cf=CFrame.new(27.176105,-1374.173218,-846.318726,0.670594,-0.075178,0.738006,0.145706,0.988821,-0.031669,-0.727375,0.128769,0.674051),fov=59.804165,dt=0.023583},
	{cf=CFrame.new(25.107376,-1374.401611,-846.166809,0.697845,-0.076925,0.712106,0.143462,0.989080,-0.033744,-0.701734,0.125708,0.701261),fov=58.985332,dt=0.028774},
	{cf=CFrame.new(23.023712,-1374.551147,-846.230347,0.718613,-0.077384,0.691091,0.140505,0.989450,-0.035308,-0.681068,0.122475,0.721904),fov=58.276566,dt=0.024356},
	{cf=CFrame.new(20.017529,-1374.392456,-846.316284,0.742512,-0.078861,0.665174,0.137204,0.989896,-0.035797,-0.655630,0.117845,0.745829),fov=57.555706,dt=0.023458},
	{cf=CFrame.new(16.454624,-1374.914307,-847.143677,0.770502,-0.080901,0.632283,0.133550,0.990387,-0.036024,-0.623291,0.112198,0.773899),fov=56.920422,dt=0.024507},
	{cf=CFrame.new(13.832497,-1374.920288,-847.522034,0.795541,-0.082079,0.600314,0.130023,0.990827,-0.036835,-0.591784,0.107358,0.798915),fov=56.254677,dt=0.025087},
	{cf=CFrame.new(10.738420,-1375.406250,-848.502869,0.821847,-0.083009,0.563629,0.126192,0.991277,-0.038014,-0.555557,0.102367,0.825153),fov=55.660725,dt=0.025886},
	{cf=CFrame.new(7.273920,-1374.991455,-849.069092,0.850951,-0.083512,0.518564,0.121665,0.991768,-0.039930,-0.510961,0.097070,0.854106),fov=55.025974,dt=0.022845},
	{cf=CFrame.new(3.886318,-1375.442871,-850.712097,0.882600,-0.083275,0.462690,0.115787,0.992375,-0.042262,-0.455643,0.090874,0.885512),fov=54.455269,dt=0.026962},
	{cf=CFrame.new(0.692293,-1375.104736,-852.061401,0.912833,-0.081923,0.400031,0.108793,0.993051,-0.044888,-0.393574,0.084496,0.915402),fov=53.837959,dt=0.026850},
	{cf=CFrame.new(-2.743683,-1375.333252,-853.719238,0.945916,-0.076769,0.315196,0.096260,0.994259,-0.046718,-0.309800,0.074532,0.947876),fov=53.280334,dt=0.026853},
	{cf=CFrame.new(-5.483836,-1375.280151,-855.089355,0.968796,-0.067464,0.238501,0.080708,0.995667,-0.046198,-0.234351,0.064006,0.970043),fov=52.672832,dt=0.026930},
