-- Generated Following Cinematic
local Players = game:GetService('Players')
local RunService = game:GetService('RunService')

local player = Players.LocalPlayer
local camera = workspace.CurrentCamera

local root = player.Character:WaitForChild('HumanoidRootPart')

camera.CameraType = Enum.CameraType.Scriptable

local frames = {
	{cf=CFrame.new(-11.434738,4.715202,-3.632448,-0.308051,0.227994,-0.923647,-0.000000,0.970860,0.239648,0.951370,0.073824,-0.299075),fov=70.000000,dt=0.018547},
	{cf=CFrame.new(-11.434738,4.715173,-3.631821,-0.308051,0.227994,-0.923647,-0.000000,0.970860,0.239648,0.951370,0.073824,-0.299075),fov=70.000000,dt=0.028260},
	{cf=CFrame.new(-11.434738,4.715158,-3.631506,-0.308051,0.227994,-0.923647,-0.000000,0.970860,0.239648,0.951370,0.073824,-0.299075),fov=70.000000,dt=0.014208},
	{cf=CFrame.new(-11.434738,4.715142,-3.631172,-0.308051,0.227994,-0.923647,-0.000000,0.970860,0.239648,0.951370,0.073824,-0.299075),fov=70.000000,dt=0.013687},
	{cf=CFrame.new(-11.434740,4.715131,-3.630922,-0.308051,0.227994,-0.923647,-0.000000,0.970860,0.239648,0.951370,0.073824,-0.299075),fov=70.000000,dt=0.011699},
	{cf=CFrame.new(-11.434739,4.715115,-3.630588,-0.308051,0.227994,-0.923647,-0.000000,0.970860,0.239648,0.951370,0.073824,-0.299075),fov=70.000000,dt=0.015393},
	{cf=CFrame.new(-11.434740,4.715103,-3.630342,-0.308051,0.227994,-0.923647,-0.000000,0.970860,0.239648,0.951370,0.073824,-0.299075),fov=70.000000,dt=0.014156},
	{cf=CFrame.new(-11.434739,4.715089,-3.630052,-0.308051,0.227994,-0.923647,-0.000000,0.970860,0.239648,0.951370,0.073824,-0.299075),fov=70.000000,dt=0.011012},
	{cf=CFrame.new(-11.434739,4.715073,-3.629712,-0.308051,0.227994,-0.923647,-0.000000,0.970860,0.239648,0.951370,0.073824,-0.299075),fov=70.000000,dt=0.016880},
	{cf=CFrame.new(-11.434738,4.715056,-3.629381,-0.308051,0.227994,-0.923647,-0.000000,0.970860,0.239648,0.951370,0.073824,-0.299075),fov=70.000000,dt=0.015842},
	{cf=CFrame.new(-11.434739,4.715039,-3.629030,-0.308051,0.227994,-0.923647,-0.000000,0.970860,0.239648,0.951370,0.073824,-0.299075),fov=70.000000,dt=0.017113},
	{cf=CFrame.new(-11.434740,4.715024,-3.628721,-0.308051,0.227994,-0.923647,-0.000000,0.970860,0.239648,0.951370,0.073824,-0.299075),fov=70.000000,dt=0.015365},
	{cf=CFrame.new(-11.434739,4.715008,-3.628380,-0.308051,0.227994,-0.923647,-0.000000,0.970860,0.239648,0.951370,0.073824,-0.299075),fov=70.000000,dt=0.016939},
	{cf=CFrame.new(-11.434740,4.714991,-3.628047,-0.308051,0.227994,-0.923647,-0.000000,0.970860,0.239648,0.951370,0.073824,-0.299075),fov=70.000000,dt=0.016883},
	{cf=CFrame.new(-11.434739,4.714975,-3.627727,-0.308051,0.227994,-0.923647,-0.000000,0.970860,0.239648,0.951370,0.073824,-0.299075),fov=70.000000,dt=0.017010},
	{cf=CFrame.new(-11.434740,4.714959,-3.627416,-0.308051,0.227994,-0.923647,-0.000000,0.970860,0.239648,0.951370,0.073824,-0.299075),fov=70.000000,dt=0.016194},
	{cf=CFrame.new(-11.434738,4.714944,-3.627106,-0.308051,0.227994,-0.923647,-0.000000,0.970860,0.239648,0.951370,0.073824,-0.299075),fov=70.000000,dt=0.017027},
	{cf=CFrame.new(-11.434739,4.714930,-3.626815,-0.308051,0.227994,-0.923647,-0.000000,0.970860,0.239648,0.951370,0.073824,-0.299075),fov=70.000000,dt=0.015616},
	{cf=CFrame.new(-11.434739,4.714914,-3.626511,-0.308051,0.227994,-0.923647,-0.000000,0.970860,0.239648,0.951370,0.073824,-0.299075),fov=70.000000,dt=0.017365},
	{cf=CFrame.new(-11.434739,4.714899,-3.626212,-0.308051,0.227994,-0.923647,-0.000000,0.970860,0.239648,0.951370,0.073824,-0.299075),fov=70.000000,dt=0.016846},
	{cf=CFrame.new(-11.434739,4.714885,-3.625930,-0.308051,0.227994,-0.923647,-0.000000,0.970860,0.239648,0.951370,0.073824,-0.299075),fov=70.000000,dt=0.016386},
	{cf=CFrame.new(-11.434739,4.714869,-3.625628,-0.308051,0.227994,-0.923647,-0.000000,0.970860,0.239648,0.951370,0.073824,-0.299075),fov=70.000000,dt=0.017597},
	{cf=CFrame.new(-11.434739,4.714856,-3.625361,-0.308051,0.227994,-0.923647,-0.000000,0.970860,0.239648,0.951370,0.073824,-0.299075),fov=70.000000,dt=0.015641},
	{cf=CFrame.new(-11.434740,4.714842,-3.625093,-0.308051,0.227994,-0.923647,-0.000000,0.970860,0.239648,0.951370,0.073824,-0.299075),fov=70.000000,dt=0.017103},
	{cf=CFrame.new(-11.434739,4.714828,-3.624821,-0.308051,0.227994,-0.923647,-0.000000,0.970860,0.239648,0.951370,0.073824,-0.299075),fov=70.000000,dt=0.018025},
	{cf=CFrame.new(-11.434739,4.714815,-3.624567,-0.308051,0.227994,-0.923647,-0.000000,0.970860,0.239648,0.951370,0.073824,-0.299075),fov=70.000000,dt=0.014833},
	{cf=CFrame.new(-11.434739,4.714802,-3.624320,-0.308051,0.227994,-0.923647,-0.000000,0.970860,0.239648,0.951370,0.073824,-0.299075),fov=70.000000,dt=0.016555},
	{cf=CFrame.new(-8.848209,-785.662964,-516.881287,0.838889,0.149848,0.523270,-0.360633,0.873082,0.328132,-0.407688,-0.463975,0.786459),fov=62.500000,dt=0.059654},
	{cf=CFrame.new(-4.480075,-166.598389,-113.566284,0.614136,0.529277,-0.585409,0.019483,0.731381,0.681691,0.788960,-0.430057,0.438855),fov=56.875000,dt=0.047189},
	{cf=CFrame.new(-3.382358,2.210938,-3.296448,0.263064,0.551953,-0.791294,0.226702,0.761853,0.606783,0.937765,-0.339010,0.075287),fov=52.656254,dt=0.020482},
	{cf=CFrame.new(-3.430138,2.199829,-3.166870,0.239696,0.521267,-0.819040,0.251307,0.781566,0.570963,0.937758,-0.342688,0.056340),fov=49.492191,dt=0.020945},
	{cf=CFrame.new(-3.472511,2.192383,-3.063660,0.220256,0.491269,-0.842699,0.270141,0.799403,0.536636,0.937289,-0.345845,0.043362),fov=47.119144,dt=0.020681},
	{cf=CFrame.new(-3.525577,2.183105,-2.934509,0.193434,0.453669,-0.869924,0.292730,0.819597,0.492514,0.936425,-0.349922,0.025736),fov=45.339359,dt=0.016073},
	{cf=CFrame.new(-3.557362,2.177490,-2.857056,0.176037,0.431125,-0.884953,0.305699,0.830601,0.465457,0.935713,-0.352467,0.014421),fov=44.004520,dt=0.011180},
	{cf=CFrame.new(-3.594462,2.173828,-2.779968,0.156772,0.402844,-0.901742,0.317873,0.843868,0.432253,0.935082,-0.354405,0.004241),fov=43.003391,dt=0.013780},
	{cf=CFrame.new(-3.618361,2.173828,-2.741882,0.145624,0.382878,-0.912249,0.323406,0.852998,0.409637,0.934988,-0.354680,0.000392),fov=42.252541,dt=0.014684},
	{cf=CFrame.new(-3.654050,2.175171,-2.681396,0.127396,0.351667,-0.927416,0.329680,0.866858,0.373991,0.935458,-0.353395,-0.005503),fov=41.689411,dt=0.019478},
	{cf=CFrame.new(-3.683690,2.178467,-2.625305,0.110410,0.323559,-0.939744,0.331762,0.879294,0.341724,0.936880,-0.349502,-0.010262),fov=41.267056,dt=0.021742},
	{cf=CFrame.new(-3.707444,2.181030,-2.580322,0.096219,0.301028,-0.948749,0.333105,0.888473,0.315686,0.937967,-0.346408,-0.014786),fov=40.950291,dt=0.016797},
	{cf=CFrame.new(-3.725239,2.182983,-2.546692,0.085235,0.284120,-0.954993,0.333910,0.894908,0.296046,0.938743,-0.344115,-0.018594),fov=40.712719,dt=0.009749},
	{cf=CFrame.new(-3.737116,2.184326,-2.524231,0.077751,0.272850,-0.958910,0.334346,0.898986,0.282909,0.939238,-0.342604,-0.021329),fov=40.534538,dt=0.010586},
	{cf=CFrame.new(-3.752627,2.189575,-2.485352,0.065518,0.254697,-0.964799,0.330325,0.906826,0.261825,0.941590,-0.335852,-0.024719),fov=40.400902,dt=0.015562},
	{cf=CFrame.new(-3.768134,2.194946,-2.446411,0.053022,0.236508,-0.970182,0.326096,0.914185,0.240679,0.943848,-0.329134,-0.028652),fov=40.300678,dt=0.016751},
	{cf=CFrame.new(-3.783670,2.200195,-2.407471,0.040272,0.218293,-0.975052,0.321652,0.921066,0.219491,0.946001,-0.322467,-0.033122),fov=40.225510,dt=0.018293},
	{cf=CFrame.new(-3.798759,2.202515,-2.375732,0.028602,0.203001,-0.978761,0.317009,0.926774,0.201482,0.947991,-0.316039,-0.037846),fov=40.169128,dt=0.016231},
	{cf=CFrame.new(-3.813869,2.204956,-2.343933,0.017523,0.187396,-0.982128,0.312059,0.932186,0.183435,0.949901,-0.309697,-0.042144),fov=40.126850,dt=0.014677},
	{cf=CFrame.new(-3.828931,2.207275,-2.312317,0.006780,0.171535,-0.985155,0.306842,0.937294,0.165313,0.951736,-0.303408,-0.046280),fov=40.095139,dt=0.017105},
	{cf=CFrame.new(-3.851051,2.207764,-2.271973,-0.007834,0.150570,-0.988568,0.298770,0.943794,0.141383,0.954293,-0.294247,-0.052380),fov=40.071354,dt=0.029388},
	{cf=CFrame.new(-3.872339,2.202271,-2.246277,-0.020228,0.135806,-0.990529,0.290772,0.948705,0.124133,0.956579,-0.285507,-0.058679),fov=40.053516,dt=0.022865},
	{cf=CFrame.new(-3.890079,2.197754,-2.224854,-0.030268,0.123285,-0.991910,0.283874,0.952562,0.109733,0.958384,-0.278256,-0.063829),fov=40.040138,dt=0.021280},
	{cf=CFrame.new(-3.904154,2.193481,-2.209473,-0.037887,0.113958,-0.992763,0.278289,0.955377,0.099046,0.959750,-0.272522,-0.067910),fov=40.030106,dt=0.015325},
	{cf=CFrame.new(-3.928160,2.182007,-2.191956,-0.049767,0.101747,-0.993565,0.268698,0.959485,0.084799,0.961938,-0.262748,-0.075089),fov=40.022579,dt=0.027799},
	{cf=CFrame.new(-3.941928,2.175415,-2.182007,-0.056408,0.094659,-0.993910,0.263098,0.961718,0.076661,0.963119,-0.257172,-0.079153),fov=40.016933,dt=0.022360},
	{cf=CFrame.new(-3.960988,2.169189,-2.162598,-0.064486,0.085770,-0.994226,0.254572,0.964750,0.066716,0.964901,-0.248800,-0.084048),fov=40.012699,dt=0.022535},
	{cf=CFrame.new(-3.976846,2.163940,-2.146484,-0.071066,0.078263,-0.994397,0.247361,0.967159,0.058441,0.966314,-0.241822,-0.088091),fov=40.009525,dt=0.016684},
	{cf=CFrame.new(-3.986349,2.160889,-2.136841,-0.074945,0.073715,-0.994459,0.242989,0.968553,0.053483,0.967129,-0.237635,-0.090500),fov=40.007145,dt=0.015337},
	{cf=CFrame.new(-3.997518,2.160156,-2.119568,-0.078141,0.069382,-0.994525,0.237088,0.970249,0.049060,0.968340,-0.231957,-0.092266),fov=40.005360,dt=0.014926},
	{cf=CFrame.new(-4.007061,2.162964,-2.097961,-0.079380,0.066804,-0.994603,0.231141,0.971793,0.046824,0.969676,-0.226177,-0.092582),fov=40.004021,dt=0.018466},
	{cf=CFrame.new(-4.021398,2.167114,-2.065613,-0.081153,0.062913,-0.994714,0.222194,0.974033,0.043478,0.971619,-0.217491,-0.093024),fov=40.003014,dt=0.026714},
	{cf=CFrame.new(-4.032583,2.172363,-2.036499,-0.081598,0.060541,-0.994825,0.214695,0.975788,0.041773,0.973266,-0.210175,-0.092620),fov=40.002258,dt=0.020431},
	{cf=CFrame.new(-4.039028,2.182251,-2.006287,-0.078871,0.061494,-0.994986,0.208626,0.977012,0.043846,0.974810,-0.204122,-0.089887),fov=40.001690,dt=0.018557},
	{cf=CFrame.new(-4.047004,2.194580,-1.968689,-0.075428,0.062702,-0.995178,0.201034,0.978484,0.046413,0.976676,-0.196563,-0.086410),fov=40.001266,dt=0.016695},
	{cf=CFrame.new(-4.051841,2.201904,-1.946106,-0.073344,0.063436,-0.995287,0.196476,0.979336,0.047941,0.977762,-0.192033,-0.084292),fov=40.000950,dt=0.010011},
	{cf=CFrame.new(-4.056678,2.209351,-1.923462,-0.071245,0.064176,-0.995392,0.191916,0.980164,0.049458,0.978822,-0.187508,-0.082149),fov=40.000713,dt=0.013188},
	{cf=CFrame.new(-4.062037,2.221558,-1.890381,-0.067261,0.066401,-0.995523,0.185748,0.981173,0.052894,0.980293,-0.181359,-0.078328),fov=40.000534,dt=0.016929},
	{cf=CFrame.new(-4.067426,2.233887,-1.857239,-0.063254,0.068640,-0.995634,0.179573,0.982132,0.056301,0.981709,-0.175228,-0.074450),fov=40.000401,dt=0.017802},
	{cf=CFrame.new(-4.072865,2.246094,-1.824036,-0.059225,0.070895,-0.995724,0.173391,0.983043,0.059679,0.983071,-0.169115,-0.070514),fov=40.000301,dt=0.016328},
	{cf=CFrame.new(-4.088976,2.282959,-1.724792,-0.047255,0.078451,-0.995797,0.154718,0.985455,0.070294,0.986828,-0.150746,-0.058706),fov=40.000225,dt=0.050990},
	{cf=CFrame.new(-4.098416,2.304321,-1.667114,-0.040326,0.083499,-0.995692,0.143748,0.986621,0.076917,0.988792,-0.140026,-0.051789),fov=40.000168,dt=0.031239},
	{cf=CFrame.new(-4.106480,2.322510,-1.617798,-0.034429,0.088412,-0.995489,0.134293,0.987455,0.083054,0.990343,-0.130828,-0.045870),fov=40.000126,dt=0.024657},
	{cf=CFrame.new(-4.111898,2.334717,-1.584717,-0.030535,0.092178,-0.995274,0.127958,0.987906,0.087570,0.991309,-0.124679,-0.041961),fov=40.000099,dt=0.020883},
	{cf=CFrame.new(-4.122674,2.359131,-1.518005,-0.022814,0.100249,-0.994701,0.115221,0.988593,0.096991,0.993078,-0.112398,-0.034104),fov=40.000076,dt=0.038924},
	{cf=CFrame.new(-4.132051,2.380371,-1.460693,-0.016154,0.108110,-0.994008,0.104000,0.988927,0.105867,0.994446,-0.101667,-0.027219),fov=40.000057,dt=0.016451},
	{cf=CFrame.new(-4.142834,2.404907,-1.394592,-0.008642,0.117809,-0.992999,0.091075,0.989001,0.116542,0.995806,-0.089430,-0.019277),fov=40.000042,dt=0.043196},
	{cf=CFrame.new(-4.161336,2.447266,-1.280579,0.004007,0.135454,-0.990775,0.068445,0.988423,0.135409,0.997647,-0.068356,-0.005311),fov=40.000027,dt=0.049952},
	{cf=CFrame.new(-4.172480,2.477051,-1.198975,0.013332,0.147770,-0.988932,0.052567,0.987548,0.148272,0.998528,-0.053962,0.005398),fov=40.000023,dt=0.073012},
	{cf=CFrame.new(-4.177320,2.505005,-1.119812,0.022929,0.158750,-0.987053,0.037858,0.986466,0.159535,0.999020,-0.041026,0.016608),fov=40.000015,dt=0.029273},
	{cf=CFrame.new(-4.170800,2.513062,-1.094055,0.026947,0.160940,-0.986596,0.034251,0.986227,0.161815,0.999050,-0.038152,0.021064),fov=40.000011,dt=0.046079},
	{cf=CFrame.new(-4.159298,2.514893,-1.081848,0.029635,0.160445,-0.986600,0.033935,0.986303,0.161416,0.998985,-0.038264,0.023785),fov=40.000008,dt=0.019743},
	{cf=CFrame.new(-4.153809,2.515259,-1.077576,0.030705,0.159989,-0.986641,0.034087,0.986365,0.161005,0.998947,-0.038575,0.024833),fov=40.000008,dt=0.008800},
	{cf=CFrame.new(-4.147768,2.515381,-1.074341,0.031712,0.159339,-0.986714,0.034469,0.986450,0.160404,0.998902,-0.039098,0.025790),fov=40.000008,dt=0.014806},
	{cf=CFrame.new(-4.123683,2.515625,-1.061340,0.035733,0.156728,-0.986995,0.036005,0.986783,0.157998,0.998713,-0.041183,0.029618),fov=40.000008,dt=0.049557},
	{cf=CFrame.new(-4.088687,2.515991,-1.042542,0.041027,0.153114,-0.987356,0.038273,0.987222,0.154683,0.998425,-0.044135,0.034642),fov=40.000008,dt=0.078457},
	{cf=CFrame.new(-4.059421,2.516357,-1.026733,0.043423,0.150837,-0.987604,0.040224,0.987472,0.152585,0.998247,-0.046351,0.036811),fov=40.000008,dt=0.020861},
	{cf=CFrame.new(-4.008203,2.516846,-1.002808,0.045764,0.147559,-0.987994,0.043662,0.987790,0.149551,0.997998,-0.049982,0.038763),fov=40.000008,dt=0.056149},
	{cf=CFrame.new(-3.939744,2.517944,-0.969482,0.047732,0.143589,-0.988486,0.048293,0.988124,0.145869,0.997692,-0.054699,0.040231),fov=40.000008,dt=0.020116},
	{cf=CFrame.new(-3.923506,2.518188,-0.961487,0.048142,0.142664,-0.988600,0.049396,0.988196,0.145011,0.997618,-0.055814,0.040527),fov=40.000008,dt=0.007937},
	{cf=CFrame.new(-3.887822,2.518677,-0.943420,0.048891,0.140685,-0.988846,0.051822,0.988339,0.143175,0.997459,-0.058244,0.041031),fov=40.000008,dt=0.014759},
	{cf=CFrame.new(-3.847196,2.519287,-0.924011,0.049550,0.138516,-0.989120,0.054576,0.988481,0.141160,0.997279,-0.060977,0.041420),fov=40.000008,dt=0.017327},
	{cf=CFrame.new(-3.795695,2.520142,-0.899353,0.050340,0.135768,-0.989461,0.058076,0.988643,0.138611,0.997042,-0.064442,0.041883),fov=40.000008,dt=0.023123},
	{cf=CFrame.new(-3.730086,2.521118,-0.867981,0.051190,0.132316,-0.989885,0.062541,0.988814,0.135408,0.996729,-0.068840,0.042342),fov=40.000008,dt=0.021889},
	{cf=CFrame.new(-3.662109,2.522217,-0.835266,0.051978,0.128765,-0.990312,0.067170,0.988956,0.132114,0.996387,-0.073386,0.042754),fov=40.000008,dt=0.034055},
	{cf=CFrame.new(-3.581637,2.523438,-0.796082,0.052844,0.124568,-0.990803,0.072656,0.989080,0.128226,0.995956,-0.078763,0.043216),fov=40.000008,dt=0.020960},
	{cf=CFrame.new(-3.395525,2.526489,-0.706604,0.054754,0.114869,-0.991870,0.085330,0.989188,0.119268,0.994847,-0.091167,0.044361),fov=40.000008,dt=0.090316},
	{cf=CFrame.new(-3.278975,2.528198,-0.651001,0.055821,0.108782,-0.992497,0.093274,0.989131,0.113659,0.994074,-0.098919,0.045068),fov=40.000008,dt=0.032152},
	{cf=CFrame.new(-3.232336,2.528931,-0.628723,0.056213,0.106344,-0.992739,0.096454,0.989082,0.111414,0.993749,-0.102017,0.045342),fov=40.000008,dt=0.015453},
	{cf=CFrame.new(-3.191259,2.528931,-0.612671,0.057013,0.104410,-0.992899,0.099418,0.988980,0.109706,0.993411,-0.104966,0.046004),fov=40.000008,dt=0.011941},
	{cf=CFrame.new(-3.119949,2.527344,-0.592957,0.059426,0.101542,-0.993055,0.104916,0.988668,0.107372,0.992704,-0.110568,0.048099),fov=40.000008,dt=0.016961},
	{cf=CFrame.new(-3.048671,2.525757,-0.573303,0.061794,0.098659,-0.993201,0.110426,0.988318,0.105044,0.991961,-0.116166,0.050177),fov=40.000008,dt=0.020300},
	{cf=CFrame.new(-2.959593,2.523804,-0.548767,0.064691,0.095031,-0.993370,0.117330,0.987827,0.102142,0.990984,-0.123160,0.052754),fov=40.000008,dt=0.018186},
	{cf=CFrame.new(-2.852021,2.520264,-0.525940,0.069136,0.091044,-0.993444,0.125941,0.987063,0.099224,0.989626,-0.131975,0.056776),fov=40.000008,dt=0.022032},
	{cf=CFrame.new(-2.780042,2.517334,-0.512878,0.072396,0.088492,-0.993442,0.131800,0.986472,0.097476,0.988629,-0.137992,0.059753),fov=40.000008,dt=0.015463},
	{cf=CFrame.new(-2.660138,2.512573,-0.491150,0.077726,0.084189,-0.993414,0.141596,0.985395,0.094588,0.986868,-0.148016,0.064670),fov=40.000008,dt=0.017874},
	{cf=CFrame.new(-2.564194,2.508789,-0.473755,0.081897,0.080703,-0.993368,0.149460,0.984450,0.092301,0.985370,-0.156028,0.068562),fov=40.000008,dt=0.019530},
	{cf=CFrame.new(-2.227489,2.489868,-0.418945,0.106556,0.066427,-0.992085,0.176266,0.980701,0.084597,0.978558,-0.183885,0.092791),fov=40.000008,dt=0.050526},
	{cf=CFrame.new(-2.076398,2.476929,-0.399170,0.125792,0.058283,-0.990343,0.187724,0.978839,0.081450,0.974133,-0.196157,0.112189),fov=40.000008,dt=0.021550},
	{cf=CFrame.new(-1.955506,2.466553,-0.383301,0.140983,0.051548,-0.988669,0.197024,0.977207,0.079046,0.970209,-0.205935,0.127613),fov=40.000008,dt=0.019667},
	{cf=CFrame.new(-1.830524,2.454102,-0.366882,0.162626,0.043325,-0.985736,0.206537,0.975408,0.076945,0.964829,-0.216104,0.149678),fov=40.000008,dt=0.011059},
	{cf=CFrame.new(-1.693323,2.435669,-0.348450,0.203755,0.030720,-0.978540,0.216603,0.973324,0.075659,0.954760,-0.227371,0.191666),fov=40.000008,dt=0.016808},
	{cf=CFrame.new(-1.521855,2.412476,-0.325378,0.254254,0.014039,-0.967036,0.229643,0.970422,0.074466,0.939478,-0.241006,0.243510),fov=40.000008,dt=0.025488},
	{cf=CFrame.new(-1.384709,2.394043,-0.306885,0.293810,-0.000033,-0.955864,0.240426,0.967853,0.073868,0.925133,-0.251517,0.284373),fov=40.000008,dt=0.016311},
	{cf=CFrame.new(-1.268573,2.377441,-0.283264,0.341643,-0.015532,-0.939701,0.249866,0.965380,0.074886,0.906006,-0.260383,0.333697),fov=40.000008,dt=0.016943},
	{cf=CFrame.new(-1.149785,2.359253,-0.247192,0.410764,-0.036887,-0.910995,0.259937,0.962451,0.078235,0.873903,-0.268938,0.404928),fov=40.000008,dt=0.019244},
	{cf=CFrame.new(-1.031028,2.341064,-0.211121,0.476952,-0.059303,-0.876926,0.270311,0.959262,0.082149,0.836331,-0.276223,0.473552),fov=40.000008,dt=0.018566},
	{cf=CFrame.new(-0.935986,2.326538,-0.182312,0.527500,-0.077943,-0.845972,0.278802,0.956516,0.085717,0.802505,-0.281074,0.526292),fov=40.000008,dt=0.018332},
	{cf=CFrame.new(-0.883677,2.314087,-0.144958,0.566311,-0.093329,-0.818890,0.282969,0.955191,0.086827,0.774093,-0.280892,0.567344),fov=40.000008,dt=0.016146},
	{cf=CFrame.new(-0.805163,2.295410,-0.089111,0.621593,-0.116733,-0.774594,0.289475,0.953070,0.088666,0.727892,-0.279340,0.626213),fov=40.000008,dt=0.027078},
	{cf=CFrame.new(-0.758567,2.281250,-0.050171,0.649090,-0.130777,-0.749386,0.292944,0.952110,0.087582,0.702044,-0.276377,0.656316),fov=40.000008,dt=0.017294},
	{cf=CFrame.new(-0.707457,2.261353,0.000793,0.673145,-0.146183,-0.724918,0.296211,0.951493,0.083183,0.677595,-0.270723,0.683794),fov=40.000008,dt=0.018311},
	{cf=CFrame.new(-0.666532,2.245361,0.041443,0.691651,-0.158471,-0.704631,0.299012,0.950920,0.079643,0.657427,-0.265778,0.705090),fov=40.000008,dt=0.019301},
	{cf=CFrame.new(-0.615370,2.225464,0.092224,0.713834,-0.173768,-0.678414,0.302750,0.950099,0.075201,0.631493,-0.259071,0.730821),fov=40.000008,dt=0.018938},
	{cf=CFrame.new(-0.581267,2.207520,0.135132,0.723164,-0.183986,-0.665720,0.304848,0.949926,0.068620,0.619760,-0.252566,0.743040),fov=40.000008,dt=0.016132},
	{cf=CFrame.new(-0.529981,2.187256,0.188660,0.737824,-0.196113,-0.645875,0.306566,0.949841,0.061801,0.601359,-0.243602,0.760937),fov=40.000008,dt=0.019183},
	{cf=CFrame.new(-0.461403,2.178711,0.231018,0.759585,-0.203831,-0.617643,0.304577,0.950540,0.060880,0.574685,-0.234363,0.784099),fov=40.000008,dt=0.019837},
	{cf=CFrame.new(-0.392846,2.170044,0.273499,0.780332,-0.211280,-0.588594,0.302649,0.951225,0.059791,0.547253,-0.224794,0.806215),fov=40.000008,dt=0.019641},
	{cf=CFrame.new(-0.307137,2.159302,0.326599,0.804798,-0.220190,-0.551195,0.300339,0.952056,0.058199,0.511954,-0.212383,0.832344),fov=40.000008,dt=0.016699},
	{cf=CFrame.new(-0.204044,2.160034,0.368591,0.834056,-0.224296,-0.504026,0.293945,0.953812,0.061961,0.466849,-0.199835,0.861463),fov=40.000008,dt=0.017709},
	{cf=CFrame.new(-0.032128,2.172729,0.420715,0.878662,-0.224661,-0.421284,0.279398,0.957462,0.072141,0.387156,-0.181093,0.904055),fov=40.000008,dt=0.021059},
	{cf=CFrame.new(0.139839,2.185425,0.472717,0.915483,-0.223140,-0.334813,0.263832,0.961177,0.080813,0.303782,-0.162317,0.938813),fov=40.000008,dt=0.018931},
	{cf=CFrame.new(0.243021,2.192993,0.503906,0.933702,-0.221320,-0.281456,0.254063,0.963423,0.085252,0.252294,-0.151108,0.955779),fov=40.000008,dt=0.013853},
	{cf=CFrame.new(0.406430,2.210205,0.545227,0.956921,-0.215324,-0.194775,0.236564,0.967151,0.093040,0.168343,-0.135109,0.976425),fov=40.000008,dt=0.017254},
	{cf=CFrame.new(0.621447,2.234741,0.596863,0.975751,-0.204422,-0.078245,0.211779,0.972039,0.101444,0.055319,-0.115555,0.991760),fov=40.000008,dt=0.018058},
	{cf=CFrame.new(0.793442,2.254272,0.638000,0.980906,-0.193832,0.015880,0.191113,0.975830,0.105976,-0.036038,-0.100918,0.994242),fov=40.000008,dt=0.017103},
	{cf=CFrame.new(0.919121,2.270142,0.649536,0.970872,-0.192008,0.143323,0.176092,0.977442,0.116616,-0.162481,-0.087981,0.982781),fov=40.000008,dt=0.014558},
	{cf=CFrame.new(1.044683,2.286011,0.661072,0.944638,-0.188733,0.268402,0.159973,0.979116,0.125464,-0.286475,-0.075581,0.955102),fov=40.000008,dt=0.017284},
	{cf=CFrame.new(1.170300,2.301880,0.672546,0.902634,-0.184101,0.389048,0.142981,0.980829,0.132405,-0.405966,-0.063887,0.911653),fov=40.000008,dt=0.017217},
	{cf=CFrame.new(1.295949,2.317749,0.684082,0.845552,-0.178223,0.503267,0.125351,0.982559,0.137351,-0.518968,-0.053052,0.853145),fov=40.000008,dt=0.016872},
	{cf=CFrame.new(1.375122,2.329956,0.666199,0.751271,-0.179405,0.635142,0.109945,0.982919,0.147591,-0.650771,-0.041050,0.758163),fov=40.000008,dt=0.016878},
	{cf=CFrame.new(1.454289,2.342285,0.648254,0.636791,-0.179327,0.749892,0.093399,0.983356,0.155845,-0.765358,-0.029202,0.642942),fov=40.000008,dt=0.017115},
	{cf=CFrame.new(1.533488,2.354492,0.630310,0.505177,-0.178050,0.844449,0.075997,0.983863,0.161981,-0.859663,-0.017653,0.510556),fov=40.000008,dt=0.018130},
	{cf=CFrame.new(1.372535,2.335938,1.219482,-0.671841,-0.008457,0.740647,0.037367,0.998275,0.045295,-0.739752,0.058107,-0.670366),fov=40.000008,dt=0.018512},
	{cf=CFrame.new(1.473375,2.322876,1.358215,-0.732600,0.007090,0.680622,0.038107,0.998805,0.030612,-0.679591,0.048363,-0.731995),fov=40.000008,dt=0.018167},
	{cf=CFrame.new(1.554008,2.312500,1.469238,-0.777325,0.018787,0.628819,0.039603,0.999033,0.019108,-0.627851,0.039756,-0.777317),fov=40.000008,dt=0.015053},
	{cf=CFrame.new(1.634634,2.302124,1.580261,-0.818383,0.029781,0.573901,0.041880,0.999092,0.007877,-0.573145,0.030481,-0.818887),fov=40.000008,dt=0.021797},
	{cf=CFrame.new(1.726010,2.288574,1.727905,-0.861806,0.042540,0.505451,0.047362,0.998872,-0.003313,-0.505022,0.021084,-0.862849),fov=40.000008,dt=0.019231},
	{cf=CFrame.new(1.772297,2.280029,1.824524,-0.883099,0.049886,0.466526,0.052416,0.998597,-0.007561,-0.466249,0.017776,-0.884475),fov=40.000008,dt=0.010721},
	{cf=CFrame.new(1.849379,2.265747,1.985657,-0.914625,0.061686,0.399569,0.061179,0.998028,-0.014037,-0.399647,0.011606,-0.916596),fov=40.000008,dt=0.020098},
	{cf=CFrame.new(1.884757,2.257446,2.080872,-0.928467,0.068108,0.365117,0.067166,0.997625,-0.015295,-0.365292,0.010323,-0.930836),fov=40.000008,dt=0.012650},
	{cf=CFrame.new(1.902623,2.247192,2.204346,-0.938499,0.075657,0.336891,0.076545,0.997009,-0.010666,-0.336690,0.015778,-0.941483),fov=40.000008,dt=0.017152},
	{cf=CFrame.new(1.919320,2.238037,2.309387,-0.946395,0.081530,0.312553,0.083729,0.996468,-0.006403,-0.311971,0.020110,-0.949879),fov=40.000008,dt=0.019185},
	{cf=CFrame.new(1.932236,2.232178,2.359558,-0.950205,0.082071,0.300624,0.084822,0.996388,-0.003910,-0.299859,0.021784,-0.953735),fov=40.000008,dt=0.012562},
	{cf=CFrame.new(1.945171,2.226196,2.409607,-0.953863,0.082633,0.288647,0.085883,0.996304,-0.001409,-0.287696,0.023446,-0.957435),fov=40.000008,dt=0.019796},
	{cf=CFrame.new(1.958087,2.220337,2.459839,-0.957368,0.083216,0.276624,0.086910,0.996216,0.001099,-0.275485,0.025094,-0.960978),fov=40.000008,dt=0.013674},
	{cf=CFrame.new(1.972153,2.214478,2.503052,-0.960427,0.082387,0.266068,0.086421,0.996253,0.003469,-0.264785,0.026325,-0.963948),fov=40.000008,dt=0.017756},
	{cf=CFrame.new(1.989598,2.208496,2.525696,-0.962509,0.077265,0.260013,0.081461,0.996662,0.005382,-0.258729,0.026361,-0.965590),fov=40.000008,dt=0.016152},
	{cf=CFrame.new(2.007070,2.202515,2.548340,-0.964528,0.072150,0.253931,0.076494,0.997044,0.007261,-0.252656,0.026428,-0.967195),fov=40.000008,dt=0.015271},
	{cf=CFrame.new(2.024489,2.196655,2.571045,-0.966483,0.067041,0.247822,0.071520,0.997398,0.009107,-0.246567,0.026526,-0.968763),fov=40.000008,dt=0.016656},
	{cf=CFrame.new(2.039260,2.190674,2.591309,-0.968285,0.062030,0.242026,0.066638,0.997718,0.010893,-0.240798,0.026675,-0.970209),fov=40.000008,dt=0.016407},
	{cf=CFrame.new(2.046052,2.184937,2.604675,-0.969765,0.057299,0.237218,0.062041,0.997995,0.012567,-0.236022,0.026905,-0.971375),fov=40.000008,dt=0.016696},
	{cf=CFrame.new(2.052808,2.179199,2.617920,-0.971200,0.052573,0.232392,0.057440,0.998248,0.014218,-0.231237,0.027157,-0.972518),fov=40.000008,dt=0.016700},
	{cf=CFrame.new(2.056828,2.173828,2.628296,-0.972456,0.048132,0.228064,0.053115,0.998464,0.015756,-0.226956,0.027435,-0.973519),fov=40.000008,dt=0.016876},
	{cf=CFrame.new(2.052302,2.169312,2.630371,-0.973276,0.044532,0.225277,0.049629,0.998623,0.017011,-0.224209,0.027737,-0.974146),fov=40.000008,dt=0.016343},
	{cf=CFrame.new(2.047771,2.164917,2.632385,-0.974077,0.040934,0.222480,0.046141,0.998768,0.018256,-0.221459,0.028049,-0.974766),fov=40.000008,dt=0.017967},
	{cf=CFrame.new(2.043239,2.160400,2.634399,-0.974858,0.037338,0.219674,0.042651,0.998900,0.019491,-0.218705,0.028370,-0.975379),fov=40.000008,dt=0.016037},
	{cf=CFrame.new(2.038680,2.155884,2.636475,-0.975620,0.033746,0.216858,0.039160,0.999018,0.020715,-0.215946,0.028702,-0.975983),fov=40.000008,dt=0.015995},
	{cf=CFrame.new(2.029028,2.152100,2.637024,-0.976402,0.030086,0.213855,0.035525,0.999135,0.021633,-0.213019,0.028720,-0.976626),fov=40.000008,dt=0.017198},
	{cf=CFrame.new(2.004025,2.150269,2.633423,-0.977283,0.026216,0.210311,0.031465,0.999270,0.021655,-0.209590,0.027780,-0.977395),fov=40.000008,dt=0.018153},
	{cf=CFrame.new(1.978991,2.148438,2.629822,-0.978137,0.022344,0.206759,0.027409,0.999390,0.021662,-0.206149,0.026855,-0.978152),fov=40.000008,dt=0.015947},
	{cf=CFrame.new(1.950084,2.147339,2.624939,-0.978960,0.018593,0.203203,0.023416,0.999498,0.021357,-0.202703,0.025666,-0.978904),fov=40.000008,dt=0.016628},
	{cf=CFrame.new(1.909603,2.148560,2.616272,-0.979750,0.015201,0.199646,0.019615,0.999605,0.020148,-0.199261,0.023656,-0.979661),fov=40.000008,dt=0.017243},
	{cf=CFrame.new(1.869066,2.149780,2.607605,-0.980515,0.011805,0.196087,0.015821,0.999696,0.018927,-0.195804,0.021660,-0.980404),fov=40.000008,dt=0.016374},
	{cf=CFrame.new(1.828560,2.151123,2.598999,-0.981256,0.008404,0.192526,0.012034,0.999771,0.017693,-0.192333,0.019678,-0.981132),fov=40.000008,dt=0.016780},
	{cf=CFrame.new(1.788079,2.152344,2.590332,-0.981972,0.004999,0.188962,0.008255,0.999831,0.016446,-0.188848,0.017710,-0.981846),fov=40.000008,dt=0.017444},
	{cf=CFrame.new(1.747119,2.153809,2.580688,-0.982716,0.001819,0.185112,0.004697,0.999875,0.015108,-0.185061,0.015716,-0.982601),fov=40.000008,dt=0.016815},
	{cf=CFrame.new(1.704933,2.155762,2.568237,-0.983593,-0.000677,0.180401,0.001791,0.999907,0.013521,-0.180394,0.013623,-0.983500),fov=40.000008,dt=0.015933},
	{cf=CFrame.new(1.662744,2.157715,2.555725,-0.984441,-0.003181,0.175688,-0.001103,0.999928,0.011922,-0.175713,0.011543,-0.984374),fov=40.000008,dt=0.015898},
	{cf=CFrame.new(1.624235,2.159790,2.543030,-0.985261,-0.005045,0.170981,-0.003324,0.999941,0.010350,-0.171023,0.009629,-0.985220),fov=40.000008,dt=0.016388},
	{cf=CFrame.new(1.596778,2.161987,2.529541,-0.986063,-0.004975,0.166295,-0.003546,0.999954,0.008890,-0.166331,0.008176,-0.986036),fov=40.000008,dt=0.016162},
	{cf=CFrame.new(1.569321,2.164185,2.515991,-0.986843,-0.004913,0.161605,-0.003761,0.999965,0.007430,-0.161636,0.006725,-0.986828),fov=40.000008,dt=0.017777},
	{cf=CFrame.new(1.541924,2.166382,2.502502,-0.987601,-0.004857,0.156910,-0.003969,0.999974,0.005971,-0.156935,0.005274,-0.987595),fov=40.000008,dt=0.016050},
	{cf=CFrame.new(1.513364,2.168945,2.487488,-0.988410,-0.004497,0.151739,-0.003877,0.999983,0.004382,-0.151756,0.003743,-0.988411),fov=40.000008,dt=0.016374},
	{cf=CFrame.new(1.481659,2.172241,2.468079,-0.989406,-0.003215,0.145138,-0.002896,0.999993,0.002408,-0.145145,0.001962,-0.989408),fov=40.000008,dt=0.018141},
	{cf=CFrame.new(1.449985,2.175537,2.448608,-0.990357,-0.001947,0.138528,-0.001904,0.999998,0.000444,-0.138529,0.000176,-0.990358),fov=40.000008,dt=0.015579},
	{cf=CFrame.new(1.418310,2.178833,2.429138,-0.991262,-0.000693,0.131908,-0.000900,0.999999,-0.001511,-0.131907,-0.001617,-0.991261),fov=40.000008,dt=0.016651},
	{cf=CFrame.new(1.386662,2.182129,2.409607,-0.992121,0.000547,0.125278,0.000115,0.999994,-0.003456,-0.125280,-0.003414,-0.992116),fov=40.000008,dt=0.016241},
	{cf=CFrame.new(1.354957,2.185425,2.390137,-0.992936,0.001773,0.118639,0.001141,0.999985,-0.005390,-0.118647,-0.005217,-0.992923),fov=40.000008,dt=0.017274},
	{cf=CFrame.new(1.323252,2.188843,2.370667,-0.993705,0.002984,0.111992,0.002179,0.999971,-0.007315,-0.112010,-0.007025,-0.993682),fov=40.000008,dt=0.016041},
	{cf=CFrame.new(1.291551,2.192139,2.351257,-0.994428,0.004182,0.105336,0.003227,0.999952,-0.009229,-0.105369,-0.008838,-0.994394),fov=40.000008,dt=0.016086},
	{cf=CFrame.new(1.259630,2.195435,2.331177,-0.995107,0.005331,0.098656,0.004250,0.999929,-0.011158,-0.098708,-0.010684,-0.995059),fov=40.000008,dt=0.017606},
	{cf=CFrame.new(1.226839,2.198853,2.309692,-0.995746,0.006364,0.091923,0.005176,0.999900,-0.013153,-0.091998,-0.012621,-0.995679),fov=40.000008,dt=0.015461},
	{cf=CFrame.new(1.194099,2.202148,2.288025,-0.996338,0.007382,0.085183,0.006114,0.999867,-0.015138,-0.085284,-0.014562,-0.996250),fov=40.000008,dt=0.018779},
	{cf=CFrame.new(1.162399,2.205444,2.265625,-0.996856,0.008162,0.078814,0.006836,0.999831,-0.017075,-0.078940,-0.016482,-0.996743),fov=40.000008,dt=0.014566},
	{cf=CFrame.new(1.133770,2.208374,2.240540,-0.997255,0.008260,0.073577,0.006887,0.999798,-0.018888,-0.073718,-0.018329,-0.997111),fov=40.000008,dt=0.017060},
	{cf=CFrame.new(1.105116,2.211304,2.215576,-0.997627,0.008348,0.068337,0.006948,0.999762,-0.020698,-0.068493,-0.020174,-0.997448),fov=40.000008,dt=0.017231},
	{cf=CFrame.new(1.079476,2.213867,2.191040,-0.997926,0.008171,0.063848,0.006756,0.999727,-0.022349,-0.064013,-0.021872,-0.997709),fov=40.000008,dt=0.016142},
	{cf=CFrame.new(1.062715,2.215454,2.168396,-0.998073,0.007223,0.061622,0.005782,0.999706,-0.023531,-0.061774,-0.023129,-0.997822),fov=40.000008,dt=0.016573},
	{cf=CFrame.new(1.045947,2.217041,2.145752,-0.998215,0.006272,0.059396,0.004810,0.999683,-0.024714,-0.059532,-0.024384,-0.997929),fov=40.000008,dt=0.017117},
	{cf=CFrame.new(1.029098,2.218506,2.123169,-0.998350,0.005318,0.057171,0.003842,0.999657,-0.025898,-0.057289,-0.025635,-0.998028),fov=40.000008,dt=0.016039},
	{cf=CFrame.new(1.011967,2.220093,2.097717,-0.998470,0.004061,0.055141,0.002567,0.999628,-0.027144,-0.055230,-0.026961,-0.998110),fov=40.000008,dt=0.016836},
	{cf=CFrame.new(0.993709,2.221802,2.064026,-0.998555,0.001895,0.053697,0.000361,0.999592,-0.028572,-0.053729,-0.028511,-0.998148),fov=40.000008,dt=0.017567},
	{cf=CFrame.new(0.975430,2.223389,2.030518,-0.998634,-0.000272,0.052255,-0.001842,0.999548,-0.030002,-0.052223,-0.030058,-0.998183),fov=40.000008,dt=0.016459},
	{cf=CFrame.new(0.957726,2.224976,1.997131,-0.998699,-0.002460,0.050927,-0.004063,0.999499,-0.031404,-0.050824,-0.031570,-0.998208),fov=40.000008,dt=0.016326},
	{cf=CFrame.new(0.941572,2.226440,1.964844,-0.998741,-0.004705,0.049943,-0.006344,0.999445,-0.032714,-0.049761,-0.032990,-0.998216),fov=40.000008,dt=0.017013},
	{cf=CFrame.new(0.925453,2.227905,1.932617,-0.998776,-0.006950,0.048960,-0.008622,0.999384,-0.034026,-0.048694,-0.034407,-0.998221),fov=40.000008,dt=0.016046},
	{cf=CFrame.new(0.909299,2.229370,1.900330,-0.998806,-0.009197,0.047978,-0.010899,0.999316,-0.035340,-0.047621,-0.035821,-0.998223),fov=40.000008,dt=0.017455},
	{cf=CFrame.new(0.893149,2.230713,1.868103,-0.998829,-0.011444,0.046997,-0.013173,0.999241,-0.036656,-0.046542,-0.037232,-0.998222),fov=40.000008,dt=0.016731},
	{cf=CFrame.new(0.877057,2.232178,1.835815,-0.998847,-0.013692,0.046017,-0.015445,0.999159,-0.037973,-0.045459,-0.038640,-0.998219),fov=40.000008,dt=0.016255},
	{cf=CFrame.new(0.860903,2.233643,1.803528,-0.998858,-0.015940,0.045039,-0.017715,0.999071,-0.039292,-0.044370,-0.040045,-0.998212),fov=40.000008,dt=0.017094},
	{cf=CFrame.new(0.844753,2.235107,1.771301,-0.998863,-0.018190,0.044060,-0.019983,0.998975,-0.040614,-0.043276,-0.041448,-0.998203),fov=40.000008,dt=0.018117},
	{cf=CFrame.new(0.828054,2.236572,1.738831,-0.998862,-0.020503,0.043061,-0.022312,0.998870,-0.041960,-0.042152,-0.042873,-0.998191),fov=40.000008,dt=0.017833},
	{cf=CFrame.new(0.809896,2.237915,1.705750,-0.998853,-0.023006,0.041994,-0.024828,0.998750,-0.043380,-0.040944,-0.044373,-0.998176),fov=40.000008,dt=0.019642},
	{cf=CFrame.new(0.791677,2.239258,1.672607,-0.998836,-0.025510,0.040929,-0.027341,0.998622,-0.044802,-0.039729,-0.045869,-0.998157),fov=40.000008,dt=0.011264},
	{cf=CFrame.new(0.772472,2.240845,1.640625,-0.998811,-0.028115,0.039830,-0.029949,0.998482,-0.046231,-0.038469,-0.047369,-0.998136),fov=40.000008,dt=0.016962},
	{cf=CFrame.new(0.750288,2.242554,1.612183,-0.998772,-0.031020,0.038626,-0.032850,0.998323,-0.047678,-0.037082,-0.048888,-0.998116),fov=40.000008,dt=0.019331},
	{cf=CFrame.new(0.728074,2.244385,1.583740,-0.998723,-0.033926,0.037424,-0.035747,0.998152,-0.049128,-0.035688,-0.050403,-0.998091),fov=40.000008,dt=0.014246},
	{cf=CFrame.new(0.706140,2.246094,1.558533,-0.998666,-0.036763,0.036258,-0.038571,0.997979,-0.050497,-0.034329,-0.051828,-0.998066),fov=40.000008,dt=0.015731},
	{cf=CFrame.new(0.685040,2.247803,1.542908,-0.998604,-0.039392,0.035200,-0.041181,0.997818,-0.051613,-0.033090,-0.052990,-0.998046),fov=40.000008,dt=0.018933},
	{cf=CFrame.new(0.663884,2.249390,1.527344,-0.998533,-0.042022,0.034143,-0.043788,0.997648,-0.052732,-0.031846,-0.054149,-0.998025),fov=40.000008,dt=0.013501},
	{cf=CFrame.new(0.642758,2.250977,1.511780,-0.998454,-0.044652,0.033086,-0.046392,0.997471,-0.053853,-0.030597,-0.055305,-0.998001),fov=40.000008,dt=0.017209},
	{cf=CFrame.new(0.618880,2.252808,1.496094,-0.998357,-0.047601,0.031908,-0.049310,0.997264,-0.055076,-0.029199,-0.056559,-0.997972),fov=40.000008,dt=0.016172},
	{cf=CFrame.new(0.586730,2.255249,1.480103,-0.998211,-0.051511,0.030368,-0.053169,0.996980,-0.056603,-0.027361,-0.058116,-0.997935),fov=40.000008,dt=0.016442},
	{cf=CFrame.new(0.554605,2.257690,1.463989,-0.998047,-0.055420,0.028828,-0.057023,0.996679,-0.058135,-0.025511,-0.059665,-0.997892),fov=40.000008,dt=0.016628},
	{cf=CFrame.new(0.524250,2.260010,1.449097,-0.997876,-0.059105,0.027384,-0.060651,0.996379,-0.059578,-0.023764,-0.061112,-0.997848),fov=40.000008,dt=0.017573},
	{cf=CFrame.new(0.499412,2.261841,1.437988,-0.997724,-0.062119,0.026225,-0.063616,0.996124,-0.060741,-0.022350,-0.062271,-0.997809),fov=40.000008,dt=0.015759},
	{cf=CFrame.new(0.474542,2.263672,1.426941,-0.997562,-0.065132,0.025066,-0.066577,0.995859,-0.061907,-0.020930,-0.063425,-0.997767),fov=40.000008,dt=0.016826},
	{cf=CFrame.new(0.449637,2.265381,1.415710,-0.997389,-0.068146,0.023908,-0.069534,0.995584,-0.063076,-0.019505,-0.064574,-0.997722),fov=40.000008,dt=0.017180},
	{cf=CFrame.new(0.424799,2.267212,1.404602,-0.997206,-0.071159,0.022751,-0.072489,0.995298,-0.064248,-0.018072,-0.065718,-0.997675),fov=40.000008,dt=0.018772},
	{cf=CFrame.new(0.399899,2.269043,1.393494,-0.997012,-0.074172,0.021594,-0.075439,0.995002,-0.065424,-0.016634,-0.066857,-0.997624),fov=40.000008,dt=0.014683},
	{cf=CFrame.new(0.375026,2.270874,1.382324,-0.996807,-0.077184,0.020438,-0.078387,0.994696,-0.066602,-0.015189,-0.067991,-0.997570),fov=40.000008,dt=0.017637},
	{cf=CFrame.new(0.350187,2.272705,1.371216,-0.996592,-0.080197,0.019282,-0.081330,0.994380,-0.067784,-0.013738,-0.069121,-0.997514),fov=40.000008,dt=0.017177},
	{cf=CFrame.new(0.325288,2.274536,1.360107,-0.996367,-0.083209,0.018128,-0.084270,0.994053,-0.068968,-0.012281,-0.070245,-0.997454),fov=40.000008,dt=0.015163},
	{cf=CFrame.new(0.300445,2.276367,1.348938,-0.996131,-0.086220,0.016973,-0.087207,0.993717,-0.070156,-0.010817,-0.071365,-0.997392),fov=40.000008,dt=0.016137},
	{cf=CFrame.new(0.275545,2.278198,1.337830,-0.995885,-0.089232,0.015820,-0.090140,0.993370,-0.071347,-0.009348,-0.072479,-0.997326),fov=40.000008,dt=0.016791},
	{cf=CFrame.new(0.250977,2.280029,1.326782,-0.995634,-0.092179,0.014690,-0.093007,0.993021,-0.072523,-0.007902,-0.073572,-0.997259),fov=40.000008,dt=0.016330},
	{cf=CFrame.new(0.227287,2.281860,1.316101,-0.995390,-0.094936,0.013630,-0.095686,0.992684,-0.073646,-0.006539,-0.074611,-0.997191),fov=40.000008,dt=0.019101},
	{cf=CFrame.new(0.203660,2.283691,1.305420,-0.995137,-0.097692,0.012571,-0.098362,0.992338,-0.074772,-0.005170,-0.075645,-0.997121),fov=40.000008,dt=0.015063},
	{cf=CFrame.new(0.179967,2.285522,1.294678,-0.994876,-0.100449,0.011513,-0.101035,0.991983,-0.075901,-0.003796,-0.076675,-0.997049),fov=40.000008,dt=0.020300},
	{cf=CFrame.new(0.157525,2.287231,1.284485,-0.994631,-0.102945,0.010527,-0.103451,0.991653,-0.076957,-0.002517,-0.077633,-0.996979),fov=40.000008,dt=0.015949},
	{cf=CFrame.new(0.138700,2.288696,1.275818,-0.994460,-0.104664,0.009758,-0.105107,0.991414,-0.077789,-0.001533,-0.078384,-0.996922),fov=40.000008,dt=0.016447},
	{cf=CFrame.new(0.119911,2.290161,1.267151,-0.994285,-0.106383,0.008990,-0.106761,0.991171,-0.078623,-0.000546,-0.079133,-0.996864),fov=40.000008,dt=0.014019},
	{cf=CFrame.new(0.101117,2.291626,1.258484,-0.994106,-0.108102,0.008222,-0.108414,0.990925,-0.079457,0.000443,-0.079880,-0.996804),fov=40.000008,dt=0.018053},
	{cf=CFrame.new(0.084119,2.293091,1.250549,-0.993966,-0.109432,0.007559,-0.109685,0.990727,-0.080178,0.001285,-0.080524,-0.996752),fov=40.000008,dt=0.015591},
	{cf=CFrame.new(0.072524,2.294312,1.244812,-0.993950,-0.109594,0.007212,-0.109818,0.990682,-0.080559,0.001684,-0.080864,-0.996724),fov=40.000008,dt=0.017622},
	{cf=CFrame.new(0.060960,2.295654,1.239014,-0.993935,-0.109756,0.006865,-0.109951,0.990636,-0.080939,0.002083,-0.081203,-0.996695),fov=40.000008,dt=0.015378},
	{cf=CFrame.new(0.049366,2.296997,1.233215,-0.993919,-0.109918,0.006518,-0.110083,0.990590,-0.081320,0.002482,-0.081543,-0.996667),fov=40.000008,dt=0.015813},
	{cf=CFrame.new(0.039022,2.298218,1.227966,-0.993932,-0.109820,0.006240,-0.109962,0.990578,-0.081624,0.002783,-0.081815,-0.996644),fov=40.000008,dt=0.016822},
	{cf=CFrame.new(0.032322,2.299316,1.224182,-0.994029,-0.108943,0.006171,-0.109083,0.990669,-0.081701,0.002787,-0.081886,-0.996638),fov=40.000008,dt=0.016618},
	{cf=CFrame.new(0.025678,2.300415,1.220337,-0.994125,-0.108067,0.006101,-0.108203,0.990760,-0.081777,0.002792,-0.081957,-0.996632),fov=40.000008,dt=0.016676},
	{cf=CFrame.new(0.018977,2.301392,1.216553,-0.994220,-0.107190,0.006032,-0.107323,0.990849,-0.081853,0.002797,-0.082027,-0.996626),fov=40.000008,dt=0.017176},
	{cf=CFrame.new(0.012556,2.302490,1.212952,-0.994322,-0.106248,0.005980,-0.106380,0.990946,-0.081910,0.002777,-0.082081,-0.996622),fov=40.000008,dt=0.015890},
