
local Players = game:GetService('Players')
local RunService = game:GetService('RunService')

local player = Players.LocalPlayer
local camera = workspace.CurrentCamera

local root = player.Character:WaitForChild('HumanoidRootPart')

camera.CameraType = Enum.CameraType.Scriptable

local frames = {
	{cf=CFrame.new(75.753311,-1406.803467,-984.780396,-0.808085,-0.586896,0.050512,-0.584450,0.809513,0.055732,-0.073599,0.015514,-0.997167),fov=40.043720,dt=0.019795},
	{cf=CFrame.new(76.416992,-1406.869629,-984.536865,-0.767256,-0.639861,0.043547,-0.637654,0.768355,0.055033,-0.068673,0.014457,-0.997535),fov=38.782795,dt=0.023804},
	{cf=CFrame.new(77.213348,-1406.949219,-984.244568,-0.713828,-0.699506,0.033777,-0.697641,0.714484,0.053004,-0.061210,0.014271,-0.998023),fov=37.337093,dt=0.016193},
	{cf=CFrame.new(77.764481,-1406.988892,-984.021912,-0.675795,-0.736611,0.026538,-0.734987,0.676148,0.051161,-0.055630,0.015070,-0.998338),fov=36.002819,dt=0.019813},
	{cf=CFrame.new(78.335815,-1407.015137,-983.771484,-0.636000,-0.771461,0.018763,-0.770088,0.636059,0.048935,-0.049686,0.016674,-0.998626),fov=34.752113,dt=0.017396},
	{cf=CFrame.new(79.234985,-1407.020996,-982.805847,-0.460266,-0.887506,0.022112,-0.886002,0.460777,0.051824,-0.056183,0.004261,-0.998411),fov=33.564087,dt=0.021458},
	{cf=CFrame.new(80.197525,-1406.843750,-981.349731,-0.170480,-0.985239,0.015519,-0.984137,0.171032,0.047137,-0.049096,-0.007237,-0.998768),fov=32.673061,dt=0.013326},
	{cf=CFrame.new(2.401115,-1190.483765,-906.847290,-0.947318,-0.185026,0.261446,-0.310508,0.330283,-0.891346,0.078571,-0.925569,-0.370335),fov=34.254795,dt=0.037678},
	{cf=CFrame.new(-21.846840,-1123.308716,-882.077637,-0.999700,0.011297,-0.021713,0.021579,-0.011864,-0.999697,-0.011551,-0.999866,0.011616),fov=39.941097,dt=0.028324},
	{cf=CFrame.new(-15.909386,-1140.819336,-882.077881,-0.998363,0.036917,0.043685,-0.044705,-0.027269,-0.998628,-0.035675,-0.998946,0.028875),fov=47.727871,dt=0.025796},
	{cf=CFrame.new(-12.637520,-1150.564941,-882.077881,-0.995447,0.051558,0.080165,-0.082008,-0.034680,-0.996028,-0.048573,-0.998068,0.038750),fov=55.134098,dt=0.023065},
	{cf=CFrame.new(-8.724632,-1162.484619,-882.077576,-0.989643,0.069812,0.125434,-0.128520,-0.041611,-0.990834,-0.063952,-0.996692,0.050152),fov=60.982864,dt=0.024572},
	{cf=CFrame.new(-6.468742,-1169.414917,-882.077637,-0.985133,0.080552,0.151738,-0.155668,-0.044957,-0.986786,-0.072666,-0.995736,0.056827),fov=65.663544,dt=0.024172},
	{cf=CFrame.new(-2.465485,-1181.992920,-882.077698,-0.974675,0.100083,0.199979,-0.205583,-0.049123,-0.977406,-0.087999,-0.993766,0.068455),fov=69.732727,dt=0.034761},
	{cf=CFrame.new(0.471924,-1191.655273,-882.077698,-0.964417,0.114974,0.238078,-0.244959,-0.049773,-0.968255,-0.099474,-0.992121,0.076166),fov=73.313789,dt=0.038754},
	{cf=CFrame.new(6.106369,-1212.091064,-882.077759,-0.935098,0.145232,0.323264,-0.332145,-0.041076,-0.942334,-0.123579,-0.988545,0.086648),fov=76.567741,dt=0.038835},
	{cf=CFrame.new(11.233040,-1232.593750,-882.077698,-0.894882,0.173121,0.411357,-0.421091,-0.022120,-0.906749,-0.147878,-0.984652,0.092695),fov=79.917267,dt=0.031740},
	{cf=CFrame.new(14.042465,-1245.811035,-882.077698,-0.861255,0.188330,0.471986,-0.480845,-0.001546,-0.876804,-0.164399,-0.982104,0.091889),fov=82.692291,dt=0.043169},
	{cf=CFrame.new(15.759377,-1257.302490,-882.077820,-0.822812,0.197448,0.532911,-0.538721,0.027658,-0.842030,-0.180997,-0.979923,0.083612),fov=85.308281,dt=0.034705},
	{cf=CFrame.new(17.358215,-1272.202393,-882.077820,-0.760536,0.202687,0.616849,-0.616002,0.075073,-0.784160,-0.205248,-0.976362,0.067760),fov=87.592323,dt=0.035050},
	{cf=CFrame.new(18.486359,-1284.808105,-882.077820,-0.695802,0.201630,0.689351,-0.681106,0.119357,-0.722391,-0.227935,-0.972162,0.054283),fov=89.826187,dt=0.030898},
	{cf=CFrame.new(19.023109,-1292.604614,-882.077759,-0.643458,0.196981,0.739703,-0.725787,0.150141,-0.671335,-0.243300,-0.968843,0.046357),fov=91.848808,dt=0.035708},
	{cf=CFrame.new(19.261803,-1297.214355,-882.077820,-0.606320,0.192204,0.771643,-0.753865,0.169924,-0.634676,-0.253108,-0.966532,0.041868),fov=93.365768,dt=0.036571},
	{cf=CFrame.new(19.572052,-1303.205688,-882.077820,-0.554977,0.184039,0.811253,-0.788352,0.194922,-0.583530,-0.265523,-0.963398,0.036910),fov=94.156273,dt=0.036223},
	{cf=CFrame.new(19.904015,-1309.616211,-882.077820,-0.490851,0.171196,0.854259,-0.825504,0.222132,-0.518845,-0.278582,-0.959870,0.032289),fov=93.928833,dt=0.028411},
	{cf=CFrame.new(20.197426,-1315.281982,-882.077820,-0.425632,0.155907,0.891364,-0.857228,0.246024,-0.452363,-0.289823,-0.956643,0.028932),fov=93.415375,dt=0.038372},
	{cf=CFrame.new(20.425789,-1319.692383,-882.077820,-0.371445,0.142140,0.917510,-0.879098,0.264071,-0.396803,-0.298690,-0.953972,0.026867),fov=92.236008,dt=0.032850},
	{cf=CFrame.new(20.752007,-1325.991699,-882.077820,-0.291800,0.120354,0.948877,-0.904802,0.286938,-0.314641,-0.310138,-0.950359,0.025168),fov=90.900093,dt=0.035109},
	{cf=CFrame.new(20.893486,-1328.724243,-882.077820,-0.255431,0.109761,0.960577,-0.913910,0.296776,-0.276933,-0.315473,-0.948618,0.024506),fov=92.036621,dt=0.056537},
	{cf=CFrame.new(21.055176,-1321.847046,-882.077820,-0.213422,0.097133,0.972119,-0.922652,0.307099,-0.233247,-0.321193,-0.946708,0.024078),fov=86.527458,dt=0.099157},
	{cf=CFrame.new(21.436089,-1329.202393,-882.077820,-0.109414,0.059839,0.992193,-0.936464,0.328461,-0.123078,-0.333262,-0.942620,0.020099),fov=82.395592,dt=0.039319},
	{cf=CFrame.new(22.399857,-1347.813232,-882.077820,0.135952,-0.053729,0.989257,-0.922369,0.357585,0.146181,-0.361597,-0.932334,-0.000943),fov=79.296692,dt=0.061825},
	{cf=CFrame.new(23.478661,-1358.645508,-882.077820,0.368850,-0.192738,0.909286,-0.840745,0.347972,0.414805,-0.396355,-0.917479,-0.033695),fov=76.972511,dt=0.040194},
	{cf=CFrame.new(-10.236923,-1424.987427,-868.070251,0.970814,0.077099,0.227101,-0.066099,0.996259,-0.055661,-0.230543,0.039026,0.972279),fov=75.229378,dt=0.027226},
	{cf=CFrame.new(-14.201302,-1427.540894,-864.650208,0.990187,0.122566,0.067130,-0.120474,0.992121,-0.034380,-0.070815,0.025955,0.997152),fov=73.922035,dt=0.040432},
	{cf=CFrame.new(-14.201302,-1427.540894,-864.650208,0.990187,0.122566,0.067130,-0.120474,0.992121,-0.034380,-0.070815,0.025955,0.997152),fov=72.941528,dt=0.028278},
	{cf=CFrame.new(-11.734001,-1424.782593,-864.732117,0.992542,0.106328,0.059617,-0.104744,0.994074,-0.029087,-0.062357,0.022626,0.997797),fov=72.206139,dt=0.023047},
	{cf=CFrame.new(-10.191933,-1423.058594,-864.783264,0.993851,0.096195,0.054837,-0.094895,0.995152,-0.025843,-0.057057,0.020480,0.998161),fov=71.654594,dt=0.022437},
	{cf=CFrame.new(-9.487717,-1422.276123,-864.454773,0.994839,0.087800,0.050849,-0.086714,0.995963,-0.023191,-0.052680,0.018662,0.998437),fov=71.240944,dt=0.019733},
	{cf=CFrame.new(-10.150681,-1423.031494,-863.377319,0.995592,0.080839,0.047564,-0.079915,0.996580,-0.021018,-0.049100,0.017124,0.998647),fov=70.930702,dt=0.019825},
	{cf=CFrame.new(-10.592659,-1423.535156,-862.658997,0.996060,0.076203,0.045357,-0.075380,0.996963,-0.019582,-0.046712,0.016086,0.998779),fov=70.698029,dt=0.020639},
	{cf=CFrame.new(-11.145142,-1424.164673,-861.761108,0.996609,0.070412,0.042580,-0.069708,0.997409,-0.017803,-0.043723,0.014774,0.998934),fov=70.523514,dt=0.017757},
	{cf=CFrame.new(-11.587128,-1424.668335,-861.042786,0.997018,0.065784,0.040344,-0.065168,0.997740,-0.016391,-0.041331,0.013713,0.999051),fov=70.392639,dt=0.017959},
	{cf=CFrame.new(-12.139603,-1425.297852,-860.144836,0.997492,0.060004,0.037529,-0.059491,0.998121,-0.014642,-0.038337,0.012373,0.999188),fov=70.294487,dt=0.019470},
	{cf=CFrame.new(-12.430313,-1425.562622,-859.845093,0.997838,0.055400,0.035359,-0.054939,0.998393,-0.013896,-0.036072,0.011923,0.999278),fov=70.220863,dt=0.014806},
	{cf=CFrame.new(-12.604630,-1425.594971,-859.993530,0.998229,0.049668,0.032754,-0.049239,0.998692,-0.013776,-0.033396,0.012139,0.999368),fov=70.165649,dt=0.018892},
	{cf=CFrame.new(-12.744064,-1425.620850,-860.112244,0.998512,0.045084,0.030663,-0.044681,0.998907,-0.013691,-0.031247,0.012301,0.999436),fov=70.124229,dt=0.019461},
	{cf=CFrame.new(-12.883514,-1425.646729,-860.231018,0.998771,0.040500,0.028566,-0.040124,0.999102,-0.013616,-0.029092,0.012453,0.999499),fov=70.093170,dt=0.017671},
	{cf=CFrame.new(-13.057823,-1425.679199,-860.379395,0.999059,0.034774,0.025935,-0.034431,0.999315,-0.013535,-0.026388,0.012630,0.999572),fov=70.069878,dt=0.027164},
	{cf=CFrame.new(-13.125053,-1425.747803,-860.031372,0.999248,0.030468,0.023984,-0.030151,0.999454,-0.013485,-0.024381,0.012751,0.999621),fov=70.052406,dt=0.019212},
	{cf=CFrame.new(-13.181076,-1425.805054,-859.741272,0.999389,0.026881,0.022353,-0.026585,0.999556,-0.013449,-0.022704,0.012846,0.999660),fov=70.039307,dt=0.020170},
	{cf=CFrame.new(-13.237099,-1425.862305,-859.451233,0.999514,0.023295,0.020719,-0.023020,0.999645,-0.013419,-0.021024,0.012935,0.999695),fov=70.029472,dt=0.021000},
	{cf=CFrame.new(-13.281921,-1425.908203,-859.219177,0.999603,0.020427,0.019408,-0.020169,0.999707,-0.013399,-0.019676,0.013002,0.999722),fov=70.022102,dt=0.019602},
	{cf=CFrame.new(-13.349144,-1425.976807,-858.871094,0.999718,0.016127,0.017438,-0.015895,0.999784,-0.013376,-0.017650,0.013095,0.999758),fov=70.016579,dt=0.017062},
	{cf=CFrame.new(-13.393959,-1426.022705,-858.639099,0.999782,0.013261,0.016122,-0.013046,0.999826,-0.013366,-0.016297,0.013153,0.999781),fov=70.012436,dt=0.020252},
	{cf=CFrame.new(-13.045097,-1425.900024,-858.501648,0.999844,0.009798,0.014718,-0.009582,0.999846,-0.014702,-0.014859,0.014559,0.999784),fov=70.009323,dt=0.019003},
	{cf=CFrame.new(-12.550064,-1425.705933,-858.473145,0.999881,0.007090,0.013725,-0.006864,0.999841,-0.016490,-0.013840,0.016394,0.999770),fov=70.006989,dt=0.023951},
	{cf=CFrame.new(-11.807526,-1425.414795,-858.430420,0.999920,0.003026,0.012239,-0.002791,0.999812,-0.019177,-0.012295,0.019142,0.999741),fov=70.005241,dt=0.021490},
	{cf=CFrame.new(-11.188736,-1425.172119,-858.394775,0.999939,-0.000363,0.011004,0.000599,0.999770,-0.021420,-0.010994,0.021425,0.999710),fov=70.003929,dt=0.024132},
	{cf=CFrame.new(-10.905373,-1425.255859,-858.054382,0.999945,-0.003659,0.009819,0.003890,0.999714,-0.023603,-0.009729,0.023640,0.999673),fov=70.002953,dt=0.015897},
	{cf=CFrame.new(-10.869514,-1425.436646,-857.728210,0.999943,-0.005600,0.009126,0.005826,0.999673,-0.024890,-0.008984,0.024942,0.999649),fov=70.002213,dt=0.017313},
	{cf=CFrame.new(-10.833656,-1425.617432,-857.402100,0.999936,-0.007541,0.008436,0.007760,0.999627,-0.026177,-0.008235,0.026241,0.999622),fov=70.001663,dt=0.019313},
	{cf=CFrame.new(-10.788834,-1425.843262,-856.994385,0.999922,-0.009968,0.007573,0.010175,0.999562,-0.027788,-0.007293,0.027863,0.999585),fov=70.001244,dt=0.019953},
	{cf=CFrame.new(-10.752975,-1426.024048,-856.668213,0.999905,-0.011911,0.006885,0.012106,0.999504,-0.029078,-0.006535,0.029159,0.999554),fov=70.000923,dt=0.018458},
	{cf=CFrame.new(-10.717125,-1426.204834,-856.342102,0.999885,-0.013854,0.006196,0.014036,0.999440,-0.030369,-0.005772,0.030453,0.999520),fov=70.000694,dt=0.015576},
	{cf=CFrame.new(-10.795341,-1426.122437,-856.044861,0.999850,-0.016492,0.005335,0.016656,0.999340,-0.032296,-0.004798,0.032380,0.999464),fov=70.000519,dt=0.022958},
	{cf=CFrame.new(-11.058121,-1425.577881,-855.913330,0.999801,-0.019445,0.004469,0.019588,0.999206,-0.034692,-0.003791,0.034773,0.999388),fov=70.000397,dt=0.015704},
	{cf=CFrame.new(-11.268341,-1425.142090,-855.808105,0.999755,-0.021808,0.003779,0.021931,0.999089,-0.036611,-0.002977,0.036685,0.999322),fov=70.000298,dt=0.018011},
	{cf=CFrame.new(-11.478569,-1424.706543,-855.702881,0.999703,-0.024171,0.003091,0.024273,0.998963,-0.038530,-0.002157,0.038593,0.999253),fov=70.000221,dt=0.017959},
	{cf=CFrame.new(-11.741341,-1424.161865,-855.571411,0.999629,-0.027127,0.002234,0.027196,0.998792,-0.040931,-0.001121,0.040976,0.999159),fov=70.000168,dt=0.018714},
	{cf=CFrame.new(-11.920090,-1424.583740,-855.643066,0.999583,-0.028818,0.001752,0.028866,0.998688,-0.042304,-0.000530,0.042337,0.999103),fov=70.000122,dt=0.027790},
	{cf=CFrame.new(-12.188217,-1425.216553,-855.750610,0.999508,-0.031355,0.001031,0.031369,0.998523,-0.044365,0.000362,0.044376,0.999015),fov=70.000084,dt=0.016892},
	{cf=CFrame.new(-12.366966,-1425.638428,-855.822266,0.999454,-0.033046,0.000554,0.033037,0.998407,-0.045741,0.000959,0.045734,0.998953),fov=70.000061,dt=0.019250},
	{cf=CFrame.new(-12.590401,-1426.165771,-855.911865,0.999382,-0.035162,-0.000038,0.035121,0.998256,-0.047461,0.001707,0.047430,0.998873),fov=70.000046,dt=0.015338},
	{cf=CFrame.new(-12.769150,-1426.587524,-855.983521,0.999320,-0.036855,-0.000511,0.036786,0.998129,-0.048837,0.002310,0.048785,0.998807),fov=70.000031,dt=0.015958},
	{cf=CFrame.new(-12.947899,-1427.009399,-856.055176,0.999256,-0.038549,-0.000982,0.038451,0.997998,-0.050214,0.002916,0.050139,0.998738),fov=70.000023,dt=0.018884},
	{cf=CFrame.new(-13.007149,-1427.140503,-856.089600,0.999205,-0.039853,-0.001179,0.039739,0.997872,-0.051700,0.003237,0.051612,0.998662),fov=70.000015,dt=0.019245},
	{cf=CFrame.new(-13.031425,-1427.183350,-856.117004,0.999145,-0.041321,-0.001311,0.041191,0.997712,-0.053602,0.003523,0.053502,0.998562),fov=70.000015,dt=0.021378},
	{cf=CFrame.new(-13.050842,-1427.217529,-856.138977,0.999096,-0.042495,-0.001416,0.042353,0.997581,-0.055123,0.003755,0.055013,0.998479),fov=70.000015,dt=0.016390},
	{cf=CFrame.new(-13.075119,-1427.260254,-856.166443,0.999032,-0.043963,-0.001545,0.043804,0.997411,-0.057025,0.004048,0.056902,0.998371),fov=70.167084,dt=0.017292},
	{cf=CFrame.new(-13.094543,-1427.294556,-856.188416,0.998979,-0.045138,-0.001648,0.044964,0.997271,-0.058546,0.004286,0.058412,0.998283),fov=70.459274,dt=0.015484},
	{cf=CFrame.new(-13.113960,-1427.328735,-856.210388,0.998925,-0.046313,-0.001750,0.046124,0.997128,-0.060067,0.004527,0.059922,0.998193),fov=70.844933,dt=0.016618},
	{cf=CFrame.new(-13.174881,-1427.354370,-856.235229,0.998868,-0.047536,-0.001854,0.047332,0.996975,-0.061652,0.004779,0.061494,0.998096),fov=71.300140,dt=0.017301},
	{cf=CFrame.new(-13.360283,-1427.354004,-856.268616,0.998801,-0.048907,-0.001963,0.048685,0.996798,-0.063426,0.005058,0.063255,0.997985),fov=71.806755,dt=0.019535},
	{cf=CFrame.new(-13.545677,-1427.353760,-856.302063,0.998733,-0.050278,-0.002071,0.050036,0.996617,-0.065201,0.005342,0.065015,0.997870),fov=72.350998,dt=0.016644},
	{cf=CFrame.new(-13.777435,-1427.353394,-856.343872,0.998645,-0.051992,-0.002204,0.051725,0.996383,-0.067420,0.005701,0.067214,0.997722),fov=72.922348,dt=0.017430},
	{cf=CFrame.new(-13.962830,-1427.353027,-856.377319,0.998572,-0.053363,-0.002309,0.053076,0.996190,-0.069194,0.005993,0.068973,0.997601),fov=73.512741,dt=0.016582},
	{cf=CFrame.new(-14.148224,-1427.352783,-856.410767,0.998498,-0.054734,-0.002414,0.054425,0.995993,-0.070968,0.006289,0.070730,0.997476),fov=74.115936,dt=0.016965},
	{cf=CFrame.new(-14.107643,-1427.197998,-856.234375,0.998430,-0.055953,-0.002410,0.055629,0.995795,-0.072784,0.006472,0.072535,0.997345),fov=74.727074,dt=0.016886},
	{cf=CFrame.new(-13.841095,-1426.888916,-855.848145,0.998370,-0.057019,-0.002298,0.056688,0.995598,-0.074639,0.006544,0.074387,0.997208),fov=75.342346,dt=0.016770},
	{cf=CFrame.new(-13.574547,-1426.579834,-855.461975,0.998309,-0.058084,-0.002186,0.057747,0.995396,-0.076495,0.006619,0.076239,0.997068),fov=75.958710,dt=0.016616},
	{cf=CFrame.new(-13.308006,-1426.270752,-855.075806,0.998247,-0.059150,-0.002073,0.058806,0.995190,-0.078350,0.006698,0.078091,0.996924),fov=76.573708,dt=0.020206},
	{cf=CFrame.new(-13.041451,-1425.961670,-854.689575,0.998184,-0.060215,-0.001960,0.059864,0.994979,-0.080205,0.006779,0.079942,0.996777),fov=77.333191,dt=0.016173},
	{cf=CFrame.new(-12.708275,-1425.575317,-854.206848,0.998102,-0.061546,-0.001817,0.061187,0.994709,-0.082523,0.006886,0.082255,0.996587),fov=78.047974,dt=0.017250},
	{cf=CFrame.new(-12.659439,-1425.548340,-854.109741,0.998060,-0.062226,-0.001762,0.061857,0.994528,-0.084191,0.006991,0.083918,0.996448),fov=78.726395,dt=0.017735},
	{cf=CFrame.new(-12.683167,-1425.615234,-854.108948,0.998026,-0.062778,-0.001727,0.062399,0.994357,-0.085796,0.007104,0.085519,0.996311),fov=79.374535,dt=0.018862},
	{cf=CFrame.new(-12.706902,-1425.682129,-854.108154,0.997991,-0.063329,-0.001692,0.062940,0.994183,-0.087402,0.007218,0.087120,0.996172),fov=79.996803,dt=0.017460},
	{cf=CFrame.new(-12.730629,-1425.749023,-854.107422,0.997956,-0.063881,-0.001657,0.063480,0.994006,-0.089007,0.007333,0.088720,0.996030),fov=80.596352,dt=0.016458},
	{cf=CFrame.new(-12.760292,-1425.832764,-854.106445,0.997912,-0.064571,-0.001614,0.064156,0.993781,-0.091014,0.007480,0.090720,0.995848),fov=81.175400,dt=0.019968},
	{cf=CFrame.new(-12.784027,-1425.899658,-854.105652,0.997876,-0.065122,-0.001579,0.064696,0.993598,-0.092618,0.007600,0.092319,0.995700),fov=81.735474,dt=0.018881},
	{cf=CFrame.new(-12.708107,-1425.776367,-853.880127,0.997831,-0.065811,-0.001528,0.065372,0.993365,-0.094624,0.007745,0.094319,0.995512),fov=82.277565,dt=0.021636},
	{cf=CFrame.new(-12.632179,-1425.652954,-853.654541,0.997785,-0.066500,-0.001478,0.066046,0.993127,-0.096629,0.007894,0.096317,0.995319),fov=82.916443,dt=0.018463},
	{cf=CFrame.new(-12.571442,-1425.554199,-853.474060,0.997749,-0.067051,-0.001438,0.066586,0.992934,-0.098233,0.008014,0.097916,0.995162),fov=83.505600,dt=0.018720},
	{cf=CFrame.new(-12.495514,-1425.430908,-853.248474,0.997702,-0.067740,-0.001387,0.067260,0.992688,-0.100237,0.008167,0.099913,0.994963),fov=84.053200,dt=0.020810},
	{cf=CFrame.new(-12.419601,-1425.307495,-853.022888,0.997655,-0.068429,-0.001336,0.067934,0.992437,-0.102241,0.008323,0.101910,0.994759),fov=84.565247,dt=0.018087},
	{cf=CFrame.new(-12.390770,-1425.259033,-853.006531,0.997685,-0.067986,-0.001469,0.067471,0.992361,-0.103281,0.008479,0.102943,0.994651),fov=85.046150,dt=0.019772},
	{cf=CFrame.new(-12.367714,-1425.220215,-852.993408,0.997709,-0.067632,-0.001576,0.067101,0.992299,-0.104113,0.008605,0.103768,0.994564),fov=85.499077,dt=0.018771},
	{cf=CFrame.new(-12.338882,-1425.171631,-852.977051,0.997739,-0.067189,-0.001709,0.066637,0.992221,-0.105152,0.008761,0.104801,0.994455),fov=85.926315,dt=0.020627},
	{cf=CFrame.new(-12.315826,-1425.132812,-852.963928,0.997762,-0.066835,-0.001817,0.066267,0.992157,-0.105984,0.008886,0.105626,0.994366),fov=86.407341,dt=0.021839},
	{cf=CFrame.new(-12.286995,-1425.084351,-852.947571,0.997792,-0.066393,-0.001952,0.065803,0.992077,-0.107023,0.009042,0.106658,0.994255),fov=86.840950,dt=0.019819},
	{cf=CFrame.new(-12.258171,-1425.035767,-852.931213,0.997821,-0.065951,-0.002088,0.065340,0.991995,-0.108062,0.009198,0.107690,0.994142),fov=87.233963,dt=0.018676},
	{cf=CFrame.new(-12.288727,-1425.043335,-852.940796,0.997853,-0.065456,-0.002241,0.064820,0.991901,-0.109226,0.009372,0.108846,0.994015),fov=87.591370,dt=0.018388},
	{cf=CFrame.new(-12.556854,-1425.275024,-853.054138,0.997899,-0.064749,-0.002458,0.064078,0.991765,-0.110887,0.009618,0.110497,0.993830),fov=87.916870,dt=0.018957},
	{cf=CFrame.new(-12.771362,-1425.460449,-853.144836,0.997935,-0.064183,-0.002634,0.063483,0.991654,-0.112217,0.009814,0.111818,0.993680),fov=88.260002,dt=0.025286},
	{cf=CFrame.new(-13.039482,-1425.692139,-853.258179,0.997979,-0.063477,-0.002855,0.062740,0.991512,-0.113877,0.010059,0.113468,0.993491),fov=88.558792,dt=0.019737},
	{cf=CFrame.new(-13.307617,-1425.923828,-853.371582,0.998023,-0.062771,-0.003078,0.061996,0.991367,-0.115538,0.010304,0.115119,0.993298),fov=88.818901,dt=0.021122},
	{cf=CFrame.new(-13.293381,-1425.832153,-853.373047,0.998101,-0.061508,-0.003390,0.060694,0.991318,-0.116643,0.010535,0.116216,0.993168),fov=89.044525,dt=0.015970},
	{cf=CFrame.new(-13.283882,-1425.770996,-853.373962,0.998151,-0.060667,-0.003600,0.059826,0.991283,-0.117379,0.010689,0.116947,0.993081),fov=89.238785,dt=0.016047},
	{cf=CFrame.new(-13.274391,-1425.709961,-853.374939,0.998202,-0.059825,-0.003810,0.058958,0.991248,-0.118116,0.010843,0.117679,0.992993),fov=89.403976,dt=0.020301},
	{cf=CFrame.new(-13.262512,-1425.633545,-853.376160,0.998263,-0.058774,-0.004074,0.057872,0.991202,-0.119036,0.011035,0.118593,0.992882),fov=89.550194,dt=0.019387},
	{cf=CFrame.new(-13.253021,-1425.572388,-853.377075,0.998311,-0.057933,-0.004287,0.057004,0.991164,-0.119771,0.011188,0.119324,0.992792),fov=89.662643,dt=0.014156},
	{cf=CFrame.new(-13.243523,-1425.511230,-853.378052,0.998359,-0.057092,-0.004501,0.056135,0.991124,-0.120506,0.011341,0.120056,0.992702),fov=88.893951,dt=0.019926},
	{cf=CFrame.new(-13.230370,-1425.521606,-853.227844,0.998436,-0.055704,-0.004852,0.054701,0.991056,-0.121719,0.011588,0.121264,0.992553),fov=87.468384,dt=0.017639},
	{cf=CFrame.new(-13.219582,-1425.547241,-853.077454,0.998499,-0.054527,-0.005151,0.053484,0.990996,-0.122748,0.011798,0.122288,0.992424),fov=85.558090,dt=0.019503},
	{cf=CFrame.new(-13.206108,-1425.579224,-852.889404,0.998576,-0.053056,-0.005528,0.051963,0.990917,-0.124033,0.012058,0.123569,0.992263),fov=83.296104,dt=0.017028},
	{cf=CFrame.new(-13.195328,-1425.604858,-852.738953,0.998636,-0.051880,-0.005832,0.050745,0.990851,-0.125060,0.012267,0.124594,0.992132),fov=80.786079,dt=0.019416},
	{cf=CFrame.new(-13.189064,-1425.655518,-852.617920,0.998701,-0.050578,-0.006169,0.049397,0.990775,-0.126197,0.012495,0.125729,0.991986),fov=78.109543,dt=0.019288},
	{cf=CFrame.new(-13.192719,-1425.718384,-852.601440,0.998742,-0.049737,-0.006386,0.048527,0.990724,-0.126931,0.012640,0.126461,0.991891),fov=75.331345,dt=0.028770},
	{cf=CFrame.new(-13.197289,-1425.796997,-852.580872,0.998792,-0.048687,-0.006659,0.047439,0.990659,-0.127847,0.012821,0.127376,0.991772),fov=71.790001,dt=0.027741},
	{cf=CFrame.new(-13.203697,-1425.906982,-852.552124,0.998860,-0.047218,-0.007043,0.045915,0.990564,-0.129129,0.013074,0.128658,0.991603),fov=67.810585,dt=0.019598},
	{cf=CFrame.new(-13.209175,-1426.001343,-852.527405,0.998916,-0.045959,-0.007375,0.044609,0.990480,-0.130227,0.013290,0.129756,0.991457),fov=64.222488,dt=0.022004},
	{cf=CFrame.new(-13.186211,-1426.048096,-852.738220,0.999104,-0.041850,-0.006304,0.040708,0.991032,-0.127277,0.011574,0.126907,0.991847),fov=60.970474,dt=0.020792},
	{cf=CFrame.new(-13.053047,-1425.967773,-853.874939,0.999674,-0.025543,0.000250,0.025418,0.993730,-0.108881,0.002532,0.108852,0.994055),fov=57.547604,dt=0.028148},
	{cf=CFrame.new(-12.919891,-1425.887329,-855.011597,0.999933,-0.009324,0.006936,0.009914,0.995846,-0.090518,-0.006064,0.090581,0.995871),fov=54.562138,dt=0.022433},
	{cf=CFrame.new(-12.733459,-1425.774780,-856.602905,0.999776,0.013224,0.016515,-0.012126,0.997819,-0.064881,-0.017337,0.064666,0.997756),fov=51.643341,dt=0.024370},
	{cf=CFrame.new(-12.600288,-1425.694336,-857.739624,0.999297,0.029206,0.023507,-0.028087,0.998517,-0.046632,-0.024834,0.045939,0.998636),fov=49.196041,dt=0.033184},
	{cf=CFrame.new(-12.387230,-1425.565674,-859.558289,0.997900,0.054546,0.034946,-0.053958,0.998389,-0.017569,-0.035848,0.015646,0.999235),fov=47.013458,dt=0.027571},
	{cf=CFrame.new(-13.237068,-1425.862305,-859.451416,0.999514,0.023297,0.020720,-0.023022,0.999645,-0.013419,-0.021025,0.012935,0.999695),fov=45.260094,dt=0.021673},
	{cf=CFrame.new(-10.941444,-1425.075195,-858.380554,0.999943,-0.001718,0.010511,0.001952,0.999749,-0.022317,-0.010470,0.022336,0.999696),fov=44.049236,dt=0.019081},
	{cf=CFrame.new(-10.690254,-1426.340210,-856.097656,0.999867,-0.015310,0.005682,0.015481,0.999389,-0.031338,-0.005199,0.031421,0.999493),fov=43.245266,dt=0.019771},
	{cf=CFrame.new(-12.054039,-1424.899902,-855.696777,0.999546,-0.030086,0.001396,0.030118,0.998607,-0.043334,-0.000090,0.043357,0.999060),fov=42.746449,dt=0.023648},
	{cf=CFrame.new(-13.128517,-1427.354370,-856.226807,0.998884,-0.047193,-0.001827,0.046993,0.997018,-0.061207,0.004710,0.061053,0.998124),fov=42.580669,dt=0.029140},
	{cf=CFrame.new(-14.240829,-1427.352539,-856.427429,0.998460,-0.055419,-0.002466,0.055099,0.995892,-0.071855,0.006438,0.071608,0.997412),fov=42.560501,dt=0.018855},
	{cf=CFrame.new(-12.748413,-1425.799316,-854.106873,0.997930,-0.064294,-0.001631,0.063886,0.993872,-0.090210,0.007421,0.089919,0.995921),fov=42.753708,dt=0.053980},
	{cf=CFrame.new(-12.510742,-1425.455566,-853.293701,0.997711,-0.067602,-0.001398,0.067125,0.992737,-0.099835,0.008137,0.099513,0.995003),fov=43.211113,dt=0.063640},
	{cf=CFrame.new(-13.200722,-1425.592041,-852.814270,0.998607,-0.052468,-0.005679,0.051354,0.990884,-0.124546,0.012162,0.124081,0.992198),fov=44.048958,dt=0.036344},
	{cf=CFrame.new(-13.431198,-1425.312256,-852.929077,0.999242,-0.037811,-0.009313,0.036182,0.989920,-0.136927,0.014396,0.136486,0.990537),fov=44.937756,dt=0.036061},
	{cf=CFrame.new(-13.049492,-1425.508789,-852.045349,0.999678,-0.023603,-0.009373,0.022022,0.989488,-0.142930,0.012648,0.142677,0.989689),fov=45.864777,dt=0.037506},
	{cf=CFrame.new(-13.301689,-1425.830811,-851.996521,0.999903,-0.012633,-0.005893,0.011670,0.989829,-0.141781,0.007625,0.141698,0.989881),fov=46.820457,dt=0.058676},
	{cf=CFrame.new(-13.199768,-1425.258667,-851.312683,0.999998,-0.001814,-0.001127,0.001641,0.990350,-0.138577,0.001367,0.138575,0.990351),fov=49.010433,dt=0.042699},
	{cf=CFrame.new(-13.114899,-1425.681763,-850.648865,0.999685,0.022900,0.010302,-0.021395,0.991547,-0.127973,-0.013146,0.127712,0.991724),fov=51.389523,dt=0.028894},
	{cf=CFrame.new(-13.144165,-1425.738281,-850.220398,0.998890,0.042505,0.020320,-0.039920,0.992670,-0.114071,-0.025019,0.113133,0.993265),fov=48.625477,dt=0.048294},
	{cf=CFrame.new(-13.158524,-1425.779785,-849.825012,0.998465,0.049645,0.024538,-0.046812,0.993372,-0.104976,-0.029587,0.103666,0.994172),fov=37.288074,dt=0.042771},
	{cf=CFrame.new(-12.522408,-1424.612915,-844.954346,0.999952,0.006426,0.007352,-0.005757,0.996130,-0.087706,-0.007887,0.087659,0.996119),fov=30.491917,dt=0.048996},
	{cf=CFrame.new(-14.464378,-1426.121582,-831.365234,0.998352,-0.049569,-0.028923,0.046998,0.995386,-0.083652,0.032936,0.082154,0.996075),fov=26.532730,dt=0.080026},
	{cf=CFrame.new(-23.277725,-1420.995117,-818.498291,0.983315,-0.104593,-0.148838,0.090598,0.991063,-0.097906,0.157748,0.082788,0.984003),fov=25.867352,dt=0.106640},
	{cf=CFrame.new(-44.072029,-1416.371094,-815.919617,0.938555,-0.132659,-0.318615,0.099177,0.987907,-0.119177,0.330572,0.080255,0.940362),fov=27.458220,dt=0.065054},
	{cf=CFrame.new(-57.551849,-1411.912598,-791.365112,0.874183,-0.096439,-0.475924,0.046478,0.992198,-0.115683,0.483368,0.079008,0.871845),fov=29.845600,dt=0.035083},
	{cf=CFrame.new(-73.678154,-1414.734131,-787.503113,0.817613,-0.057595,-0.572881,0.058390,0.998149,-0.017016,0.572800,-0.019538,0.819462),fov=32.832920,dt=0.034293},
	{cf=CFrame.new(-71.402206,-1402.906860,-797.405518,0.774521,-0.024456,-0.632075,0.062321,0.997341,0.037777,0.629470,-0.068650,0.773986),fov=36.040554,dt=0.037941},
	{cf=CFrame.new(-90.663139,-1407.015381,-806.116455,0.691745,0.024684,-0.721720,0.062689,0.993590,0.094069,0.719415,-0.110316,0.685764),fov=39.431625,dt=0.052918},
	{cf=CFrame.new(-103.869873,-1405.810547,-815.495300,0.572236,0.086045,-0.815563,0.071315,0.985492,0.154011,0.816983,-0.146292,0.557797),fov=43.358810,dt=0.052558},
	{cf=CFrame.new(-115.847267,-1413.682495,-838.274597,0.416095,0.175537,-0.892218,0.087897,0.968832,0.231602,0.905063,-0.174791,0.387697),fov=47.857018,dt=0.039105},
	{cf=CFrame.new(-118.594757,-1405.164062,-857.727661,0.291978,0.203589,-0.934505,0.080746,0.968347,0.236190,0.953010,-0.144419,0.266297),fov=52.026943,dt=0.036359},
	{cf=CFrame.new(-119.323044,-1410.025146,-867.985657,0.169235,0.227114,-0.959051,0.090133,0.965443,0.244532,0.981446,-0.127825,0.142916),fov=55.653248,dt=0.036883},
	{cf=CFrame.new(-115.058693,-1406.424561,-876.170837,0.061169,0.244670,-0.967675,0.106585,0.962346,0.250060,0.992420,-0.118435,0.032788),fov=58.877754,dt=0.033045},
	{cf=CFrame.new(-117.111649,-1399.647461,-895.282471,-0.073177,0.266344,-0.961096,0.131773,0.957813,0.255401,0.988575,-0.107957,-0.105186),fov=61.791195,dt=0.034842},
	{cf=CFrame.new(-110.562988,-1397.177979,-901.291626,-0.179383,0.281489,-0.942648,0.152739,0.954541,0.255975,0.971850,-0.098061,-0.214222),fov=64.484520,dt=0.036140},
	{cf=CFrame.new(-101.889030,-1399.150391,-909.101318,-0.294850,0.296233,-0.908466,0.175499,0.951347,0.253257,0.939289,-0.084762,-0.332493),fov=66.998299,dt=0.057981},
	{cf=CFrame.new(-96.898949,-1396.340698,-931.832703,-0.435863,0.304989,-0.846761,0.191921,0.950689,0.243632,0.879312,-0.056322,-0.472904),fov=70.025818,dt=0.091564},
	{cf=CFrame.new(-81.388458,-1387.873291,-939.033997,-0.598753,0.281600,-0.749797,0.174732,0.959531,0.220836,0.781641,0.001212,-0.623727),fov=73.636749,dt=0.049724},
	{cf=CFrame.new(-72.661163,-1374.557373,-945.628052,-0.730790,0.241396,-0.638494,0.150038,0.969311,0.194742,0.665909,0.046517,-0.744581),fov=76.445824,dt=0.046878},
	{cf=CFrame.new(-60.560081,-1370.650391,-951.345703,-0.825210,0.208613,-0.524890,0.131893,0.974773,0.180060,0.549211,0.079358,-0.831907),fov=78.038116,dt=0.035150},
	{cf=CFrame.new(-47.065796,-1370.278931,-954.075989,-0.902501,0.172080,-0.394817,0.113268,0.979275,0.167899,0.415527,0.106809,-0.903288),fov=78.851967,dt=0.050821},
	{cf=CFrame.new(-33.300529,-1368.364136,-959.654175,-0.954468,0.137136,-0.264926,0.096685,0.982344,0.160164,0.282213,0.127257,-0.950874),fov=79.042709,dt=0.044849},
	{cf=CFrame.new(-20.229095,-1370.034668,-959.178223,-0.989746,0.093978,-0.107570,0.077053,0.985385,0.151915,0.120275,0.142069,-0.982522),fov=78.731934,dt=0.165476},
	{cf=CFrame.new(-10.723114,-1367.948608,-957.808594,-0.997662,0.054530,0.041183,0.060032,0.987318,0.146970,-0.032647,0.149099,-0.988283),fov=77.405029,dt=0.102160},
	{cf=CFrame.new(3.329651,-1368.421387,-953.563354,-0.969209,0.001190,0.246236,0.033621,0.991263,0.127542,-0.243933,0.131894,-0.960781),fov=75.524200,dt=0.067191},
	{cf=CFrame.new(18.114128,-1369.151611,-947.987732,-0.915159,-0.025737,0.402270,0.024553,0.992547,0.119361,-0.402344,0.119112,-0.907707),fov=73.639359,dt=0.027619},
	{cf=CFrame.new(27.093925,-1370.197266,-942.666931,-0.837732,-0.046536,0.544095,0.020570,0.992966,0.116599,-0.545693,0.108871,-0.830883),fov=72.012917,dt=0.027807},
	{cf=CFrame.new(29.154236,-1371.075195,-939.511414,-0.802792,-0.053387,0.593864,0.019225,0.993148,0.115270,-0.595949,0.103955,-0.796265),fov=70.697227,dt=0.062758},
	{cf=CFrame.new(37.482941,-1370.350220,-931.701050,-0.703330,-0.069616,0.707447,0.019753,0.992895,0.117344,-0.710589,0.096506,-0.696957),fov=69.331879,dt=0.064308},
	{cf=CFrame.new(43.712082,-1372.779785,-921.955444,-0.602050,-0.078959,0.794545,0.019316,0.993367,0.113353,-0.798225,0.083591,-0.596531),fov=67.929306,dt=0.078527},
	{cf=CFrame.new(49.232544,-1373.180664,-912.023682,-0.455129,-0.081192,0.886716,0.028225,0.994018,0.105505,-0.889978,0.073046,-0.450115),fov=66.404175,dt=0.057090},
	{cf=CFrame.new(50.579483,-1372.579102,-901.669861,-0.290314,-0.076448,0.953873,0.039543,0.994994,0.091779,-0.956114,0.064364,-0.285838),fov=64.976402,dt=0.047060},
	{cf=CFrame.new(53.912949,-1371.923096,-892.035095,-0.149620,-0.071558,0.986151,0.048619,0.995639,0.079623,-0.987548,0.059859,-0.145488),fov=63.621639,dt=0.047831},
	{cf=CFrame.new(53.868454,-1371.882568,-885.718506,-0.028096,-0.066811,0.997370,0.055750,0.996106,0.068297,-0.998049,0.057522,-0.024262),fov=62.321640,dt=0.032183},
	{cf=CFrame.new(53.525818,-1372.434814,-879.110535,0.071666,-0.061620,0.995524,0.061056,0.996489,0.057284,-0.995558,0.056677,0.075176),fov=61.157364,dt=0.039946},
	{cf=CFrame.new(51.402451,-1373.503418,-870.948303,0.180196,-0.057929,0.981923,0.070761,0.996441,0.045800,-0.981082,0.061229,0.183654),fov=60.094872,dt=0.052181},
	{cf=CFrame.new(47.112549,-1371.560181,-865.563904,0.304634,-0.054488,0.950910,0.089992,0.995543,0.028216,-0.948209,0.076979,0.308179),fov=59.014076,dt=0.043110},
	{cf=CFrame.new(44.042130,-1372.835205,-860.007874,0.384507,-0.050932,0.921716,0.102715,0.994637,0.012112,-0.917390,0.090017,0.387677),fov=57.919559,dt=0.030139},
	{cf=CFrame.new(38.937576,-1373.684937,-854.622253,0.488615,-0.051140,0.871000,0.120419,0.992680,-0.009268,-0.864150,0.109414,0.491196),fov=56.909386,dt=0.048483},
	{cf=CFrame.new(34.816071,-1373.463135,-850.151917,0.573346,-0.054361,0.817508,0.133209,0.990705,-0.027546,-0.808412,0.124693,0.575258),fov=55.867828,dt=0.050043},
	{cf=CFrame.new(30.288147,-1374.244141,-847.299072,0.641456,-0.057312,0.765016,0.138328,0.989502,-0.041856,-0.754586,0.132672,0.642649),fov=54.802734,dt=0.039990},
	{cf=CFrame.new(25.872681,-1374.227539,-846.043945,0.691317,-0.060425,0.720020,0.136107,0.989548,-0.047636,-0.709617,0.130931,0.692316),fov=53.814632,dt=0.036262},
	{cf=CFrame.new(21.433762,-1374.340820,-846.188843,0.732331,-0.064098,0.677926,0.131358,0.990159,-0.048281,-0.668159,0.124409,0.733544),fov=52.884270,dt=0.039754},
	{cf=CFrame.new(16.455223,-1374.914307,-847.143738,0.772032,-0.067765,0.631961,0.126396,0.990810,-0.048166,-0.622889,0.117063,0.773502),fov=51.902573,dt=0.096939},
	{cf=CFrame.new(11.334801,-1375.396362,-848.431030,0.818081,-0.071355,0.570659,0.120452,0.991524,-0.048696,-0.562348,0.108574,0.819742),fov=50.693092,dt=0.044012},
	{cf=CFrame.new(15.546143,67.188171,31.922791,0.898729,-0.071667,0.432608,0.105725,0.992864,-0.055160,-0.425568,0.095311,0.899893),fov=49.502056,dt=0.170947},
	{cf=CFrame.new(9.465721,40.286652,28.903896,0.955050,-0.064870,0.289261,0.084869,0.994753,-0.057125,-0.284038,0.079107,0.955544),fov=51.482197,dt=0.130113},
	{cf=CFrame.new(42.205406,41.712006,-11.573284,0.156986,-0.022064,0.987354,0.018173,0.999646,0.019449,-0.987434,0.014890,0.157332),fov=53.164932,dt=0.126711},
	{cf=CFrame.new(62.987236,42.410156,-19.547243,-0.290188,-0.022996,0.956693,-0.001584,0.999721,0.023550,-0.956968,0.005319,-0.290144),fov=54.417427,dt=0.042428},
	{cf=CFrame.new(66.508568,43.678802,-12.269077,-0.183045,-0.015527,0.982982,0.007033,0.999829,0.017103,-0.983079,0.010044,-0.182905),fov=55.678837,dt=0.030847},
	{cf=CFrame.new(66.741631,43.130249,-3.741993,-0.062895,-0.009669,0.997973,0.017060,0.999797,0.010762,-0.997874,0.017702,-0.062717),fov=56.619434,dt=0.026352},
	{cf=CFrame.new(66.061211,43.015625,-0.938175,0.003155,-0.006893,0.999971,0.022220,0.999730,0.006821,-0.999748,0.022198,0.003308),fov=57.365162,dt=0.054019},
	{cf=CFrame.new(65.878181,43.626404,7.564126,0.134239,-0.002473,0.990946,0.034044,0.999418,-0.002118,-0.990364,0.034020,0.134245),fov=57.725147,dt=0.062378},
	{cf=CFrame.new(62.537468,43.344910,17.279129,0.281188,0.000219,0.959653,0.055532,0.998321,-0.016499,-0.958045,0.057931,0.280704),fov=57.804283,dt=0.085739},
	{cf=CFrame.new(55.264168,42.095947,25.116005,0.428890,-0.001958,0.903354,0.084467,0.995704,-0.037944,-0.899399,0.092578,0.427213),fov=57.579945,dt=0.052136},
	{cf=CFrame.new(48.317818,42.168121,32.346657,0.570223,-0.010461,0.821423,0.109842,0.991911,-0.063619,-0.814113,0.126504,0.566760),fov=57.426991,dt=0.062177},
	{cf=CFrame.new(41.044098,41.249573,36.395912,0.666564,-0.022222,0.745116,0.118890,0.989930,-0.076833,-0.735906,0.139801,0.662494),fov=57.057220,dt=0.060271},
	{cf=CFrame.new(34.963264,41.089172,36.797379,0.731564,-0.033581,0.680946,0.115738,0.990406,-0.075498,-0.671878,0.134043,0.728432),fov=56.546135,dt=0.134394},
	{cf=CFrame.new(27.171120,40.580872,35.617229,0.795239,-0.044566,0.604656,0.109981,0.991353,-0.071579,-0.596237,0.123423,0.793264),fov=55.422108,dt=0.063750},
	{cf=CFrame.new(19.714867,40.656555,33.813904,0.858798,-0.052981,0.509568,0.103013,0.992182,-0.070452,-0.501852,0.112996,0.857541),fov=54.528561,dt=0.064138},
	{cf=CFrame.new(11.554184,40.151001,29.896053,0.934575,-0.056973,0.351176,0.087671,0.993535,-0.072131,-0.344796,0.098199,0.933527),fov=53.677639,dt=0.059063},
	{cf=CFrame.new(5.235970,40.303772,26.524321,0.984254,-0.041439,0.171836,0.053430,0.996405,-0.065753,-0.168493,0.073898,0.982929),fov=52.721413,dt=0.058835},
	{cf=CFrame.new(-0.114822,40.176086,22.400196,0.999045,-0.007400,-0.043068,0.005459,0.998971,-0.045016,0.043356,0.044738,0.998057),fov=51.674911,dt=0.055484},
	{cf=CFrame.new(-3.825096,40.463043,17.489265,0.960570,0.028160,-0.276610,-0.034416,0.999249,-0.017784,0.275902,0.026602,0.960818),fov=50.688580,dt=0.068000},
	{cf=CFrame.new(-6.384705,40.486359,11.796931,0.848217,0.063628,-0.525812,-0.067574,0.997645,0.011716,0.525320,0.025594,0.850520),fov=49.631622,dt=0.063299},
	{cf=CFrame.new(-7.514961,40.768005,6.949150,0.624780,0.082932,-0.776384,-0.093115,0.995161,0.031369,0.775229,0.052694,0.629479),fov=48.543903,dt=0.064418},
	{cf=CFrame.new(-7.026001,40.843384,1.966225,0.115999,0.054524,-0.991752,-0.111858,0.992857,0.041502,0.986931,0.106121,0.121270),fov=47.504128,dt=0.057971},
	{cf=CFrame.new(-5.428581,40.886932,0.172201,-0.234092,0.016907,-0.972067,-0.068099,0.997108,0.033742,0.969827,0.074096,-0.232263),fov=46.802418,dt=0.057792},
	{cf=CFrame.new(-3.495041,40.909393,-1.193514,-0.666050,-0.004929,-0.745891,-0.029953,0.999348,0.020143,0.745306,0.035758,-0.665763),fov=46.650188,dt=0.063301},
	{cf=CFrame.new(-1.194077,40.918243,-2.112514,-0.954160,-0.006661,-0.299223,-0.005014,0.999968,-0.006272,0.299255,-0.004484,-0.954163),fov=47.029110,dt=0.046006},
	{cf=CFrame.new(0.568275,40.917755,-2.346430,-0.994044,0.006816,0.108762,0.003054,0.999392,-0.034717,-0.108932,-0.034178,-0.993461),fov=47.887821,dt=0.044510},
	{cf=CFrame.new(1.832855,40.921814,-2.192976,-0.908681,0.025564,0.416708,0.001020,0.998256,-0.059016,-0.417490,-0.053201,-0.907123),fov=49.076488,dt=0.062096},
	{cf=CFrame.new(3.084358,40.983521,-1.212524,-0.668154,0.051363,0.742248,-0.017148,0.996286,-0.084378,-0.743825,-0.069106,-0.664792),fov=50.654736,dt=0.068920},
	{cf=CFrame.new(3.599800,41.051941,-0.370039,-0.482591,0.053941,0.874183,-0.047706,0.995001,-0.087732,-0.874546,-0.084042,-0.477605),fov=52.518551,dt=0.088437},
	{cf=CFrame.new(3.628845,41.130676,0.391563,-0.285046,0.057013,0.956817,-0.086914,0.992580,-0.085037,-0.954565,-0.107400,-0.277976),fov=54.658100,dt=0.052181},
	{cf=CFrame.new(3.523300,41.221252,1.233562,-0.021517,0.069688,0.997337,-0.130857,0.988789,-0.071914,-0.991168,-0.132056,-0.012156),fov=56.764400,dt=0.048778},
	{cf=CFrame.new(3.321198,41.289520,1.796551,0.158647,0.075427,0.984450,-0.147935,0.987638,-0.051831,-0.976190,-0.137412,0.167844),fov=58.755772,dt=0.036743},
	{cf=CFrame.new(3.110481,41.344299,2.171696,0.280028,0.075703,0.957002,-0.151882,0.987824,-0.033699,-0.947901,-0.135915,0.288117),fov=60.542419,dt=0.039006},
	{cf=CFrame.new(2.831856,41.417236,2.491465,0.396496,0.069811,0.915378,-0.146492,0.989139,-0.011983,-0.906273,-0.129344,0.402416),fov=62.193138,dt=0.047583},
	{cf=CFrame.new(2.507645,41.504395,2.740545,0.496848,0.052198,0.866266,-0.124494,0.992152,0.011620,-0.858862,-0.113619,0.499448),fov=63.639778,dt=0.070737},
	{cf=CFrame.new(2.171738,41.612244,2.970545,0.579321,0.016076,0.814941,-0.076331,0.996482,0.034604,-0.811518,-0.082252,0.578510),fov=65.093994,dt=0.048425},
	{cf=CFrame.new(1.870247,41.684326,3.157116,0.637880,-0.012913,0.770028,-0.024060,0.999037,0.036685,-0.769760,-0.041928,0.636955),fov=66.453766,dt=0.043331},
	{cf=CFrame.new(1.672325,41.690491,3.244511,0.666482,-0.018821,0.745284,0.006778,0.999793,0.019187,-0.745491,-0.007736,0.666471),fov=67.650208,dt=0.048953},
	{cf=CFrame.new(1.491379,41.685364,3.285065,0.694093,-0.020576,0.719591,0.017212,0.999780,0.011986,-0.719679,0.004066,0.694295),fov=68.769180,dt=0.058437},
	{cf=CFrame.new(1.291954,41.675903,3.312952,0.727399,-0.023670,0.685806,0.027214,0.999614,0.005635,-0.685675,0.014565,0.727762),fov=69.889221,dt=0.048297},
	{cf=CFrame.new(1.164803,41.661041,3.324713,0.750485,-0.027284,0.660324,0.043128,0.999040,-0.007738,-0.659479,0.034286,0.750941),fov=70.960846,dt=0.048779},
	{cf=CFrame.new(1.081856,41.642181,3.326168,0.767694,-0.031671,0.640034,0.063094,0.997661,-0.026312,-0.637703,0.060582,0.767896),fov=71.924522,dt=0.047446},
	{cf=CFrame.new(0.993835,41.620911,3.325441,0.785985,-0.036857,0.617146,0.084386,0.995275,-0.048033,-0.612460,0.089832,0.785381),fov=72.859116,dt=0.043884},
	{cf=CFrame.new(0.913002,41.600586,3.320591,0.803192,-0.041290,0.594287,0.102582,0.992280,-0.069700,-0.586821,0.116945,0.801227),fov=73.766411,dt=0.051419},
