local Players = game:GetService('Players')
local RunService = game:GetService('RunService')

local player = Players.LocalPlayer
local camera = workspace.CurrentCamera

local root = player.Character:WaitForChild('HumanoidRootPart')

camera.CameraType = Enum.CameraType.Scriptable

local frames = {
	{cf=CFrame.new(0.608795,6.747951,4.149475,0.989193,-0.114993,0.090958,0.000000,0.620378,0.784303,-0.146618,-0.775827,0.613674),fov=83.084122,dt=0.028208},
	{cf=CFrame.new(1.850494,6.747837,3.761169,0.895201,-0.349535,0.276480,0.000000,0.620378,0.784303,-0.445664,-0.702108,0.555363),fov=83.084122,dt=0.032355},
	{cf=CFrame.new(1.850525,6.747694,3.763611,0.895201,-0.349535,0.276480,0.000000,0.620378,0.784303,-0.445664,-0.702108,0.555363),fov=83.084122,dt=0.033425},
	{cf=CFrame.new(1.851349,6.747622,3.761963,0.895201,-0.349535,0.276480,0.000000,0.620378,0.784303,-0.445664,-0.702108,0.555363),fov=83.084122,dt=0.025460},
	{cf=CFrame.new(6.817200,5.612965,-2.773346,-0.205299,-0.646147,0.735083,-0.002580,0.751436,0.659801,-0.978696,0.133560,-0.155936),fov=100.000000,dt=0.045987},
	{cf=CFrame.new(6.736511,4.910195,-2.627167,-0.223945,-0.557321,0.799527,-0.001378,0.820542,0.571584,-0.974601,0.126902,-0.184524),fov=100.000000,dt=0.033939},
	{cf=CFrame.new(5.819397,4.620645,-5.762833,-0.571282,-0.437664,0.694325,-0.000262,0.846057,0.533092,-0.820754,0.304364,-0.483452),fov=100.000000,dt=0.015725},
	{cf=CFrame.new(5.795959,3.858693,-5.583282,-0.587747,-0.342836,0.732815,0.004382,0.904415,0.426631,-0.809033,0.253962,-0.530065),fov=100.000000,dt=0.048623},
	{cf=CFrame.new(4.532654,3.641862,-7.357979,-0.762796,-0.251196,0.595855,0.006149,0.918605,0.395130,-0.646610,0.305067,-0.699163),fov=100.000000,dt=0.016574},
	{cf=CFrame.new(4.036133,3.198359,-7.775162,-0.815193,-0.182739,0.549607,0.010363,0.944169,0.329298,-0.579097,0.274137,-0.767786),fov=100.000000,dt=0.040150},
	{cf=CFrame.new(4.043518,3.021722,-7.733841,-0.817727,-0.164616,0.551566,0.012262,0.953034,0.302614,-0.575477,0.254218,-0.777303),fov=100.000000,dt=0.019475},
	{cf=CFrame.new(3.669922,2.801446,-8.028091,-0.849413,-0.129831,0.511508,0.014803,0.963022,0.269015,-0.527520,0.236076,-0.816082),fov=100.000000,dt=0.028904},
	{cf=CFrame.new(3.338318,2.588854,-8.258636,-0.874403,-0.099792,0.474827,0.017434,0.971527,0.236286,-0.484886,0.214887,-0.847767),fov=100.000000,dt=0.036218},
	{cf=CFrame.new(3.342957,2.517351,-8.242279,-0.875219,-0.093246,0.474655,0.018358,0.974135,0.225218,-0.483379,0.205828,-0.850870),fov=100.000000,dt=0.015441},
	{cf=CFrame.new(3.218628,2.400082,-8.315979,-0.884360,-0.079349,0.460013,0.019915,0.978137,0.207007,-0.466381,0.192230,-0.863445),fov=100.000000,dt=0.032299},
	{cf=CFrame.new(3.223022,2.335325,-8.301239,-0.885055,-0.073562,0.459637,0.020797,0.980199,0.196921,-0.465022,0.183845,-0.866000),fov=100.000000,dt=0.025109},
	{cf=CFrame.new(3.207886,2.284594,-8.303757,-0.886668,-0.068620,0.457287,0.021499,0.981741,0.189006,-0.461907,0.177417,-0.869003),fov=100.000000,dt=0.028844},
	{cf=CFrame.new(3.209900,2.254751,-8.296967,-0.886982,-0.065965,0.457069,0.021916,0.982617,0.184345,-0.461284,0.173528,-0.870118),fov=100.000000,dt=0.028105},
	{cf=CFrame.new(3.210938,2.240044,-8.293625,-0.887136,-0.064657,0.456957,0.022123,0.983041,0.182046,-0.460978,0.171609,-0.870661),fov=100.000000,dt=0.026279},
	{cf=CFrame.new(3.211365,2.233751,-8.292191,-0.887202,-0.064097,0.456908,0.022212,0.983221,0.181062,-0.460847,0.170788,-0.870892),fov=100.000000,dt=0.029397},
	{cf=CFrame.new(3.211426,2.232878,-8.291992,-0.887211,-0.064020,0.456901,0.022224,0.983246,0.180925,-0.460828,0.170673,-0.870923),fov=100.000000,dt=0.025818},
	{cf=CFrame.new(3.211426,2.232877,-8.291992,-0.887211,-0.064020,0.456901,0.022225,0.983246,0.180925,-0.460828,0.170673,-0.870923),fov=100.000000,dt=0.033867},
	{cf=CFrame.new(3.209961,2.232308,-8.289261,-0.887211,-0.064020,0.456901,0.022225,0.983246,0.180925,-0.460828,0.170673,-0.870923),fov=99.895317,dt=0.020935},
	{cf=CFrame.new(3.208191,2.231589,-8.285797,-0.887211,-0.064020,0.456901,0.022225,0.983246,0.180925,-0.460828,0.170673,-0.870923),fov=99.762886,dt=0.026488},
	{cf=CFrame.new(3.206360,2.230878,-8.282379,-0.887211,-0.064020,0.456901,0.022225,0.983246,0.180925,-0.460828,0.170673,-0.870923),fov=99.631821,dt=0.026214},
	{cf=CFrame.new(3.204529,2.230136,-8.278809,-0.887211,-0.064020,0.456901,0.022225,0.983246,0.180925,-0.460828,0.170673,-0.870923),fov=99.495171,dt=0.027329},
	{cf=CFrame.new(3.202698,2.229425,-8.275391,-0.887211,-0.064020,0.456901,0.022225,0.983246,0.180925,-0.460828,0.170673,-0.870923),fov=99.364281,dt=0.026177},
	{cf=CFrame.new(3.200623,2.228599,-8.271408,-0.887211,-0.064020,0.456901,0.022225,0.983246,0.180925,-0.460828,0.170673,-0.870923),fov=99.212013,dt=0.030454},
	{cf=CFrame.new(3.199036,2.227967,-8.268372,-0.887211,-0.064020,0.456901,0.022225,0.983246,0.180925,-0.460828,0.170673,-0.870923),fov=99.095589,dt=0.023285},
	{cf=CFrame.new(3.196838,2.227113,-8.264252,-0.887211,-0.064020,0.456901,0.022225,0.983246,0.180925,-0.460828,0.170673,-0.870923),fov=98.938324,dt=0.031454},
	{cf=CFrame.new(3.195068,2.226399,-8.260818,-0.887211,-0.064020,0.456901,0.022225,0.983246,0.180925,-0.460828,0.170673,-0.870923),fov=98.806892,dt=0.026286},
	{cf=CFrame.new(3.193298,2.225706,-8.257492,-0.887211,-0.064020,0.456901,0.022225,0.983246,0.180925,-0.460828,0.170673,-0.870923),fov=98.679184,dt=0.025543},
	{cf=CFrame.new(3.191345,2.224940,-8.253799,-0.887211,-0.064020,0.456901,0.022225,0.983246,0.180925,-0.460828,0.170673,-0.870923),fov=98.538116,dt=0.028212},
	{cf=CFrame.new(3.189514,2.224210,-8.250290,-0.887211,-0.064020,0.456901,0.022225,0.983246,0.180925,-0.460828,0.170673,-0.870923),fov=98.403671,dt=0.026888},
	{cf=CFrame.new(3.187561,2.223427,-8.246521,-0.887211,-0.064020,0.456901,0.022225,0.983246,0.180925,-0.460828,0.170673,-0.870923),fov=98.259453,dt=0.028842},
	{cf=CFrame.new(3.185791,2.222739,-8.243210,-0.887211,-0.064020,0.456901,0.022225,0.983246,0.180925,-0.460828,0.170673,-0.870923),fov=98.132744,dt=0.025344},
	{cf=CFrame.new(3.183167,2.221688,-8.238159,-0.887211,-0.064020,0.456901,0.022225,0.983246,0.180925,-0.460828,0.170673,-0.870923),fov=97.939163,dt=0.038716},
	{cf=CFrame.new(3.181946,2.221219,-8.235901,-0.887211,-0.064020,0.456901,0.022225,0.983246,0.180925,-0.460828,0.170673,-0.870923),fov=97.852669,dt=0.017299},
	{cf=CFrame.new(3.180115,2.220479,-8.232330,-0.887211,-0.064020,0.456901,0.022225,0.983246,0.180925,-0.460828,0.170673,-0.870923),fov=97.716370,dt=0.027260},
	{cf=CFrame.new(3.178345,2.219792,-8.229034,-0.887211,-0.064020,0.456901,0.022225,0.983246,0.180925,-0.460828,0.170673,-0.870923),fov=97.589905,dt=0.025293},
	{cf=CFrame.new(3.176453,2.219043,-8.225433,-0.887211,-0.064020,0.456901,0.022225,0.983246,0.180925,-0.460828,0.170673,-0.870923),fov=97.451881,dt=0.027605},
	{cf=CFrame.new(3.174561,2.218295,-8.221832,-0.887211,-0.064020,0.456901,0.022225,0.983246,0.180925,-0.460828,0.170673,-0.870923),fov=97.314072,dt=0.027561},
	{cf=CFrame.new(3.172791,2.217592,-8.218445,-0.887211,-0.064020,0.456901,0.022225,0.983246,0.180925,-0.460828,0.170673,-0.870923),fov=97.184639,dt=0.025887},
	{cf=CFrame.new(3.170837,2.216826,-8.214767,-0.887211,-0.064020,0.456901,0.022225,0.983246,0.180925,-0.460828,0.170673,-0.870923),fov=97.043556,dt=0.028218},
	{cf=CFrame.new(3.169067,2.216111,-8.211319,-0.887211,-0.064020,0.456901,0.022225,0.983246,0.180925,-0.460828,0.170673,-0.870923),fov=96.911896,dt=0.026331},
	{cf=CFrame.new(3.166626,2.215148,-8.206680,-0.887211,-0.064020,0.456901,0.022225,0.983246,0.180925,-0.460828,0.170673,-0.870923),fov=96.734489,dt=0.035482},
	{cf=CFrame.new(3.165527,2.214722,-8.204636,-0.887211,-0.064020,0.456901,0.022225,0.983246,0.180925,-0.460828,0.170673,-0.870923),fov=96.656044,dt=0.015690},
	{cf=CFrame.new(3.163513,2.213912,-8.200745,-0.887211,-0.064020,0.456901,0.022225,0.983246,0.180925,-0.460828,0.170673,-0.870923),fov=96.506790,dt=0.029851},
	{cf=CFrame.new(3.161743,2.213215,-8.197388,-0.887211,-0.064020,0.456901,0.022225,0.983246,0.180925,-0.460828,0.170673,-0.870923),fov=96.378410,dt=0.025676},
	{cf=CFrame.new(3.160095,2.212568,-8.194275,-0.887211,-0.064020,0.456901,0.022225,0.983246,0.180925,-0.460829,0.170673,-0.870924),fov=96.259277,dt=0.023827},
	{cf=CFrame.new(3.158020,2.211753,-8.190353,-0.887211,-0.064020,0.456901,0.022225,0.983246,0.180925,-0.460828,0.170673,-0.870923),fov=96.109245,dt=0.030008},
	{cf=CFrame.new(3.156128,2.211006,-8.186752,-0.887211,-0.064020,0.456901,0.022225,0.983246,0.180925,-0.460829,0.170673,-0.870924),fov=95.971527,dt=0.027542},
	{cf=CFrame.new(3.154358,2.210307,-8.183395,-0.887211,-0.064020,0.456901,0.022225,0.983246,0.180925,-0.460829,0.170673,-0.870924),fov=95.842865,dt=0.025732},
	{cf=CFrame.new(3.152527,2.209579,-8.179886,-0.887211,-0.064020,0.456901,0.022225,0.983246,0.180925,-0.460828,0.170673,-0.870923),fov=95.708618,dt=0.026851},
	{cf=CFrame.new(3.150879,2.208924,-8.176743,-0.887211,-0.064020,0.456901,0.022225,0.983246,0.180925,-0.460828,0.170673,-0.870923),fov=95.587990,dt=0.024125},
	{cf=CFrame.new(3.149109,2.208211,-8.173309,-0.887211,-0.064020,0.456901,0.022225,0.983246,0.180925,-0.460828,0.170673,-0.870923),fov=95.456688,dt=0.026258},
	{cf=CFrame.new(3.147156,2.207455,-8.169678,-0.887211,-0.064020,0.456901,0.022225,0.983246,0.180925,-0.460829,0.170673,-0.870924),fov=95.317482,dt=0.027842},
	{cf=CFrame.new(3.145630,2.206850,-8.166763,-0.887211,-0.064020,0.456901,0.022225,0.983246,0.180925,-0.460828,0.170673,-0.870923),fov=95.206017,dt=0.022293},
	{cf=CFrame.new(3.144165,2.206272,-8.163986,-0.887211,-0.064020,0.456901,0.022225,0.983246,0.180925,-0.460828,0.170673,-0.870923),fov=95.099609,dt=0.021282},
	{cf=CFrame.new(3.142517,2.205610,-8.160797,-0.887211,-0.064020,0.456901,0.022225,0.983246,0.180925,-0.460829,0.170673,-0.870924),fov=94.977669,dt=0.024387},
	{cf=CFrame.new(3.140625,2.204872,-8.157242,-0.887211,-0.064020,0.456901,0.022225,0.983246,0.180925,-0.460828,0.170673,-0.870923),fov=94.841614,dt=0.027212},
	{cf=CFrame.new(3.138550,2.204044,-8.153259,-0.887211,-0.064020,0.456901,0.022225,0.983246,0.180925,-0.460828,0.170673,-0.870923),fov=94.689156,dt=0.030492},
	{cf=CFrame.new(3.137085,2.203451,-8.150406,-0.887211,-0.064020,0.456901,0.022225,0.983246,0.180925,-0.460828,0.170673,-0.870923),fov=94.579895,dt=0.021854},
	{cf=CFrame.new(3.135620,2.202889,-8.147705,-0.887211,-0.064020,0.456901,0.022225,0.983246,0.180925,-0.460828,0.170673,-0.870923),fov=94.476486,dt=0.020679},
	{cf=CFrame.new(3.133850,2.202172,-8.144257,-0.887211,-0.064020,0.456901,0.022225,0.983246,0.180925,-0.460828,0.170673,-0.870923),fov=94.344406,dt=0.026416},
	{cf=CFrame.new(3.132263,2.201549,-8.141251,-0.887211,-0.064020,0.456901,0.022225,0.983246,0.180925,-0.460829,0.170673,-0.870924),fov=94.229668,dt=0.022948},
	{cf=CFrame.new(3.130493,2.200861,-8.137939,-0.887211,-0.064020,0.456901,0.022225,0.983246,0.180925,-0.460828,0.170673,-0.870923),fov=94.102814,dt=0.025371},
	{cf=CFrame.new(3.128967,2.200245,-8.134979,-0.887211,-0.064020,0.456901,0.022225,0.983246,0.180925,-0.460829,0.170673,-0.870924),fov=93.989532,dt=0.022655},
	{cf=CFrame.new(3.127319,2.199602,-8.131882,-0.887211,-0.064020,0.456901,0.022225,0.983246,0.180925,-0.460829,0.170673,-0.870924),fov=93.871056,dt=0.023696},
	{cf=CFrame.new(3.125488,2.198865,-8.128342,-0.887211,-0.064020,0.456901,0.022225,0.983246,0.180925,-0.460828,0.170673,-0.870923),fov=93.735207,dt=0.027171},
	{cf=CFrame.new(3.124146,2.198336,-8.125793,-0.887211,-0.064020,0.456901,0.022225,0.983246,0.180925,-0.460828,0.170673,-0.870923),fov=93.637802,dt=0.019481},
	{cf=CFrame.new(3.122253,2.197602,-8.122269,-0.887211,-0.064020,0.456901,0.022225,0.983246,0.180925,-0.460829,0.170673,-0.870924),fov=93.502678,dt=0.027023},
	{cf=CFrame.new(3.120728,2.196984,-8.119293,-0.887211,-0.064020,0.456901,0.022225,0.983246,0.180925,-0.460828,0.170673,-0.870923),fov=93.388840,dt=0.022770},
	{cf=CFrame.new(3.119080,2.196332,-8.116150,-0.887211,-0.064020,0.456901,0.022225,0.983246,0.180925,-0.460829,0.170673,-0.870924),fov=93.268776,dt=0.024013},
	{cf=CFrame.new(3.117493,2.195710,-8.113159,-0.887211,-0.064020,0.456901,0.022225,0.983246,0.180925,-0.460828,0.170673,-0.870923),fov=93.154121,dt=0.022930},
	{cf=CFrame.new(3.115967,2.195095,-8.110199,-0.887211,-0.064020,0.456901,0.022225,0.983246,0.180925,-0.460828,0.170673,-0.870923),fov=93.040817,dt=0.022660},
	{cf=CFrame.new(3.114441,2.194491,-8.107285,-0.887211,-0.064020,0.456901,0.022225,0.983246,0.180925,-0.460828,0.170673,-0.870923),fov=92.929543,dt=0.022257},
	{cf=CFrame.new(3.112427,2.193715,-8.103561,-0.887211,-0.064020,0.456901,0.022225,0.983246,0.180925,-0.460829,0.170673,-0.870924),fov=92.786591,dt=0.028590},
	{cf=CFrame.new(3.110962,2.193134,-8.100769,-0.887211,-0.064020,0.456901,0.022225,0.983246,0.180925,-0.460828,0.170673,-0.870923),fov=92.679718,dt=0.021374},
	{cf=CFrame.new(3.109009,2.192352,-8.097000,-0.887211,-0.064020,0.456901,0.022225,0.983246,0.180925,-0.460828,0.170673,-0.870923),fov=92.535637,dt=0.028816},
	{cf=CFrame.new(3.107788,2.191872,-8.094696,-0.887211,-0.064020,0.456901,0.022225,0.983246,0.180925,-0.460828,0.170673,-0.870923),fov=92.447182,dt=0.017691},
	{cf=CFrame.new(3.106140,2.191222,-8.091568,-0.887211,-0.064020,0.456901,0.022225,0.983246,0.180925,-0.460828,0.170673,-0.870923),fov=92.327454,dt=0.023944},
	{cf=CFrame.new(3.104797,2.190686,-8.088989,-0.887211,-0.064020,0.456901,0.022225,0.983246,0.180925,-0.460828,0.170673,-0.870923),fov=92.228691,dt=0.019753},
	{cf=CFrame.new(3.103271,2.190091,-8.086121,-0.887211,-0.064020,0.456901,0.022225,0.983246,0.180925,-0.460829,0.170673,-0.870924),fov=92.119141,dt=0.021911},
	{cf=CFrame.new(3.101624,2.189440,-8.082993,-0.887211,-0.064020,0.456901,0.022225,0.983246,0.180925,-0.460828,0.170673,-0.870923),fov=91.999229,dt=0.023982},
	{cf=CFrame.new(3.100281,2.188888,-8.080338,-0.887211,-0.064020,0.456901,0.022225,0.983246,0.180925,-0.460828,0.170673,-0.870923),fov=91.897560,dt=0.020334},
	{cf=CFrame.new(3.098328,2.188130,-8.076691,-0.887211,-0.064020,0.456901,0.022225,0.983246,0.180925,-0.460828,0.170673,-0.870923),fov=91.757942,dt=0.027924},
	{cf=CFrame.new(3.097351,2.187733,-8.074768,-0.887211,-0.064020,0.456901,0.022225,0.983246,0.180925,-0.460829,0.170673,-0.870924),fov=91.684837,dt=0.014623},
	{cf=CFrame.new(3.094910,2.186762,-8.070099,-0.887211,-0.064020,0.456901,0.022225,0.983246,0.180925,-0.460829,0.170673,-0.870924),fov=91.505981,dt=0.035769},
	{cf=CFrame.new(3.093445,2.186191,-8.067352,-0.887211,-0.064020,0.456901,0.022225,0.983246,0.180925,-0.460829,0.170673,-0.870924),fov=91.400818,dt=0.021033},
	{cf=CFrame.new(3.091980,2.185621,-8.064606,-0.887211,-0.064020,0.456901,0.022225,0.983246,0.180925,-0.460829,0.170673,-0.870924),fov=91.295753,dt=0.021012},
	{cf=CFrame.new(3.090637,2.185077,-8.061996,-0.887211,-0.064020,0.456901,0.022225,0.983246,0.180925,-0.460828,0.170673,-0.870923),fov=91.195511,dt=0.020051},
	{cf=CFrame.new(3.088867,2.184392,-8.058701,-0.887211,-0.064020,0.456901,0.022225,0.983246,0.180925,-0.460828,0.170673,-0.870923),fov=91.069427,dt=0.025217},
	{cf=CFrame.new(3.087219,2.183728,-8.055496,-0.887211,-0.064020,0.456901,0.022225,0.983246,0.180925,-0.460829,0.170673,-0.870924),fov=90.947113,dt=0.024463},
	{cf=CFrame.new(3.085632,2.183114,-8.052551,-0.887211,-0.064020,0.456901,0.022225,0.983246,0.180925,-0.460828,0.170673,-0.870923),fov=90.834023,dt=0.022617},
	{cf=CFrame.new(3.084045,2.182478,-8.049484,-0.887211,-0.064020,0.456901,0.022225,0.983246,0.180925,-0.460828,0.170673,-0.870923),fov=90.716942,dt=0.023415},
	{cf=CFrame.new(3.082642,2.181921,-8.046814,-0.887211,-0.064020,0.456901,0.022225,0.983246,0.180925,-0.460829,0.170673,-0.870924),fov=90.614410,dt=0.020506},
	{cf=CFrame.new(3.081055,2.181295,-8.043793,-0.887211,-0.064020,0.456901,0.022225,0.983246,0.180925,-0.460829,0.170673,-0.870924),fov=90.499046,dt=0.023073},
	{cf=CFrame.new(3.079407,2.180635,-8.040619,-0.887211,-0.064020,0.456901,0.022225,0.983246,0.180925,-0.460828,0.170673,-0.870923),fov=90.377480,dt=0.024315},
	{cf=CFrame.new(3.077942,2.180065,-8.037872,-0.887211,-0.064020,0.456901,0.022225,0.983246,0.180925,-0.460829,0.170673,-0.870924),fov=90.272453,dt=0.021005},
	{cf=CFrame.new(3.076233,2.179394,-8.034653,-0.887211,-0.064020,0.456901,0.022225,0.983246,0.180925,-0.460829,0.170673,-0.870924),fov=90.148804,dt=0.024730},
	{cf=CFrame.new(3.074890,2.178853,-8.032043,-0.887211,-0.064020,0.456901,0.022225,0.983246,0.180925,-0.460829,0.170673,-0.870924),fov=90.049126,dt=0.019936},
	{cf=CFrame.new(3.073364,2.178239,-8.029099,-0.887211,-0.064020,0.456901,0.022225,0.983246,0.180925,-0.460828,0.170673,-0.870923),fov=89.936172,dt=0.022591},
	{cf=CFrame.new(3.071838,2.177649,-8.026260,-0.887211,-0.064020,0.456901,0.022225,0.983246,0.180925,-0.460828,0.170673,-0.870923),fov=89.827446,dt=0.021744},
	{cf=CFrame.new(3.069519,2.176729,-8.021820,-0.887211,-0.064020,0.456901,0.022225,0.983246,0.180925,-0.460828,0.170673,-0.870923),fov=89.657921,dt=0.033905},
	{cf=CFrame.new(3.068542,2.176336,-8.019928,-0.887211,-0.064020,0.456901,0.022225,0.983246,0.180925,-0.460828,0.170673,-0.870923),fov=89.585518,dt=0.014479},
	{cf=CFrame.new(3.066956,2.175708,-8.016907,-0.887211,-0.064020,0.456901,0.022225,0.983246,0.180925,-0.460829,0.170673,-0.870924),fov=89.469917,dt=0.023123},
	{cf=CFrame.new(3.065491,2.175122,-8.014099,-0.887211,-0.064020,0.456901,0.022225,0.983246,0.180925,-0.460828,0.170673,-0.870923),fov=89.361885,dt=0.021605},
	{cf=CFrame.new(3.063354,2.174288,-8.010086,-0.887211,-0.064020,0.456901,0.022225,0.983246,0.180925,-0.460829,0.170673,-0.870924),fov=89.208282,dt=0.030720},
	{cf=CFrame.new(3.062317,2.173882,-8.008118,-0.887211,-0.064020,0.456901,0.022225,0.983246,0.180925,-0.460829,0.170673,-0.870924),fov=89.133423,dt=0.014973},
	{cf=CFrame.new(3.060791,2.173262,-8.005142,-0.887211,-0.064020,0.456901,0.022225,0.983246,0.180925,-0.460828,0.170673,-0.870923),fov=89.019341,dt=0.022817},
	{cf=CFrame.new(3.058838,2.172501,-8.001480,-0.887211,-0.064020,0.456901,0.022225,0.983246,0.180925,-0.460829,0.170673,-0.870924),fov=88.879181,dt=0.028031},
	{cf=CFrame.new(3.056763,2.171684,-7.997543,-0.887211,-0.064020,0.456901,0.022225,0.983246,0.180925,-0.460828,0.170673,-0.870923),fov=88.728622,dt=0.030113},
	{cf=CFrame.new(3.055664,2.171237,-7.995392,-0.887211,-0.064020,0.456901,0.022225,0.983246,0.180925,-0.460828,0.170673,-0.870923),fov=88.646286,dt=0.016467},
	{cf=CFrame.new(3.053528,2.170397,-7.991364,-0.887211,-0.064020,0.456901,0.022225,0.983246,0.180925,-0.460828,0.170673,-0.870923),fov=88.491653,dt=0.030927},
	{cf=CFrame.new(3.052368,2.169941,-7.989166,-0.887211,-0.064020,0.456901,0.022225,0.983246,0.180925,-0.460828,0.170673,-0.870923),fov=88.407623,dt=0.016806},
	{cf=CFrame.new(3.050476,2.169184,-7.985519,-0.887211,-0.064020,0.456901,0.022225,0.983246,0.180925,-0.460829,0.170673,-0.870924),fov=88.268280,dt=0.027868},
	{cf=CFrame.new(3.047913,2.168175,-7.980667,-0.887211,-0.064020,0.456901,0.022225,0.983246,0.180925,-0.460828,0.170673,-0.870923),fov=88.082367,dt=0.037182},
	{cf=CFrame.new(3.046692,2.167691,-7.978333,-0.887211,-0.064020,0.456901,0.022225,0.983246,0.180925,-0.460829,0.170673,-0.870924),fov=87.993172,dt=0.017838},
	{cf=CFrame.new(3.045105,2.167076,-7.975388,-0.887211,-0.064020,0.456901,0.022225,0.983246,0.180925,-0.460828,0.170673,-0.870923),fov=87.879974,dt=0.022640},
	{cf=CFrame.new(3.043579,2.166452,-7.972382,-0.887211,-0.064020,0.456901,0.022225,0.983246,0.180925,-0.460829,0.170673,-0.870924),fov=87.765053,dt=0.022986},
	{cf=CFrame.new(3.041992,2.165826,-7.969360,-0.887211,-0.064020,0.456901,0.022225,0.983246,0.180925,-0.460828,0.170673,-0.870923),fov=87.649651,dt=0.023080},
	{cf=CFrame.new(3.040466,2.165223,-7.966461,-0.887211,-0.064020,0.456901,0.022225,0.983246,0.180925,-0.460828,0.170673,-0.870923),fov=87.538597,dt=0.022210},
	{cf=CFrame.new(3.038940,2.164628,-7.963593,-0.887211,-0.064020,0.456901,0.022225,0.983246,0.180925,-0.460828,0.170673,-0.870923),fov=87.428955,dt=0.021930},
	{cf=CFrame.new(3.037537,2.164082,-7.960968,-0.887211,-0.064020,0.456901,0.022225,0.983246,0.180925,-0.460828,0.170673,-0.870923),fov=87.328354,dt=0.020120},
	{cf=CFrame.new(3.036255,2.163564,-7.958481,-0.887211,-0.064020,0.456901,0.022225,0.983246,0.180925,-0.460828,0.170673,-0.870923),fov=87.233002,dt=0.019070},
	{cf=CFrame.new(3.034790,2.162975,-7.955643,-0.887211,-0.064020,0.456901,0.022225,0.983246,0.180925,-0.460828,0.170673,-0.870923),fov=87.124580,dt=0.021682},
	{cf=CFrame.new(3.033081,2.162307,-7.952438,-0.887211,-0.064020,0.456901,0.022225,0.983246,0.180925,-0.460828,0.170673,-0.870923),fov=87.001572,dt=0.024602},
	{cf=CFrame.new(3.031677,2.161754,-7.949768,-0.887211,-0.064020,0.456901,0.022225,0.983246,0.180925,-0.460828,0.170673,-0.870923),fov=86.899567,dt=0.020402},
	{cf=CFrame.new(3.030151,2.161150,-7.946869,-0.887211,-0.064020,0.456901,0.022225,0.983246,0.180925,-0.460828,0.170673,-0.870923),fov=86.788399,dt=0.022233},
	{cf=CFrame.new(3.028809,2.160620,-7.944321,-0.887211,-0.064020,0.456901,0.022225,0.983246,0.180925,-0.460828,0.170673,-0.870923),fov=86.690865,dt=0.019509},
	{cf=CFrame.new(3.027466,2.160079,-7.941711,-0.887211,-0.064020,0.456901,0.022225,0.983246,0.180925,-0.460828,0.170673,-0.870923),fov=86.591125,dt=0.019946},
	{cf=CFrame.new(3.025391,2.159262,-7.937775,-0.887211,-0.064020,0.456901,0.022225,0.983246,0.180925,-0.460828,0.170673,-0.870923),fov=86.440628,dt=0.030099},
	{cf=CFrame.new(3.024353,2.158850,-7.935791,-0.887211,-0.064020,0.456901,0.022225,0.983246,0.180925,-0.460828,0.170673,-0.870923),fov=86.364738,dt=0.015179},
	{cf=CFrame.new(3.022949,2.158305,-7.933167,-0.887211,-0.064020,0.456901,0.022225,0.983246,0.180925,-0.460828,0.170673,-0.870923),fov=86.264297,dt=0.020088},
	{cf=CFrame.new(3.021423,2.157703,-7.930283,-0.887211,-0.064020,0.456901,0.022225,0.983246,0.180925,-0.460828,0.170673,-0.870923),fov=86.153503,dt=0.022160},
	{cf=CFrame.new(3.020142,2.157180,-7.927765,-0.887211,-0.064020,0.456901,0.022225,0.983246,0.180925,-0.460828,0.170673,-0.870923),fov=86.057098,dt=0.019278},
	{cf=CFrame.new(3.018677,2.156611,-7.925018,-0.887211,-0.064020,0.456901,0.022225,0.983246,0.180925,-0.460828,0.170673,-0.870923),fov=85.952377,dt=0.020945},
	{cf=CFrame.new(3.017395,2.156106,-7.922592,-0.887211,-0.064020,0.456901,0.022225,0.983246,0.180925,-0.460828,0.170673,-0.870923),fov=85.859329,dt=0.018610},
	{cf=CFrame.new(3.015869,2.155503,-7.919693,-0.887211,-0.064020,0.456901,0.022225,0.983246,0.180925,-0.460828,0.170673,-0.870923),fov=85.748276,dt=0.022208},
	{cf=CFrame.new(3.014465,2.154936,-7.916962,-0.887211,-0.064020,0.456901,0.022225,0.983246,0.180925,-0.460828,0.170673,-0.870923),fov=85.643875,dt=0.020884},
	{cf=CFrame.new(3.013000,2.154363,-7.914200,-0.887211,-0.064020,0.456901,0.022225,0.983246,0.180925,-0.460828,0.170673,-0.870923),fov=85.538254,dt=0.021123},
	{cf=CFrame.new(3.011780,2.153883,-7.911896,-0.887211,-0.064020,0.456901,0.022225,0.983246,0.180925,-0.460828,0.170673,-0.870923),fov=85.449799,dt=0.017692},
	{cf=CFrame.new(3.010437,2.153360,-7.909378,-0.887211,-0.064020,0.456901,0.022225,0.983246,0.180925,-0.460828,0.170673,-0.870923),fov=85.353477,dt=0.019262},
	{cf=CFrame.new(3.008484,2.152575,-7.905609,-0.887211,-0.064020,0.456901,0.022225,0.983246,0.180925,-0.460828,0.170673,-0.870923),fov=85.208839,dt=0.028929},
	{cf=CFrame.new(3.007507,2.152193,-7.903763,-0.887211,-0.064020,0.456901,0.022225,0.983246,0.180925,-0.460828,0.170673,-0.870923),fov=85.138573,dt=0.014052},
	{cf=CFrame.new(3.006165,2.151650,-7.901154,-0.887211,-0.064020,0.456901,0.022225,0.983246,0.180925,-0.460828,0.170673,-0.870923),fov=85.038673,dt=0.019980},
	{cf=CFrame.new(3.005005,2.151199,-7.898987,-0.887211,-0.064020,0.456901,0.022225,0.983246,0.180925,-0.460828,0.170673,-0.870923),fov=84.955589,dt=0.016617},
	{cf=CFrame.new(3.003601,2.150633,-7.896255,-0.887211,-0.064020,0.456901,0.022225,0.983246,0.180925,-0.460828,0.170673,-0.870923),fov=84.851303,dt=0.020859},
	{cf=CFrame.new(3.002197,2.150090,-7.893646,-0.887211,-0.064020,0.456901,0.022225,0.983246,0.180925,-0.460828,0.170673,-0.870923),fov=84.751251,dt=0.020012},
	{cf=CFrame.new(3.000854,2.149563,-7.891113,-0.887211,-0.064020,0.456901,0.022225,0.983246,0.180925,-0.460828,0.170673,-0.870923),fov=84.654114,dt=0.019426},
	{cf=CFrame.new(2.999146,2.148870,-7.887772,-0.887211,-0.064020,0.456901,0.022225,0.983246,0.180925,-0.460828,0.170673,-0.870923),fov=84.526443,dt=0.025534},
	{cf=CFrame.new(2.997681,2.148290,-7.884979,-0.887211,-0.064020,0.456901,0.022225,0.983246,0.180925,-0.460828,0.170673,-0.870923),fov=84.419662,dt=0.021357},
	{cf=CFrame.new(2.996033,2.147657,-7.881943,-0.887211,-0.064020,0.456901,0.022225,0.983246,0.180925,-0.460828,0.170673,-0.870923),fov=84.303123,dt=0.023307},
	{cf=CFrame.new(2.994446,2.147017,-7.878860,-0.887211,-0.064020,0.456901,0.022225,0.983246,0.180925,-0.460828,0.170673,-0.870923),fov=84.185188,dt=0.023586},
	{cf=CFrame.new(2.992920,2.146413,-7.875961,-0.887211,-0.064020,0.456901,0.022225,0.983246,0.180925,-0.460828,0.170673,-0.870923),fov=84.073982,dt=0.022241},
	{cf=CFrame.new(2.991455,2.145846,-7.873230,-0.887211,-0.064020,0.456901,0.022225,0.983246,0.180925,-0.460828,0.170673,-0.870923),fov=83.969482,dt=0.020899},
	{cf=CFrame.new(2.989807,2.145195,-7.870102,-0.887211,-0.064020,0.456901,0.022225,0.983246,0.180925,-0.460828,0.170673,-0.870923),fov=83.849594,dt=0.023978},
	{cf=CFrame.new(2.988342,2.144605,-7.867264,-0.887211,-0.064020,0.456901,0.022225,0.983246,0.180925,-0.460828,0.170673,-0.870923),fov=83.740967,dt=0.021726},
	{cf=CFrame.new(2.986633,2.143938,-7.864044,-0.887211,-0.064020,0.456901,0.022225,0.983246,0.180925,-0.460828,0.170673,-0.870923),fov=83.618103,dt=0.024574},
	{cf=CFrame.new(2.985107,2.143335,-7.861145,-0.887211,-0.064020,0.456901,0.022225,0.983246,0.180925,-0.460828,0.170673,-0.870923),fov=83.507004,dt=0.022219},
	{cf=CFrame.new(2.983521,2.142705,-7.858109,-0.887211,-0.064020,0.456901,0.022225,0.983246,0.180925,-0.460828,0.170673,-0.870923),fov=83.390961,dt=0.023208},
	{cf=CFrame.new(2.981934,2.142070,-7.855057,-0.887211,-0.064020,0.456901,0.022225,0.983246,0.180925,-0.460828,0.170673,-0.870923),fov=83.274055,dt=0.023382},
	{cf=CFrame.new(2.979858,2.141253,-7.851120,-0.887211,-0.064020,0.456901,0.022225,0.983246,0.180925,-0.460828,0.170673,-0.870923),fov=83.123505,dt=0.030110},
	{cf=CFrame.new(2.978943,2.140895,-7.849411,-0.887211,-0.064020,0.456901,0.022225,0.983246,0.180925,-0.460828,0.170673,-0.870923),fov=83.057587,dt=0.013184},
	{cf=CFrame.new(2.977234,2.140223,-7.846161,-0.887211,-0.064020,0.456901,0.022225,0.983246,0.180925,-0.460828,0.170673,-0.870923),fov=82.933670,dt=0.024783},
	{cf=CFrame.new(2.975708,2.139613,-7.843231,-0.887211,-0.064020,0.456901,0.022225,0.983246,0.180925,-0.460828,0.170673,-0.870923),fov=82.821487,dt=0.022436},
	{cf=CFrame.new(2.974060,2.138960,-7.840088,-0.887211,-0.064020,0.456901,0.022225,0.983246,0.180925,-0.460828,0.170673,-0.870923),fov=82.701141,dt=0.024069},
	{cf=CFrame.new(2.972534,2.138339,-7.837112,-0.887211,-0.064020,0.456901,0.022225,0.983246,0.180925,-0.460828,0.170673,-0.870923),fov=82.586800,dt=0.022869},
	{cf=CFrame.new(2.970886,2.137700,-7.834030,-0.887211,-0.064020,0.456901,0.022225,0.983246,0.180925,-0.460828,0.170673,-0.870923),fov=82.469002,dt=0.023559},
	{cf=CFrame.new(2.969421,2.137120,-7.831238,-0.887211,-0.064020,0.456901,0.022225,0.983246,0.180925,-0.460829,0.170673,-0.870924),fov=82.362320,dt=0.021337},
	{cf=CFrame.new(2.967773,2.136479,-7.828156,-0.887211,-0.064020,0.456901,0.022225,0.983246,0.180925,-0.460828,0.170673,-0.870923),fov=82.244133,dt=0.023637},
	{cf=CFrame.new(2.966248,2.135859,-7.825165,-0.887211,-0.064020,0.456901,0.022225,0.983246,0.180925,-0.460829,0.170673,-0.870924),fov=82.129890,dt=0.022847},
	{cf=CFrame.new(2.964539,2.135182,-7.821915,-0.887211,-0.064020,0.456901,0.022225,0.983246,0.180925,-0.460829,0.170673,-0.870924),fov=82.005249,dt=0.024930},
	{cf=CFrame.new(2.962830,2.134505,-7.818665,-0.887211,-0.064020,0.456901,0.022225,0.983246,0.180925,-0.460828,0.170673,-0.870923),fov=81.880623,dt=0.024926},
	{cf=CFrame.new(2.960571,2.133626,-7.814423,-0.887211,-0.064020,0.456901,0.022225,0.983246,0.180925,-0.460829,0.170673,-0.870924),fov=81.718704,dt=0.032383},
	{cf=CFrame.new(2.959412,2.133147,-7.812119,-0.887211,-0.064020,0.456901,0.022225,0.983246,0.180925,-0.460829,0.170673,-0.870924),fov=81.630463,dt=0.017649},
	{cf=CFrame.new(2.958374,2.132758,-7.810257,-0.887211,-0.064020,0.456901,0.022225,0.983246,0.180925,-0.460829,0.170673,-0.870924),fov=81.558830,dt=0.014325},
	{cf=CFrame.new(2.956726,2.132103,-7.807098,-0.887211,-0.064020,0.456901,0.022225,0.983246,0.180925,-0.460829,0.170673,-0.870924),fov=81.438148,dt=0.024137},
	{cf=CFrame.new(2.955200,2.131495,-7.804169,-0.887211,-0.064020,0.456901,0.022225,0.983246,0.180925,-0.460828,0.170673,-0.870923),fov=81.326057,dt=0.022416},
	{cf=CFrame.new(2.953369,2.130780,-7.800735,-0.887211,-0.064020,0.456901,0.022225,0.983246,0.180925,-0.460828,0.170673,-0.870923),fov=81.194397,dt=0.026333},
}

local accumulated = 0
local index = 1
local smoothRootCF = root.CFrame

RunService:BindToRenderStep('FollowCinematic', Enum.RenderPriority.Camera.Value + 1, function(dt)

	accumulated += dt

	smoothRootCF = root.CFrame

	while frames[index] and accumulated >= frames[index].dt do

		accumulated -= frames[index].dt

		local f = frames[index]

		camera.CFrame = smoothRootCF * f.cf
		camera.FieldOfView = f.fov

		index += 1

	end

	if not frames[index] then
		RunService:UnbindFromRenderStep('FollowCinematic')
		camera.CameraType = Enum.CameraType.Custom
	end

end)
