-- Uh Oh
local Players = game:GetService('Players')
local RunService = game:GetService('RunService')

local player = Players.LocalPlayer
local camera = workspace.CurrentCamera

local root = player.Character:WaitForChild('HumanoidRootPart')

camera.CameraType = Enum.CameraType.Scriptable

local frames = {
	{cf=CFrame.new(3.352966,72.266724,83.026688,1.000000,-0.000000,0.000000,0.000000,0.753660,0.657265,-0.000000,-0.657265,0.753660),fov=70.000000,dt=0.043172},
	{cf=CFrame.new(3.910431,71.837128,83.940437,1.000000,-0.000000,0.000000,0.000000,0.753660,0.657265,-0.000000,-0.657265,0.753660),fov=70.000000,dt=0.050264},
	{cf=CFrame.new(3.895653,72.914276,83.144119,1.000000,-0.000000,0.000000,0.000000,0.753659,0.657265,-0.000000,-0.657265,0.753659),fov=70.000000,dt=0.038178},
	{cf=CFrame.new(3.125092,56.300964,65.407761,0.999882,-0.008176,0.013031,-0.001613,0.786699,0.617334,-0.015299,-0.617282,0.786593),fov=70.000000,dt=0.042677},
	{cf=CFrame.new(2.630424,43.692535,51.360306,0.999401,-0.017451,0.029891,-0.003155,0.814068,0.580761,-0.034468,-0.580507,0.813525),fov=70.000000,dt=0.045880},
	{cf=CFrame.new(2.314919,34.137238,40.594017,0.998533,-0.026154,0.047407,-0.004156,0.835989,0.548731,-0.053983,-0.548123,0.834654),fov=70.000000,dt=0.037650},
	{cf=CFrame.new(2.133804,26.871796,32.050278,0.997267,-0.034364,0.065408,-0.004697,0.853981,0.520282,-0.073737,-0.519167,0.851486),fov=70.000000,dt=0.029383},
	{cf=CFrame.new(2.053444,21.323761,25.536148,0.995594,-0.042137,0.083770,-0.004833,0.869101,0.494611,-0.093646,-0.492836,0.865068),fov=70.000000,dt=0.038250},
	{cf=CFrame.new(2.048660,17.063751,20.375923,0.993510,-0.049509,0.102404,-0.004598,0.882086,0.471066,-0.113651,-0.468479,0.876134),fov=70.000000,dt=0.030131},
	{cf=CFrame.new(2.084198,13.780212,16.359344,0.991106,-0.056435,0.120517,-0.004082,0.892307,0.451410,-0.133013,-0.447887,0.884140),fov=70.000000,dt=0.041604},
	{cf=CFrame.new(2.156387,11.161377,13.145798,0.987926,-0.064635,0.140799,-0.003527,0.899196,0.437531,-0.154886,-0.432745,0.888111),fov=70.000000,dt=0.061045},
	{cf=CFrame.new(2.256042,9.041077,10.465401,0.983918,-0.073807,0.162662,-0.002975,0.903741,0.428069,-0.178599,-0.421668,0.888987),fov=70.000000,dt=0.065530},
	{cf=CFrame.new(2.340775,7.395081,8.318436,0.980303,-0.080794,0.180222,-0.002443,0.907471,0.420108,-0.197488,-0.412273,0.889399),fov=70.000000,dt=0.032920},
	{cf=CFrame.new(2.424271,6.049042,6.494743,0.976843,-0.086460,0.195711,-0.002000,0.910986,0.412432,-0.213949,-0.403273,0.889717),fov=70.000000,dt=0.064018},
	{cf=CFrame.new(2.499413,4.914978,4.911232,0.973998,-0.090115,0.207864,-0.001520,0.914870,0.403745,-0.226552,-0.393563,0.890945),fov=70.000000,dt=0.079105},
	{cf=CFrame.new(2.461182,3.940155,3.375290,0.976136,-0.083097,0.200633,-0.000300,0.923376,0.383897,-0.217160,-0.374796,0.901315),fov=70.000000,dt=0.187362},
	{cf=CFrame.new(2.409096,3.195496,2.167999,0.978041,-0.076853,0.193725,0.000510,0.930406,0.366530,-0.208412,-0.358382,0.910015),fov=70.000000,dt=0.030782},
	{cf=CFrame.new(2.337555,2.626099,1.208321,0.979997,-0.070931,0.185944,0.001131,0.936297,0.351207,-0.199010,-0.343972,0.917648),fov=70.000000,dt=0.039232},
	{cf=CFrame.new(2.200882,2.182526,0.382423,0.982925,-0.063480,0.172709,0.001881,0.942025,0.335538,-0.183996,-0.329484,0.926060),fov=69.841003,dt=0.064736},
	{cf=CFrame.new(1.994598,1.829224,-0.369682,0.986668,-0.054284,0.153426,0.002619,0.947906,0.318540,-0.162725,-0.313891,0.935411),fov=69.098854,dt=0.078764},
	{cf=CFrame.new(1.738876,1.558929,-1.013336,0.990650,-0.044236,0.129059,0.003243,0.953342,0.301874,-0.136391,-0.298633,0.944572),fov=67.756111,dt=0.074198},
	{cf=CFrame.new(1.457878,1.360657,-1.535851,0.994247,-0.034180,0.101517,0.003666,0.958027,0.286653,-0.107054,-0.284632,0.952641),fov=66.033730,dt=0.051822},
	{cf=CFrame.new(1.202492,1.211975,-1.948929,0.996666,-0.025889,0.077372,0.003717,0.961742,0.273932,-0.081503,-0.272731,0.958632),fov=64.223801,dt=0.031083},
	{cf=CFrame.new(0.966278,1.096039,-2.282562,0.998107,-0.019520,0.058317,0.003486,0.964719,0.263259,-0.061398,-0.262557,0.962961),fov=62.054806,dt=0.048744},
	{cf=CFrame.new(0.744438,1.004700,-2.556599,0.998964,-0.014539,0.043119,0.003107,0.967164,0.254134,-0.045398,-0.253737,0.966208),fov=59.609959,dt=0.043745},
	{cf=CFrame.new(0.548271,0.933258,-2.778008,0.999459,-0.010676,0.031116,0.002676,0.969128,0.246544,-0.032787,-0.246327,0.968632),fov=57.246662,dt=0.044233},
	{cf=CFrame.new(0.364960,0.877258,-2.941765,0.999677,-0.008214,0.024053,0.002200,0.970754,0.240066,-0.025322,-0.239936,0.970458),fov=54.731472,dt=0.050153},
	{cf=CFrame.new(0.206169,0.834320,-3.054348,0.999756,-0.006874,0.020993,0.001753,0.972044,0.234794,-0.022020,-0.234700,0.971819),fov=52.399830,dt=0.032421},
	{cf=CFrame.new(0.051537,0.789856,-3.159531,0.999681,-0.007085,0.024230,0.001315,0.973128,0.230263,-0.025210,-0.230158,0.972827),fov=50.081764,dt=0.039750},
	{cf=CFrame.new(-0.088142,0.748322,-3.252266,0.999507,-0.008027,0.030350,0.000946,0.974016,0.226478,-0.031379,-0.226337,0.973543),fov=48.041138,dt=0.043743},
	{cf=CFrame.new(-0.217430,0.706024,-3.344666,0.999179,-0.009669,0.039355,0.000639,0.974757,0.223265,-0.040521,-0.223057,0.973963),fov=46.278297,dt=0.037037},
	{cf=CFrame.new(-0.350060,0.655670,-3.463776,0.998520,-0.012393,0.052948,0.000400,0.975334,0.220733,-0.054378,-0.220385,0.973896),fov=44.748684,dt=0.042431},
	{cf=CFrame.new(-0.480438,0.604370,-3.606995,0.997546,-0.015634,0.068244,0.000271,0.975604,0.219538,-0.070012,-0.218981,0.973214),fov=43.561508,dt=0.050424},
	{cf=CFrame.new(-0.598831,0.556854,-3.750336,0.996362,-0.018868,0.083105,0.000201,0.975700,0.219112,-0.085220,-0.218298,0.972154),fov=42.671131,dt=0.035909},
	{cf=CFrame.new(-0.703468,0.517273,-3.897823,0.995151,-0.021840,0.095904,0.000198,0.975479,0.220093,-0.098359,-0.219006,0.970753),fov=42.003349,dt=0.036931},
	{cf=CFrame.new(-0.805717,0.481659,-4.068424,0.993841,-0.024919,0.107979,0.000239,0.974869,0.222778,-0.110817,-0.221380,0.968871),fov=41.502510,dt=0.046766},
	{cf=CFrame.new(-0.903305,0.448822,-4.264137,0.992571,-0.027907,0.118424,0.000296,0.973891,0.227017,-0.121667,-0.225295,0.966664),fov=41.126884,dt=0.041993},
	{cf=CFrame.new(-0.989479,0.419983,-4.458698,0.991456,-0.030556,0.126813,0.000335,0.972771,0.231768,-0.130442,-0.229746,0.964470),fov=40.845161,dt=0.040258},
	{cf=CFrame.new(-1.064888,0.405670,-4.638363,0.990281,-0.033479,0.134991,0.000457,0.971374,0.237555,-0.139080,-0.235185,0.961948),fov=40.633873,dt=0.037858},
	{cf=CFrame.new(-1.326668,0.406433,-5.305702,0.984843,-0.046794,0.167016,0.000857,0.964220,0.265102,-0.173445,-0.260941,0.949646),fov=40.000000,dt=0.048510},
	{cf=CFrame.new(-1.404129,0.482849,-5.472439,0.981563,-0.055066,0.183033,0.001278,0.959470,0.281807,-0.191133,-0.276377,0.941851),fov=40.000000,dt=0.040583},
	{cf=CFrame.new(-1.459732,0.585236,-5.547970,0.977976,-0.063788,0.198733,0.001617,0.954442,0.298392,-0.208713,-0.291499,0.933524),fov=40.000000,dt=0.049468},
	{cf=CFrame.new(-1.497162,0.658661,-5.594788,0.975278,-0.070054,0.209586,0.001685,0.950752,0.309948,-0.220977,-0.301932,0.927366),fov=40.000000,dt=0.041696},
	{cf=CFrame.new(-1.806541,0.725861,-5.645603,0.985898,-0.054679,0.158166,0.000280,0.945655,0.325173,-0.167350,-0.320543,0.932334),fov=40.000000,dt=0.057209},
	{cf=CFrame.new(-1.990295,0.762543,-5.673782,0.990942,-0.044669,0.126647,-0.000159,0.942671,0.333724,-0.134293,-0.330721,0.934125),fov=40.000000,dt=0.043581},
	{cf=CFrame.new(-2.396111,0.793335,-5.705605,0.998933,-0.015405,0.043548,-0.000577,0.938513,0.345244,-0.046189,-0.344900,0.937503),fov=40.000000,dt=0.055134},
	{cf=CFrame.new(-2.671318,0.793579,-5.714737,0.999804,0.007465,-0.018369,-0.000562,0.936733,0.350045,0.019820,-0.349966,0.936553),fov=40.000000,dt=0.046883},
	{cf=CFrame.new(-3.207901,0.749237,-5.772240,0.988620,0.050577,-0.141681,0.002846,0.935335,0.353752,0.150411,-0.350129,0.924546),fov=40.000000,dt=0.052136},
	{cf=CFrame.new(-3.575798,0.664429,-5.873295,0.970891,0.075626,-0.227269,0.008778,0.936975,0.349285,0.239360,-0.341113,0.909037),fov=40.000000,dt=0.046290},
	{cf=CFrame.new(-4.083939,0.535431,-6.026409,0.933175,0.107611,-0.342935,0.016833,0.939996,0.340770,0.359028,-0.323771,0.875369),fov=40.000000,dt=0.037582},
	{cf=CFrame.new(-4.370560,0.444489,-6.144661,0.902899,0.122195,-0.412118,0.023624,0.943188,0.331417,0.429202,-0.308972,0.848718),fov=40.000000,dt=0.051357},
	{cf=CFrame.new(-4.556389,0.383392,-6.225132,0.880085,0.130715,-0.456469,0.027925,0.945446,0.324580,0.473994,-0.298405,0.828423),fov=40.000000,dt=0.034975},
	{cf=CFrame.new(-4.810760,0.299225,-6.336143,0.845150,0.141396,-0.515489,0.033281,0.948588,0.314758,0.533493,-0.283174,0.796993),fov=40.000000,dt=0.048683},
	{cf=CFrame.new(-4.993393,0.238800,-6.415886,0.817553,0.148384,-0.556408,0.036684,0.950849,0.307475,0.574684,-0.271789,0.771926),fov=40.000000,dt=0.040778},
	{cf=CFrame.new(-5.188614,0.154480,-6.536007,0.781823,0.151966,-0.604697,0.042260,0.954697,0.294563,0.622066,-0.255851,0.739982),fov=40.000000,dt=0.045645},
	{cf=CFrame.new(-5.306511,0.093811,-6.625881,0.756797,0.151983,-0.635735,0.046336,0.957672,0.284107,0.652006,-0.244468,0.717721),fov=40.000000,dt=0.038264},
	{cf=CFrame.new(-5.583778,-0.061432,-6.859406,0.690399,0.147861,-0.708158,0.055415,0.965205,0.255557,0.721304,-0.215679,0.658182),fov=40.000000,dt=0.043728},
	{cf=CFrame.new(-5.945793,-0.270813,-7.176136,0.592316,0.136760,-0.794014,0.063398,0.974522,0.215144,0.803208,-0.177772,0.568555),fov=40.000000,dt=0.042210},
	{cf=CFrame.new(-6.483398,-0.582489,-7.647873,0.429097,0.110966,-0.896416,0.065369,0.986008,0.153347,0.900890,-0.124398,0.415840),fov=40.000000,dt=0.042718},
	{cf=CFrame.new(-7.112221,-0.955780,-8.215031,0.216767,0.065978,-0.973991,0.052456,0.995485,0.079108,0.974813,-0.068240,0.212327),fov=40.000000,dt=0.028277},
	{cf=CFrame.new(-7.990952,-1.483429,-9.018349,-0.095228,-0.017486,-0.995302,0.006892,0.999810,-0.018224,0.995432,-0.008595,-0.095090),fov=40.000000,dt=0.035075},
	{cf=CFrame.new(-7.269623,-0.637451,-11.559212,-0.685221,-0.085548,-0.723293,0.004459,0.992567,-0.121621,0.728321,-0.086562,-0.679747),fov=50.000000,dt=0.049381},
	{cf=CFrame.new(-7.197495,-1.337708,-11.813301,-0.731676,-0.089170,-0.675795,0.000481,0.991339,-0.131326,0.681653,-0.096414,-0.725296),fov=40.834339,dt=0.059477},
	{cf=CFrame.new(-7.190285,-0.580994,-11.838699,-0.736148,-0.089495,-0.670878,0.000049,0.991212,-0.132281,0.676821,-0.097411,-0.729674),fov=36.874794,dt=0.033932},
	{cf=CFrame.new(-7.189568,-0.684906,-11.841244,-0.736593,-0.089528,-0.670384,0.000005,0.991199,-0.132377,0.676336,-0.097511,-0.730110),fov=33.180721,dt=0.051905},
	{cf=CFrame.new(-7.189491,-0.527405,-11.841492,-0.736638,-0.089531,-0.670335,0.000000,0.991198,-0.132386,0.676287,-0.097521,-0.730154),fov=30.905325,dt=0.062893},
	{cf=CFrame.new(-7.189476,-0.451324,-11.841526,-0.736642,-0.089531,-0.670330,0.000000,0.991198,-0.132387,0.676283,-0.097522,-0.730158),fov=30.418861,dt=0.038008},
	{cf=CFrame.new(-7.189476,-0.711792,-11.841526,-0.736643,-0.089531,-0.670330,0.000000,0.991198,-0.132387,0.676282,-0.097522,-0.730159),fov=30.099401,dt=0.047449},
	{cf=CFrame.new(-7.189476,-0.607758,-11.841526,-0.736643,-0.089531,-0.670329,0.000000,0.991198,-0.132387,0.676282,-0.097522,-0.730159),fov=30.000000,dt=0.129350},
	{cf=CFrame.new(-7.925560,-1.460358,-16.548336,-0.851231,-0.105313,-0.514116,0.000903,0.979362,-0.202111,0.524791,-0.172508,-0.833568),fov=35.029785,dt=0.212852},
	{cf=CFrame.new(-8.119949,-2.092224,-18.286705,-0.902030,-0.114482,-0.416216,0.000895,0.963694,-0.267008,0.431672,-0.241222,-0.869178),fov=47.589268,dt=0.205454},
	{cf=CFrame.new(-8.586517,-2.558838,-19.410706,-0.913161,-0.117904,-0.390174,0.000504,0.956922,-0.290344,0.407599,-0.265328,-0.873764),fov=50.000000,dt=0.189684},
	{cf=CFrame.new(-8.717545,-2.752991,-19.793823,-0.920743,-0.120810,-0.370994,0.000338,0.950608,-0.310394,0.390169,-0.285919,-0.875225),fov=50.000000,dt=0.151474},
	{cf=CFrame.new(-8.728996,-2.789398,-19.866199,-0.922628,-0.122007,-0.365886,0.000254,0.948456,-0.316909,0.385692,-0.292482,-0.875041),fov=50.000000,dt=0.113029},
	{cf=CFrame.new(-8.728989,-2.789398,-19.866199,-0.922628,-0.122007,-0.365886,0.000254,0.948456,-0.316909,0.385692,-0.292482,-0.875041),fov=50.000000,dt=0.109210},
	{cf=CFrame.new(-3.270828,-2.983154,-34.108841,-0.922595,-0.122254,-0.365886,0.000000,0.948456,-0.316909,0.385770,-0.292379,-0.875041),fov=54.129860,dt=0.051014},
	{cf=CFrame.new(4.057213,-2.981293,-16.684895,-0.922595,-0.122254,-0.365886,0.000000,0.948456,-0.316909,0.385770,-0.292378,-0.875041),fov=55.895531,dt=0.047095},
	{cf=CFrame.new(-6.523705,-16.263580,-41.182129,-0.922595,-0.122254,-0.365886,-0.000000,0.948456,-0.316909,0.385770,-0.292378,-0.875041),fov=57.433136,dt=0.035735},
	{cf=CFrame.new(-33.399086,-41.818390,-97.831284,-0.922595,-0.122254,-0.365886,-0.000000,0.948456,-0.316909,0.385770,-0.292378,-0.875041),fov=58.540661,dt=0.087562},
	{cf=CFrame.new(-9.419044,-2.975708,-29.538486,-0.922595,-0.122254,-0.365886,0.000000,0.948456,-0.316909,0.385770,-0.292378,-0.875041),fov=61.038502,dt=0.059422},
	{cf=CFrame.new(-10.487526,-2.973969,-15.305889,-0.922595,-0.122254,-0.365886,0.000000,0.948456,-0.316909,0.385770,-0.292378,-0.875041),fov=62.558922,dt=0.075183},
	{cf=CFrame.new(-5.096992,-2.972015,-6.286095,-0.922595,-0.122254,-0.365886,-0.000000,0.948456,-0.316909,0.385770,-0.292378,-0.875041),fov=64.280235,dt=0.042652},
	{cf=CFrame.new(-9.797348,-2.970978,-13.403561,-0.922595,-0.122254,-0.365886,-0.000000,0.948456,-0.316909,0.385770,-0.292378,-0.875041),fov=65.156227,dt=0.042125},
	{cf=CFrame.new(-13.621269,-2.970093,-8.984055,-0.922595,-0.122254,-0.365886,0.000000,0.948456,-0.316909,0.385770,-0.292379,-0.875041),fov=65.949966,dt=0.087721},
	{cf=CFrame.new(-10.603004,-2.968353,-14.027538,-0.922595,-0.122254,-0.365886,0.000000,0.948456,-0.316909,0.385770,-0.292378,-0.875041),fov=67.375046,dt=0.097864},
}

local accumulated = 0
local index = 1
local smoothRootCF = root.CFrame

RunService:BindToRenderStep('FollowCinematic', Enum.RenderPriority.Camera.Value + 1, function(dt)

	accumulated += dt

	smoothRootCF = root.CFrame

	while frames[index] and accumulated >= frames[index].dt do

		accumulated -= frames[index].dt

		local f = frames[index]

		camera.CFrame = smoothRootCF * f.cf
		camera.FieldOfView = f.fov

		index += 1

	end

	if not frames[index] then
		RunService:UnbindFromRenderStep('FollowCinematic')
		camera.CameraType = Enum.CameraType.Custom
	end

end)
