-- Generated Following Cinematic
local Players = game:GetService('Players')
local RunService = game:GetService('RunService')

local player = Players.LocalPlayer
local camera = workspace.CurrentCamera

local root = player.Character:WaitForChild('HumanoidRootPart')

camera.CameraType = Enum.CameraType.Scriptable

local frames = {
	{cf=CFrame.new(-0.100464,3.263327,-9.069702,-0.999790,0.001081,-0.020472,-0.004203,0.966590,0.256293,0.020065,0.256325,-0.966383),fov=45.259186,dt=0.039069},
	{cf=CFrame.new(0.274292,3.219761,-9.281006,-0.999642,-0.013708,0.022971,-0.007374,0.966660,0.255958,-0.025714,0.255697,-0.966415),fov=42.803753,dt=0.020326},
	{cf=CFrame.new(0.790894,3.163801,-9.700806,-0.995759,-0.040281,0.082716,-0.017875,0.966630,0.255553,-0.090249,0.252991,-0.963250),fov=39.031761,dt=0.049067},
	{cf=CFrame.new(0.906128,3.149645,-9.859131,-0.994135,-0.049448,0.096178,-0.023381,0.966586,0.255275,-0.105587,0.251529,-0.962073),fov=37.962723,dt=0.022891},
	{cf=CFrame.new(0.964844,3.138773,-10.004517,-0.992992,-0.057440,0.103282,-0.029406,0.966542,0.254817,-0.114464,0.249995,-0.961458),fov=37.173367,dt=0.023020},
	{cf=CFrame.new(0.951172,3.131002,-10.126465,-0.992710,-0.063659,0.102348,-0.035790,0.966535,0.254025,-0.115093,0.248510,-0.961767),fov=36.753395,dt=0.015953},
	{cf=CFrame.new(0.938721,3.120281,-10.230713,-0.992416,-0.069099,0.101664,-0.041364,0.966541,0.253153,-0.115755,0.247028,-0.962070),fov=36.361538,dt=0.018793},
	{cf=CFrame.new(0.894897,3.108578,-10.324219,-0.992488,-0.073814,0.097568,-0.047116,0.966582,0.251990,-0.112908,0.245500,-0.962799),fov=36.113434,dt=0.014946},
	{cf=CFrame.new(0.838013,3.092739,-10.416016,-0.992639,-0.078497,0.092224,-0.053168,0.966655,0.250501,-0.108812,0.243754,-0.963714),fov=35.883503,dt=0.017186},
	{cf=CFrame.new(0.785278,3.078587,-10.482300,-0.992820,-0.081884,0.087202,-0.057846,0.966730,0.249173,-0.104704,0.242340,-0.964525),fov=35.738075,dt=0.013363},
	{cf=CFrame.new(0.668823,3.048227,-10.581909,-0.993309,-0.087038,0.075909,-0.065903,0.966941,0.246337,-0.094840,0.239686,-0.966207),fov=35.581108,dt=0.017765},
	{cf=CFrame.new(0.592285,3.026152,-10.640137,-0.993566,-0.090160,0.068535,-0.070902,0.967092,0.244348,-0.088310,0.237917,-0.967263),fov=35.484028,dt=0.013582},
	{cf=CFrame.new(0.473755,2.990517,-10.711182,-0.993926,-0.094100,0.057061,-0.077739,0.967361,0.241183,-0.077894,0.235282,-0.968801),fov=35.388054,dt=0.016419},
	{cf=CFrame.new(0.340088,2.947710,-10.775513,-0.994219,-0.097895,0.044104,-0.084751,0.967699,0.237435,-0.065923,0.232325,-0.970402),fov=35.311932,dt=0.016224},
	{cf=CFrame.new(0.191650,2.896914,-10.832886,-0.994384,-0.101578,0.029705,-0.091933,0.968111,0.233043,-0.052430,0.229003,-0.972013),fov=35.249313,dt=0.016648},
	{cf=CFrame.new(0.027954,2.837564,-10.881714,-0.994364,-0.105125,0.013746,-0.099250,0.968604,0.227937,-0.037276,0.225288,-0.973579),fov=35.204216,dt=0.014824},
	{cf=CFrame.new(-0.149658,2.768507,-10.922852,-0.994073,-0.108659,-0.003583,-0.106738,0.969177,0.222042,-0.020655,0.221108,-0.975031),fov=35.158997,dt=0.018599},
	{cf=CFrame.new(-0.342651,2.689434,-10.953857,-0.993440,-0.112111,-0.022546,-0.114333,0.969837,0.215278,-0.002269,0.216444,-0.976293),fov=35.127277,dt=0.016535},
	{cf=CFrame.new(-0.551025,2.599558,-10.973877,-0.992365,-0.115546,-0.043140,-0.122032,0.970580,0.207563,0.017888,0.211243,-0.977270),fov=35.104279,dt=0.014805},
	{cf=CFrame.new(-0.773926,2.497990,-10.982788,-0.990736,-0.119053,-0.065341,-0.129842,0.971400,0.198803,0.039805,0.205445,-0.977859),fov=35.083145,dt=0.016830},
	{cf=CFrame.new(-1.011841,2.384220,-10.978760,-0.988425,-0.122674,-0.089258,-0.137730,0.972288,0.188907,0.063610,0.199014,-0.977930),fov=35.067360,dt=0.015641},
	{cf=CFrame.new(-1.264526,2.257521,-10.961182,-0.985288,-0.126510,-0.114901,-0.145692,0.973227,0.177774,0.089334,0.191899,-0.977340),fov=35.053513,dt=0.017103},
	{cf=CFrame.new(-1.531738,2.117418,-10.928223,-0.981160,-0.130649,-0.142325,-0.153701,0.974191,0.165310,0.117054,0.184071,-0.975919),fov=35.043003,dt=0.016242},
	{cf=CFrame.new(-1.812988,1.963404,-10.878906,-0.975854,-0.135222,-0.171533,-0.161739,0.975148,0.151417,0.146795,0.175505,-0.973473),fov=35.034340,dt=0.016702},
	{cf=CFrame.new(-2.106079,1.793552,-10.814575,-0.969187,-0.140564,-0.202284,-0.169928,0.976037,0.135927,0.178331,0.166113,-0.969848),fov=35.000000,dt=0.017808},
	{cf=CFrame.new(-2.413696,1.610987,-10.727905,-0.960892,-0.146401,-0.235061,-0.177922,0.976832,0.118925,0.212204,0.156097,-0.964678),fov=35.000000,dt=0.016481},
	{cf=CFrame.new(-2.732544,1.413864,-10.621094,-0.950756,-0.153148,-0.269459,-0.185864,0.977446,0.100267,0.248026,0.145412,-0.957778),fov=35.000000,dt=0.016017},
	{cf=CFrame.new(-3.067871,1.197821,-10.420776,-0.937687,-0.160557,-0.308163,-0.193714,0.977791,0.079997,0.288475,0.134708,-0.947964),fov=35.000000,dt=0.016259},
	{cf=CFrame.new(-3.421387,0.961088,-10.074219,-0.919942,-0.168635,-0.353935,-0.201435,0.977802,0.057686,0.336350,0.124362,-0.933490),fov=35.000000,dt=0.019072},
	{cf=CFrame.new(-3.785522,0.707994,-9.610474,-0.896122,-0.178000,-0.406548,-0.208978,0.977373,0.032708,0.391527,0.114270,-0.913044),fov=35.000000,dt=0.014917},
	{cf=CFrame.new(-4.151611,0.443449,-9.058228,-0.864743,-0.189324,-0.465161,-0.216274,0.976321,0.004689,0.453259,0.104657,-0.885213),fov=35.000000,dt=0.016606},
	{cf=CFrame.new(-4.507935,0.173292,-8.447388,-0.824640,-0.203194,-0.527902,-0.223237,0.974408,-0.026337,0.519744,0.096128,-0.848897),fov=35.000000,dt=0.017276},
	{cf=CFrame.new(-4.840332,-0.095217,-7.809814,-0.775710,-0.219851,-0.591557,-0.229776,0.971410,-0.059716,0.587772,0.089603,-0.804049),fov=35.000000,dt=0.015827},
	{cf=CFrame.new(-5.131714,-0.353106,-7.182129,-0.719913,-0.238878,-0.651662,-0.235827,0.967235,-0.094031,0.652772,0.085985,-0.752659),fov=35.000000,dt=0.016658},
	{cf=CFrame.new(-5.363525,-0.589870,-6.607300,-0.662113,-0.259091,-0.703191,-0.241390,0.962058,-0.127182,0.709462,0.085535,-0.699534),fov=35.000000,dt=0.017962},
	{cf=CFrame.new(-5.546631,-0.801050,-6.096802,-0.604982,-0.278983,-0.745765,-0.246516,0.956217,-0.157732,0.757117,0.088418,-0.647268),fov=35.000000,dt=0.017675},
	{cf=CFrame.new(-5.703369,-0.989408,-5.630859,-0.547715,-0.297544,-0.781969,-0.251246,0.949983,-0.185494,0.798049,0.094869,-0.595077),fov=35.000000,dt=0.014672},
	{cf=CFrame.new(-5.834106,-1.155037,-5.211182,-0.492191,-0.314104,-0.811841,-0.255642,0.943662,-0.210119,0.832103,0.104122,-0.544760),fov=35.000000,dt=0.016688},
	{cf=CFrame.new(-5.940552,-1.298630,-4.837891,-0.439988,-0.328321,-0.835833,-0.259757,0.937509,-0.231522,0.859615,0.115246,-0.497776),fov=35.000000,dt=0.016939},
	{cf=CFrame.new(-6.025024,-1.421360,-4.510498,-0.392263,-0.340161,-0.854646,-0.263632,0.931709,-0.249832,0.881265,0.127312,-0.455153),fov=35.000000,dt=0.016361},
	{cf=CFrame.new(-6.089844,-1.524738,-4.227661,-0.349734,-0.349826,-0.869085,-0.267291,0.926369,-0.265322,0.897910,0.139506,-0.417488),fov=35.000000,dt=0.016350},
	{cf=CFrame.new(-6.137085,-1.610458,-3.986816,-0.312714,-0.357657,-0.879938,-0.270738,0.921533,-0.278348,0.910445,0.151190,-0.385008),fov=35.000000,dt=0.016403},
	{cf=CFrame.new(-6.169312,-1.680292,-3.784912,-0.281195,-0.364058,-0.887914,-0.273967,0.917195,-0.289301,0.919713,0.161909,-0.357650),fov=35.000000,dt=0.016831},
	{cf=CFrame.new(-6.187622,-1.737637,-3.618286,-0.254708,-0.370128,-0.893381,-0.276886,0.913085,-0.299349,0.926530,0.171118,-0.335054),fov=35.000000,dt=0.017300},
	{cf=CFrame.new(-6.193726,-1.784973,-3.482910,-0.232709,-0.376603,-0.896670,-0.279422,0.908999,-0.309264,0.931542,0.178581,-0.316764),fov=35.000000,dt=0.016993},
	{cf=CFrame.new(-6.189087,-1.822710,-3.374878,-0.214803,-0.383305,-0.898297,-0.281585,0.905015,-0.318839,0.935184,0.184460,-0.302332),fov=35.000000,dt=0.016426},
	{cf=CFrame.new(-6.175537,-1.851255,-3.290039,-0.200534,-0.390003,-0.898712,-0.283389,0.901221,-0.327858,0.937804,0.188938,-0.291248),fov=35.000000,dt=0.015609},
	{cf=CFrame.new(-6.154297,-1.871037,-3.224243,-0.189410,-0.396430,-0.898314,-0.284853,0.897715,-0.336104,0.939672,0.192226,-0.282960),fov=35.000000,dt=0.018034},
	{cf=CFrame.new(-6.126831,-1.882519,-3.173218,-0.180913,-0.402290,-0.897459,-0.285998,0.894601,-0.343356,0.940997,0.194554,-0.276900),fov=35.000000,dt=0.015614},
	{cf=CFrame.new(-6.094482,-1.886208,-3.132812,-0.174514,-0.407272,-0.896479,-0.286849,0.891988,-0.349392,0.941946,0.196180,-0.272490),fov=35.000000,dt=0.017249},
	{cf=CFrame.new(-6.058228,-1.882666,-3.098999,-0.169672,-0.411053,-0.895682,-0.287429,0.889986,-0.353991,0.942654,0.197383,-0.269154),fov=35.000000,dt=0.016311},
	{cf=CFrame.new(-6.019287,-1.872517,-3.067749,-0.165843,-0.413302,-0.895364,-0.287761,0.888705,-0.356928,0.943234,0.198457,-0.266318),fov=35.000000,dt=0.016813},
	{cf=CFrame.new(-5.978516,-1.856445,-3.035034,-0.162479,-0.413675,-0.895809,-0.287866,0.888250,-0.357973,0.943787,0.199710,-0.263405),fov=35.000000,dt=0.016015},
	{cf=CFrame.new(-5.936035,-1.836952,-2.997803,-0.158805,-0.412912,-0.896819,-0.287864,0.888244,-0.357991,0.944413,0.201311,-0.259920),fov=35.000000,dt=0.016575},
	{cf=CFrame.new(-5.890991,-1.815994,-2.955688,-0.154452,-0.411996,-0.898000,-0.287862,0.888238,-0.358006,0.945135,0.203206,-0.255788),fov=35.000000,dt=0.016405},
	{cf=CFrame.new(-5.843018,-1.793503,-2.909180,-0.149476,-0.410930,-0.899330,-0.287861,0.888235,-0.358015,0.945935,0.205367,-0.251060),fov=35.000000,dt=0.017142},
	{cf=CFrame.new(-5.791748,-1.769415,-2.858765,-0.143933,-0.409720,-0.900784,-0.287861,0.888235,-0.358016,0.946794,0.207770,-0.245789),fov=35.000000,dt=0.016859},
	{cf=CFrame.new(-5.736816,-1.743660,-2.804932,-0.137884,-0.408373,-0.902341,-0.287862,0.888239,-0.358004,0.947694,0.210387,-0.240030),fov=35.000000,dt=0.016478},
	{cf=CFrame.new(-5.678223,-1.716179,-2.748047,-0.131384,-0.406895,-0.903977,-0.287865,0.888249,-0.357977,0.948616,0.213191,-0.233833),fov=35.000000,dt=0.016744},
	{cf=CFrame.new(-5.631104,-1.694223,-2.703613,-0.126217,-0.405694,-0.905252,-0.287869,0.888261,-0.357943,0.949316,0.215416,-0.228901),fov=35.000000,dt=0.016544},
	{cf=CFrame.new(-5.548096,-1.655781,-2.627441,-0.117270,-0.403573,-0.907401,-0.287878,0.888289,-0.357868,0.950460,0.219254,-0.220349),fov=35.000000,dt=0.016647},
	{cf=CFrame.new(-5.475952,-1.622747,-2.564697,-0.109771,-0.401745,-0.909148,-0.287888,0.888320,-0.357782,0.951352,0.222459,-0.213170),fov=35.000000,dt=0.016823},
	{cf=CFrame.new(-5.398926,-1.587748,-2.500854,-0.102056,-0.399820,-0.910894,-0.287901,0.888360,-0.357672,0.952207,0.225745,-0.205771),fov=35.000000,dt=0.016156},
	{cf=CFrame.new(-5.316406,-1.550728,-2.436523,-0.094184,-0.397808,-0.912622,-0.287917,0.888408,-0.357540,0.953013,0.229084,-0.198209),fov=35.000000,dt=0.017281},
	{cf=CFrame.new(-5.228516,-1.511633,-2.372070,-0.086212,-0.395722,-0.914315,-0.287935,0.888465,-0.357384,0.953761,0.232452,-0.190539),fov=35.000000,dt=0.016798},
	{cf=CFrame.new(-5.134644,-1.470411,-2.307739,-0.078201,-0.393575,-0.915960,-0.287956,0.888530,-0.357204,0.954445,0.235823,-0.182817),fov=35.000000,dt=0.016023},
	{cf=CFrame.new(-5.059814,-1.437864,-2.260132,-0.072205,-0.391933,-0.917156,-0.287974,0.888586,-0.357053,0.954912,0.238336,-0.177027),fov=35.000000,dt=0.016672},
	{cf=CFrame.new(-4.928467,-1.381390,-2.181885,-0.062284,-0.389162,-0.919061,-0.288006,0.888684,-0.356781,0.955601,0.242473,-0.167432),fov=35.000000,dt=0.017071},
	{cf=CFrame.new(-4.843994,-1.345465,-2.136230,-0.056442,-0.387490,-0.920144,-0.288027,0.888749,-0.356602,0.955958,0.244899,-0.161770),fov=35.000000,dt=0.015943},
	{cf=CFrame.new(-4.696167,-1.283260,-2.061890,-0.046889,-0.384706,-0.921847,-0.288064,0.888863,-0.356289,0.956463,0.248845,-0.152498),fov=35.000000,dt=0.017060},
	{cf=CFrame.new(-4.569458,-1.230656,-2.005005,-0.039525,-0.382508,-0.923106,-0.288095,0.888959,-0.356023,0.956786,0.251870,-0.145335),fov=35.000000,dt=0.017193},
	{cf=CFrame.new(-4.435669,-1.175619,-1.950439,-0.032460,-0.380352,-0.924272,-0.288120,0.889063,-0.355744,0.957044,0.254753,-0.138446),fov=35.000000,dt=0.016839},
	{cf=CFrame.new(-4.294312,-1.118095,-1.898560,-0.025736,-0.378279,-0.925334,-0.288159,0.889158,-0.355475,0.957237,0.257495,-0.131888),fov=35.000000,dt=0.016904},
	{cf=CFrame.new(-4.145264,-1.058029,-1.849487,-0.019416,-0.376290,-0.926298,-0.288191,0.889257,-0.355202,0.957376,0.260054,-0.125710),fov=35.000000,dt=0.016681},
	{cf=CFrame.new(-4.009888,-0.945021,-1.781860,-0.012463,-0.368023,-0.929733,-0.288910,0.891474,-0.349006,0.957275,0.264260,-0.117436),fov=35.000000,dt=0.015969},
	{cf=CFrame.new(-3.823608,-0.930019,-1.760254,-0.008182,-0.372677,-0.927925,-0.288252,0.889445,-0.354680,0.957520,0.264575,-0.114702),fov=35.000000,dt=0.017191},
	{cf=CFrame.new(-3.680420,-0.784721,-1.703857,-0.003795,-0.360958,-0.932574,-0.289425,0.893063,-0.344488,0.957193,0.268603,-0.107859),fov=35.000000,dt=0.016143},
	{cf=CFrame.new(-3.468872,-0.791052,-1.683350,0.000840,-0.369702,-0.929150,-0.288305,0.889608,-0.354229,0.957538,0.268176,-0.105839),fov=35.000000,dt=0.016443},
	{cf=CFrame.new(-3.305908,-0.585278,-1.616333,0.004174,-0.349978,-0.936749,-0.290368,0.895972,-0.336037,0.956906,0.273404,-0.097882),fov=35.000000,dt=0.017486},
	{cf=CFrame.new(-2.598267,-0.456308,-1.556274,0.011100,-0.366240,-0.930454,-0.288369,0.889805,-0.353680,0.957455,0.272240,-0.095736),fov=35.000000,dt=0.019809},
	{cf=CFrame.new(-0.918335,2.125561,-4.122681,0.102347,-0.246457,-0.963734,-0.295377,0.917596,-0.266026,0.949883,0.311892,0.021115),fov=35.000000,dt=0.013712},
	{cf=CFrame.new(-1.819946,4.076340,-6.849365,0.692636,-0.166061,-0.701910,-0.296322,0.821711,-0.486811,0.657608,0.545175,0.519939),fov=35.000000,dt=0.016100},
	{cf=CFrame.new(-4.096558,4.412086,-7.836548,0.968934,0.184705,-0.164470,-0.246882,0.761825,-0.598891,0.014680,0.620891,0.783759),fov=35.000000,dt=0.016941},
	{cf=CFrame.new(-4.475708,3.853359,-7.309692,0.968020,0.197591,-0.154580,-0.250828,0.773991,-0.581398,0.004765,0.601578,0.798800),fov=35.000000,dt=0.017087},
	{cf=CFrame.new(-4.636230,3.852642,-5.996338,0.965717,0.225112,-0.129284,-0.258904,0.798875,-0.542926,-0.018937,0.557785,0.829769),fov=35.000000,dt=0.017022},
	{cf=CFrame.new(-5.194458,5.056931,-4.193726,0.966598,0.222890,-0.126519,-0.255001,0.786825,-0.562032,-0.025723,0.575522,0.817381),fov=35.000000,dt=0.030149},
	{cf=CFrame.new(-4.825195,0.897049,-3.205200,0.967755,0.216122,-0.129385,-0.250560,0.773202,-0.582561,-0.025863,0.596196,0.802422),fov=35.000000,dt=0.014266},
	{cf=CFrame.new(-5.509888,1.502647,-2.400513,0.968522,0.210354,-0.133099,-0.247830,0.764700,-0.594824,-0.023342,0.609086,0.792761),fov=35.000000,dt=0.013155},
	{cf=CFrame.new(-6.406372,3.573944,-2.545898,0.968376,0.209910,-0.134855,-0.248642,0.767281,-0.591149,-0.020616,0.605985,0.795209),fov=35.000000,dt=0.015831},
	{cf=CFrame.new(-6.440674,1.155418,0.757080,0.969045,0.200092,-0.144620,-0.246684,0.761147,-0.599835,-0.009945,0.616942,0.786946),fov=35.000000,dt=0.021335},
	{cf=CFrame.new(-7.180420,1.029602,-1.942749,0.968882,0.196892,-0.150005,-0.247508,0.763791,-0.596123,-0.002799,0.614701,0.788755),fov=35.000000,dt=0.012314},
	{cf=CFrame.new(-7.736084,-0.022224,-0.082031,0.969047,0.185114,-0.163342,-0.246530,0.760638,-0.600543,0.013076,0.622223,0.782731),fov=35.000000,dt=0.015219},
	{cf=CFrame.new(-6.242554,0.751740,2.849854,0.967790,0.175671,-0.180339,-0.249265,0.769178,-0.588415,0.035345,0.614414,0.788192),fov=35.000000,dt=0.020790},
	{cf=CFrame.new(-7.170410,-0.343353,5.142456,0.965092,0.158351,-0.208618,-0.252067,0.777876,-0.575648,0.071125,0.608140,0.790637),fov=35.000000,dt=0.038091},
	{cf=CFrame.new(-8.200195,0.368774,4.722290,0.963033,0.151830,-0.222520,-0.254322,0.784771,-0.565203,0.088813,0.600901,0.794374),fov=35.000000,dt=0.018134},
	{cf=CFrame.new(-9.650879,-2.241730,5.974854,0.961447,0.147432,-0.232130,-0.255792,0.789354,-0.558114,0.100949,0.595973,0.796634),fov=35.000000,dt=0.016162},
	{cf=CFrame.new(-10.113647,-1.723007,6.942505,0.958593,0.140538,-0.247685,-0.258076,0.796416,-0.546916,0.120399,0.588192,0.799709),fov=35.000000,dt=0.035400},
	{cf=CFrame.new(-10.093994,-0.562393,9.560669,0.956137,0.138080,-0.258334,-0.260529,0.803997,-0.534522,0.133893,0.578379,0.804705),fov=35.000000,dt=0.037460},
	{cf=CFrame.new(-10.443481,-2.433243,8.328979,0.955078,0.136936,-0.262821,-0.261456,0.806868,-0.529721,0.139525,0.574641,0.806425),fov=35.000000,dt=0.025282},
	{cf=CFrame.new(-8.033081,0.129486,9.640137,0.954167,0.140492,-0.264248,-0.263477,0.813098,-0.519087,0.141933,0.564919,0.812848),fov=35.000000,dt=0.027569},
	{cf=CFrame.new(-9.684570,-0.671265,9.983154,0.953704,0.145783,-0.263052,-0.265450,0.819179,-0.508411,0.141369,0.554701,0.819952),fov=35.000000,dt=0.033084},
	{cf=CFrame.new(-9.864136,-0.246277,11.142334,0.953730,0.151278,-0.259833,-0.266931,0.823747,-0.500189,0.138369,0.546403,0.826013),fov=35.000000,dt=0.030964},
	{cf=CFrame.new(-9.786011,-2.290176,10.174438,0.954323,0.153381,-0.256401,-0.266857,0.823517,-0.500607,0.134368,0.546163,0.826832),fov=35.000000,dt=0.037304},
	{cf=CFrame.new(-7.274048,-1.230316,11.866333,0.955549,0.165254,-0.244166,-0.268671,0.829107,-0.490302,0.121416,0.534108,0.836652),fov=35.000000,dt=0.059537},
	{cf=CFrame.new(-8.473511,-0.835358,13.297729,0.956039,0.174604,-0.235587,-0.270571,0.834979,-0.479168,0.113046,0.521847,0.845516),fov=35.000000,dt=0.032822},
	{cf=CFrame.new(-6.552734,1.782318,12.369263,0.956379,0.177870,-0.231734,-0.270969,0.836543,-0.476206,0.109153,0.518227,0.848249),fov=35.000000,dt=0.015473},
	{cf=CFrame.new(-7.165283,0.584747,13.008789,0.956912,0.180776,-0.227244,-0.270870,0.837709,-0.474209,0.104639,0.515329,0.850580),fov=35.000000,dt=0.016499},
	{cf=CFrame.new(-7.762573,-0.049622,12.973877,0.957535,0.182993,-0.222801,-0.270267,0.838826,-0.472575,0.100414,0.512723,0.852662),fov=35.000000,dt=0.025232},
	{cf=CFrame.new(-6.389893,0.805908,12.416016,0.958224,0.184635,-0.218438,-0.269261,0.839895,-0.471247,0.096457,0.510378,0.854524),fov=35.000000,dt=0.020455},
	{cf=CFrame.new(-7.279907,0.553497,14.142578,0.958975,0.185714,-0.214190,-0.267875,0.840916,-0.470217,0.092790,0.508302,0.856165),fov=35.000000,dt=0.020052},
	{cf=CFrame.new(-6.895020,1.033936,14.630005,0.959617,0.186157,-0.210905,-0.266493,0.841691,-0.469615,0.090095,0.506855,0.857310),fov=35.000000,dt=0.016916},
	{cf=CFrame.new(-6.080444,1.004303,13.581421,0.960459,0.186245,-0.206954,-0.264473,0.842608,-0.469111,0.087012,0.505296,0.858548),fov=35.000000,dt=0.021823},
	{cf=CFrame.new(-5.685181,1.251190,12.847900,0.961350,0.185727,-0.203253,-0.262093,0.843452,-0.468930,0.084342,0.504077,0.859530),fov=35.000000,dt=0.022914},
	{cf=CFrame.new(-5.426758,1.521393,13.632080,0.962270,0.184708,-0.199798,-0.259432,0.844226,-0.469017,0.082044,0.503155,0.860293),fov=35.000000,dt=0.019858},
	{cf=CFrame.new(-5.261230,1.393524,12.209106,0.963212,0.183203,-0.196617,-0.256515,0.844925,-0.469363,0.080138,0.502532,0.860837),fov=35.000000,dt=0.018074},
	{cf=CFrame.new(-5.550537,1.328583,11.755249,0.963977,0.181639,-0.194306,-0.254003,0.845422,-0.469835,0.078930,0.502265,0.861104),fov=35.000000,dt=0.017276},
	{cf=CFrame.new(-4.774902,2.024506,12.312866,0.964939,0.179285,-0.191702,-0.250681,0.845966,-0.470640,0.077795,0.502195,0.861248),fov=35.000000,dt=0.019785},
	{cf=CFrame.new(-3.509521,2.428131,12.582520,0.965900,0.176416,-0.189512,-0.247144,0.846401,-0.471725,0.077184,0.502476,0.861139),fov=35.000000,dt=0.020996},
	{cf=CFrame.new(-3.187012,1.949219,12.366699,0.966848,0.173123,-0.187707,-0.243454,0.846736,-0.473041,0.077044,0.503057,0.860813),fov=35.000000,dt=0.023062},
	{cf=CFrame.new(-3.631348,3.408447,10.950806,0.967772,0.169423,-0.186313,-0.239639,0.846957,-0.474591,0.077393,0.503944,0.860262),fov=35.000000,dt=0.017528},
	{cf=CFrame.new(-3.556152,4.855621,10.235474,0.968667,0.165322,-0.185345,-0.235715,0.847070,-0.476352,0.078249,0.505115,0.859497),fov=35.000000,dt=0.021788},
	{cf=CFrame.new(-3.056274,4.753601,9.971069,0.969517,0.160770,-0.184905,-0.231692,0.847058,-0.478342,0.079722,0.506602,0.858487),fov=35.000000,dt=0.021625},
	{cf=CFrame.new(-2.744385,4.362274,8.909180,0.970311,0.155853,-0.184951,-0.227629,0.846912,-0.480547,0.081743,0.508380,0.857244),fov=35.000000,dt=0.021512},
	{cf=CFrame.new(-2.146851,4.362030,8.108398,0.971179,0.149492,-0.185643,-0.222722,0.846569,-0.483442,0.084889,0.510855,0.855465),fov=35.000000,dt=0.023786},
	{cf=CFrame.new(-1.829468,5.540588,7.026611,0.971805,0.143749,-0.186899,-0.218642,0.846115,-0.486091,0.088263,0.513250,0.853688),fov=35.000000,dt=0.021505},
	{cf=CFrame.new(-2.190430,6.450928,5.879883,0.972336,0.137664,-0.188708,-0.214598,0.845520,-0.488921,0.092250,0.515892,0.851672),fov=35.000000,dt=0.020431},
	{cf=CFrame.new(-2.385864,7.807800,4.470215,0.972801,0.129819,-0.191844,-0.209833,0.844676,-0.492435,0.098119,0.519297,0.848942),fov=35.000000,dt=0.025301},
	{cf=CFrame.new(-1.669189,8.186646,3.397583,0.972925,0.122491,-0.195993,-0.206022,0.843968,-0.495251,0.104749,0.522221,0.846353),fov=35.000000,dt=0.023598},
	{cf=CFrame.new(-1.052490,8.387634,1.738892,0.972747,0.112908,-0.202521,-0.201647,0.843107,-0.498507,0.114462,0.525759,0.842897),fov=35.000000,dt=0.023391},
	{cf=CFrame.new(-1.145874,9.264252,-0.440552,0.972158,0.102498,-0.210721,-0.197535,0.842212,-0.501656,0.126053,0.529314,0.839010),fov=35.000000,dt=0.025205},
	{cf=CFrame.new(-1.193604,10.593933,-1.296997,0.971311,0.093245,-0.218767,-0.194341,0.841424,-0.504219,0.137061,0.532270,0.835406),fov=35.000000,dt=0.020030},
	{cf=CFrame.new(-0.955566,11.424896,-1.648804,0.969852,0.081567,-0.229639,-0.190788,0.840408,-0.507261,0.151615,0.535781,0.830633),fov=35.000000,dt=0.030494},
	{cf=CFrame.new(-1.110962,12.691376,-3.177612,0.967796,0.069237,-0.242027,-0.187653,0.839290,-0.510274,0.167801,0.539258,0.825254),fov=35.000000,dt=0.023049},
	{cf=CFrame.new(-1.250122,13.521240,-4.885986,0.965160,0.056423,-0.255504,-0.184878,0.838056,-0.513305,0.185165,0.542659,0.819289),fov=35.000000,dt=0.023427},
	{cf=CFrame.new(-1.068970,13.886627,-5.439575,0.962421,0.045351,-0.267747,-0.182949,0.836913,-0.515855,0.200687,0.545454,0.813759),fov=35.000000,dt=0.019370},
	{cf=CFrame.new(-0.958740,14.446350,-6.179199,0.959189,0.033989,-0.280713,-0.181340,0.835659,-0.518449,0.216959,0.548196,0.807719),fov=35.000000,dt=0.021852},
	{cf=CFrame.new(-1.020508,15.459045,-7.568848,0.954627,0.020005,-0.297132,-0.179839,0.833997,-0.521638,0.237372,0.551406,0.799754),fov=35.000000,dt=0.026315},
	{cf=CFrame.new(-1.488281,15.977509,-8.214966,0.949183,0.005614,-0.314673,-0.178949,0.832116,-0.524939,0.258898,0.554574,0.790835),fov=35.000000,dt=0.020826},
	{cf=CFrame.new(-1.924805,16.128326,-8.323608,0.942727,-0.008597,-0.333453,-0.179273,0.829959,-0.528232,0.281294,0.557758,0.780884),fov=35.000000,dt=0.028602},
	{cf=CFrame.new(-2.170898,16.650543,-8.630371,0.936050,-0.018997,-0.351354,-0.182369,0.827765,-0.530609,0.300919,0.560752,0.771365),fov=35.000000,dt=0.018723},
	{cf=CFrame.new(-2.146973,17.451477,-9.603760,0.928195,-0.028216,-0.371022,-0.187805,0.825270,-0.532597,0.321221,0.564034,0.760712),fov=35.000000,dt=0.018874},
	{cf=CFrame.new(-2.232788,17.901825,-10.392456,0.919092,-0.036339,-0.392363,-0.195502,0.822488,-0.534128,0.342124,0.567620,0.748838),fov=35.000000,dt=0.023170},
	{cf=CFrame.new(-2.434204,18.037201,-10.995850,0.908658,-0.043439,-0.415275,-0.205387,0.819429,-0.535119,0.363534,0.571532,0.735659),fov=35.000000,dt=0.023924},
	{cf=CFrame.new(-2.567505,18.100586,-11.578979,0.896672,-0.049401,-0.439931,-0.217727,0.816047,-0.535409,0.385454,0.575871,0.720970),fov=35.000000,dt=0.021684},
	{cf=CFrame.new(-2.478027,18.416779,-12.407104,0.880306,-0.055352,-0.471166,-0.235199,0.811598,-0.534781,0.411999,0.581588,0.701436),fov=35.000000,dt=0.019112},
	{cf=CFrame.new(-2.204834,19.026886,-13.263794,0.864941,-0.059302,-0.498357,-0.251919,0.807532,-0.533320,0.434066,0.586836,0.683528),fov=35.000000,dt=0.023663},
	{cf=CFrame.new(-2.011963,19.741486,-13.940796,0.847844,-0.062087,-0.526597,-0.270886,0.803029,-0.530816,0.455830,0.592697,0.664025),fov=35.000000,dt=0.019814},
	{cf=CFrame.new(-2.057861,20.189758,-14.295044,0.829166,-0.063793,-0.555351,-0.291734,0.798062,-0.527246,0.476839,0.599189,0.643115),fov=35.000000,dt=0.019422},
	{cf=CFrame.new(-2.107178,20.484436,-14.569824,0.808992,-0.064303,-0.584291,-0.314404,0.792532,-0.522536,0.496670,0.606431,0.620935),fov=35.000000,dt=0.021130},
	{cf=CFrame.new(-2.004150,20.742432,-14.818481,0.787486,-0.063470,-0.613056,-0.338826,0.786310,-0.516637,0.514843,0.614564,0.597702),fov=35.000000,dt=0.019670},
	{cf=CFrame.new(-1.623047,20.944397,-15.075562,0.764925,-0.060806,-0.641243,-0.365188,0.779128,-0.509506,0.530592,0.623908,0.573769),fov=35.000000,dt=0.025356},
	{cf=CFrame.new(-0.960083,21.018768,-15.344727,0.737031,-0.055286,-0.673593,-0.398789,0.769088,-0.499470,0.545667,0.636747,0.544795),fov=35.000000,dt=0.021661},
	{cf=CFrame.new(-0.403931,20.848022,-15.489624,0.713645,-0.048486,-0.698827,-0.428240,0.759281,-0.490002,0.554365,0.648953,0.521094),fov=35.000000,dt=0.023564},
	{cf=CFrame.new(0.085205,20.487457,-15.535034,0.690868,-0.039016,-0.721927,-0.459053,0.747759,-0.479716,0.558544,0.662823,0.498692),fov=35.000000,dt=0.022809},
	{cf=CFrame.new(0.487305,20.039062,-15.492188,0.667963,-0.027811,-0.743675,-0.490863,0.734636,-0.468362,0.559356,0.677891,0.477058),fov=35.000000,dt=0.016900},
	{cf=CFrame.new(0.846191,19.546936,-15.347900,0.644437,-0.015345,-0.764503,-0.523531,0.719860,-0.455759,0.557329,0.693950,0.455871),fov=35.000000,dt=0.019226},
	{cf=CFrame.new(1.082397,19.092743,-15.178833,0.625192,-0.004481,-0.780458,-0.550191,0.706718,-0.444792,0.553557,0.707481,0.439369),fov=35.000000,dt=0.019289},
	{cf=CFrame.new(1.361328,18.474365,-14.892700,0.600620,0.009980,-0.799472,-0.583860,0.688602,-0.430040,0.546227,0.725071,0.419415),fov=35.000000,dt=0.021901},
	{cf=CFrame.new(1.640381,17.646820,-14.450806,0.570410,0.028732,-0.820858,-0.624670,0.664080,-0.410835,0.533311,0.747109,0.396746),fov=35.000000,dt=0.026481},
	{cf=CFrame.new(1.830566,16.913574,-14.038574,0.544643,0.045062,-0.837457,-0.658445,0.641439,-0.393707,0.519436,0.765849,0.379026),fov=35.000000,dt=0.021619},
	{cf=CFrame.new(2.001831,16.150330,-13.559814,0.518352,0.061916,-0.852923,-0.691750,0.616752,-0.375630,0.502785,0.784718,0.362525),fov=35.000000,dt=0.017499},
	{cf=CFrame.new(2.110352,15.516876,-13.131226,0.496946,0.075740,-0.864470,-0.717908,0.595511,-0.360519,0.487496,0.799769,0.350311),fov=35.000000,dt=0.018189},
	{cf=CFrame.new(2.185791,14.867249,-12.671509,0.475215,0.089732,-0.875282,-0.743436,0.573024,-0.344886,0.470611,0.814611,0.339020),fov=35.000000,dt=0.018762},
	{cf=CFrame.new(2.214478,14.038605,-12.066895,0.447594,0.107376,-0.887767,-0.774256,0.543256,-0.324656,0.447424,0.832673,0.326294),fov=35.000000,dt=0.019278},
	{cf=CFrame.new(2.181152,13.204376,-11.437134,0.419468,0.124921,-0.899134,-0.803584,0.511831,-0.303780,0.422256,0.849955,0.315081),fov=35.000000,dt=0.020309},
	{cf=CFrame.new(2.084961,12.375397,-10.793335,0.390783,0.141992,-0.909465,-0.831193,0.478938,-0.282375,0.395483,0.866289,0.305183),fov=35.000000,dt=0.015071},
	{cf=CFrame.new(2.002808,11.881012,-10.390869,0.373290,0.151886,-0.915197,-0.846850,0.458608,-0.269302,0.378814,0.875562,0.299818),fov=35.000000,dt=0.015794},
	{cf=CFrame.new(1.863037,11.229706,-9.852051,0.349680,0.164615,-0.922294,-0.866595,0.430911,-0.251651,0.356002,0.887253,0.293335),fov=35.000000,dt=0.019503},
	{cf=CFrame.new(1.646729,10.432648,-9.179077,0.319748,0.179685,-0.930309,-0.889367,0.395549,-0.229277,0.326785,0.900697,0.286282),fov=35.000000,dt=0.020480},
	{cf=CFrame.new(1.393677,9.655579,-8.503906,0.289427,0.193723,-0.937391,-0.909934,0.359618,-0.206630,0.297074,0.912768,0.280358),fov=35.000000,dt=0.022112},
	{cf=CFrame.new(1.103638,8.910583,-7.840332,0.258771,0.206548,-0.943597,-0.928193,0.323582,-0.183717,0.267384,0.923381,0.275450),fov=35.000000,dt=0.014194},
	{cf=CFrame.new(0.918335,8.477020,-7.449951,0.240289,0.213710,-0.946884,-0.938082,0.301876,-0.169923,0.249527,0.929085,0.273014),fov=35.000000,dt=0.016646},
	{cf=CFrame.new(0.590576,7.786743,-6.812988,0.209367,0.224522,-0.951712,-0.952685,0.266164,-0.146789,0.220354,0.937415,0.269624),fov=35.000000,dt=0.019495},
	{cf=CFrame.new(0.319702,7.256805,-6.312134,0.184617,0.232253,-0.954974,-0.962774,0.237940,-0.128257,0.197439,0.943103,0.267534),fov=35.000000,dt=0.014208},
	{cf=CFrame.new(0.113281,6.871735,-5.942017,0.166081,0.237531,-0.957077,-0.969448,0.217003,-0.114371,0.180522,0.946831,0.266313),fov=35.000000,dt=0.017516},
	{cf=CFrame.new(-0.238037,6.264191,-5.342163,0.135341,0.245126,-0.959998,-0.978834,0.183203,-0.091217,0.153515,0.952024,0.264732),fov=35.000000,dt=0.038747},
	{cf=CFrame.new(-1.103149,4.954742,-3.986206,0.063000,0.257965,-0.964098,-0.993559,0.107377,-0.036194,0.094186,0.960169,0.263068),fov=35.000000,dt=0.028934},
	{cf=CFrame.new(-1.376709,4.571350,-3.553345,0.039577,0.260565,-0.964645,-0.996280,0.084247,-0.018119,0.076548,0.961774,0.262929),fov=35.000000,dt=0.016523},
	{cf=CFrame.new(-1.773682,4.129730,-3.026489,0.010957,0.262672,-0.964823,-0.998357,0.057139,0.004218,0.056237,0.963192,0.262866),fov=35.000000,dt=0.019121},
	{cf=CFrame.new(-2.098877,3.746002,-2.586670,-0.016857,0.263610,-0.964482,-0.999143,0.032039,0.026220,0.037813,0.964097,0.262844),fov=35.000000,dt=0.022752},
	{cf=CFrame.new(-2.469971,3.513977,-2.162842,-0.038425,0.263527,-0.963886,-0.998959,0.013615,0.043546,0.024599,0.964556,0.262729),fov=35.000000,dt=0.017532},
	{cf=CFrame.new(-2.880005,3.005585,-2.056519,-0.068924,0.260632,-0.962974,-0.997597,-0.011180,0.068376,0.007055,0.965373,0.260776),fov=35.000000,dt=0.026265},
	{cf=CFrame.new(-3.972290,2.712189,-1.073486,-0.095791,0.253888,-0.962479,-0.995368,-0.032398,0.090518,-0.008202,0.966691,0.255815),fov=35.000000,dt=0.028012},
	{cf=CFrame.new(-5.356689,2.666199,-0.626099,-0.118481,0.245571,-0.962111,-0.992732,-0.049896,0.109517,-0.021111,0.968094,0.249697),fov=35.000000,dt=0.018924},
	{cf=CFrame.new(-7.229126,3.340881,0.130737,-0.137404,0.237751,-0.961558,-0.990024,-0.063546,0.125760,-0.031204,0.969245,0.244110),fov=35.000000,dt=0.025689},
	{cf=CFrame.new(-7.331177,2.487610,0.435913,-0.155995,0.231583,-0.960226,-0.987010,-0.074376,0.142408,-0.038438,0.969968,0.240176),fov=35.000000,dt=0.028463},
	{cf=CFrame.new(-8.925293,2.839874,0.822754,-0.170335,0.229966,-0.958176,-0.984563,-0.079463,0.155955,-0.040275,0.969949,0.239951),fov=35.000000,dt=0.025580},
	{cf=CFrame.new(-9.680054,2.839844,1.046387,-0.185638,0.233981,-0.954354,-0.981958,-0.079772,0.171450,-0.036015,0.968963,0.244568),fov=35.000000,dt=0.027593},
	{cf=CFrame.new(-8.528809,3.049011,0.266113,-0.192705,0.237723,-0.952025,-0.980753,-0.077744,0.179107,-0.031437,0.968217,0.248129),fov=35.000000,dt=0.020322},
	{cf=CFrame.new(-10.246582,4.012512,1.712036,-0.195148,0.241649,-0.950538,-0.980429,-0.073766,0.182531,-0.026009,0.967556,0.251315),fov=35.000000,dt=0.021779},
	{cf=CFrame.new(-10.175537,3.729828,1.482300,-0.194014,0.245926,-0.949673,-0.980799,-0.068166,0.182721,-0.019800,0.966889,0.254428),fov=35.000000,dt=0.018887},
	{cf=CFrame.new(-9.477661,4.282654,0.964111,-0.191793,0.248711,-0.949399,-0.981310,-0.064064,0.181457,-0.015692,0.966457,0.256349),fov=35.000000,dt=0.015023},
	{cf=CFrame.new(-9.652222,4.038239,1.052856,-0.186954,0.252770,-0.949292,-0.982321,-0.057633,0.178113,-0.009689,0.965808,0.259076),fov=35.000000,dt=0.016626},
	{cf=CFrame.new(-9.897583,5.083649,2.608887,-0.178201,0.258485,-0.949436,-0.983993,-0.048108,0.171590,-0.001322,0.964817,0.262921),fov=35.000000,dt=0.019260},
	{cf=CFrame.new(-10.279785,4.802338,2.398682,-0.169301,0.263617,-0.949654,-0.985546,-0.039366,0.164772,0.006052,0.963824,0.266471),fov=35.000000,dt=0.019371},
	{cf=CFrame.new(-9.581665,5.476624,0.661499,-0.158816,0.269315,-0.949867,-0.987208,-0.029618,0.156661,0.014058,0.962597,0.270573),fov=35.000000,dt=0.017894},
	{cf=CFrame.new(-10.663086,5.670410,2.235229,-0.143712,0.277288,-0.949978,-0.989306,-0.016072,0.144970,0.024930,0.960653,0.276632),fov=35.000000,dt=0.021967},
	{cf=CFrame.new(-10.995117,6.978088,2.637329,-0.122871,0.288317,-0.949619,-0.991644,0.002217,0.128982,0.039293,0.957533,0.285636),fov=35.000000,dt=0.019462},
	{cf=CFrame.new(-9.769043,6.586151,2.973633,-0.107535,0.296627,-0.948919,-0.992962,0.015587,0.117399,0.049614,0.954866,0.292863),fov=35.000000,dt=0.017122},
	{cf=CFrame.new(-9.932129,7.750092,2.546387,-0.086914,0.308241,-0.947329,-0.994201,0.033607,0.102149,0.063323,0.950714,0.303533),fov=35.000000,dt=0.019048},
	{cf=CFrame.new(-10.341431,6.694427,3.794434,-0.064937,0.321246,-0.944766,-0.994855,0.052937,0.086380,0.077762,0.945515,0.316156),fov=35.000000,dt=0.022688},
	{cf=CFrame.new(-9.939575,6.990753,2.997559,-0.041773,0.335780,-0.941013,-0.994807,0.073514,0.070393,0.092814,0.939067,0.330965),fov=35.000000,dt=0.020881},
	{cf=CFrame.new(-9.414185,9.004333,5.143799,-0.022446,0.348790,-0.936932,-0.994187,0.090924,0.057666,0.105303,0.932780,0.344721),fov=35.000000,dt=0.016788},
	{cf=CFrame.new(-9.560303,8.236786,4.021729,0.002531,0.366993,-0.930220,-0.992608,0.113794,0.042194,0.121339,0.923237,0.364568),fov=35.000000,dt=0.024162},
	{cf=CFrame.new(-11.139893,7.639862,5.309326,0.033516,0.391238,-0.919679,-0.989482,0.142554,0.024583,0.140722,0.909182,0.391901),fov=35.000000,dt=0.023673},
	{cf=CFrame.new(-8.337158,10.009674,3.121338,0.065832,0.417258,-0.906400,-0.984943,0.172699,0.007965,0.159858,0.892228,0.422344),fov=35.000000,dt=0.024534},
	{cf=CFrame.new(-9.221558,8.891388,4.677979,0.099779,0.444471,-0.890219,-0.978925,0.204068,-0.007834,0.178183,0.872240,0.455465),fov=35.000000,dt=0.022656},
	{cf=CFrame.new(-9.721069,9.178619,3.847534,0.141761,0.477169,-0.867302,-0.969944,0.242000,-0.025396,0.197769,0.844835,0.497133),fov=35.000000,dt=0.029479},
	{cf=CFrame.new(-8.760254,9.200714,5.746582,0.186396,0.510009,-0.839730,-0.958773,0.281032,-0.042136,0.214502,0.812965,0.541366),fov=35.000000,dt=0.029982},
	{cf=CFrame.new(-6.718262,8.743164,5.774902,0.233617,0.542028,-0.807235,-0.945338,0.320870,-0.058133,0.227508,0.776691,0.587360),fov=35.000000,dt=0.031446},
	{cf=CFrame.new(-7.600952,9.624146,6.861816,0.290458,0.576225,-0.763937,-0.927110,0.367083,-0.075613,0.236858,0.730216,0.640845),fov=35.000000,dt=0.032558},
	{cf=CFrame.new(-7.593384,9.309967,7.443970,0.342045,0.602651,-0.720983,-0.908625,0.407748,-0.090239,0.239596,0.685969,0.687052),fov=35.000000,dt=0.029951},
	{cf=CFrame.new(-7.003296,9.329498,7.970703,0.401933,0.627393,-0.666954,-0.884684,0.453952,-0.106121,0.236186,0.632698,0.737503),fov=35.000000,dt=0.031587},
	{cf=CFrame.new(-6.267578,10.587036,8.437134,0.454201,0.643226,-0.616410,-0.861319,0.493854,-0.119324,0.227664,0.585123,0.778332),fov=35.000000,dt=0.029745},
	{cf=CFrame.new(-8.125977,8.140411,9.759399,0.505377,0.653066,-0.564003,-0.835825,0.532925,-0.131863,0.214456,0.538048,0.815177),fov=35.000000,dt=0.027789},
	{cf=CFrame.new(-6.619629,8.984222,11.777466,0.547782,0.656467,-0.518639,-0.812361,0.565566,-0.142144,0.200012,0.499186,0.843095),fov=35.000000,dt=0.027985},
	{cf=CFrame.new(-6.864380,9.086487,14.086060,0.594960,0.654591,-0.466405,-0.783253,0.602414,-0.153664,0.180382,0.456737,0.871122),fov=35.000000,dt=0.026057},
	{cf=CFrame.new(-7.758057,7.860962,13.655762,0.633111,0.648395,-0.422794,-0.756972,0.632758,-0.163130,0.161754,0.423323,0.891422),fov=35.000000,dt=0.029447},
	{cf=CFrame.new(-6.594971,8.900299,17.210083,0.674659,0.635858,-0.374859,-0.724880,0.666541,-0.173989,0.139227,0.389112,0.910609),fov=35.000000,dt=0.027591},
	{cf=CFrame.new(-6.722900,8.580292,19.589478,0.707661,0.621337,-0.336387,-0.696346,0.693955,-0.183112,0.119663,0.363823,0.923750),fov=35.000000,dt=0.025417},
	{cf=CFrame.new(-7.756714,7.869568,21.259888,0.743125,0.600610,-0.295012,-0.662044,0.724011,-0.193663,0.097276,0.339227,0.935661),fov=35.000000,dt=0.028569},
	{cf=CFrame.new(-6.491211,7.526093,24.634033,0.775343,0.576295,-0.258316,-0.626899,0.751818,-0.204372,0.076429,0.320396,0.944195),fov=35.000000,dt=0.033310},
	{cf=CFrame.new(-6.781372,7.586945,28.984009,0.808438,0.545324,-0.221470,-0.586030,0.780776,-0.216699,0.054747,0.304976,0.950785),fov=35.000000,dt=0.027849},
	{cf=CFrame.new(-5.627930,5.514343,31.682373,0.834295,0.516331,-0.193273,-0.550011,0.803628,-0.227309,0.037954,0.295945,0.954451),fov=35.000000,dt=0.029239},
	{cf=CFrame.new(-6.403564,5.572235,35.619751,0.860549,0.482086,-0.164463,-0.508939,0.827007,-0.238834,0.020874,0.289230,0.957032),fov=35.000000,dt=0.033814},
	{cf=CFrame.new(-5.133911,5.256714,40.409180,0.880823,0.451860,-0.141327,-0.473389,0.845171,-0.248169,0.007308,0.285496,0.958352),fov=35.000000,dt=0.032371},
	{cf=CFrame.new(-6.313965,4.918152,46.331909,0.901092,0.417751,-0.116263,-0.433567,0.863461,-0.257790,-0.007303,0.282701,0.959180),fov=35.000000,dt=0.030558},
	{cf=CFrame.new(-4.420654,4.181610,49.171021,0.918458,0.384780,-0.091537,-0.394911,0.879326,-0.266140,-0.021914,0.280587,0.959578),fov=35.000000,dt=0.031885},
	{cf=CFrame.new(-3.087646,2.938599,54.995850,0.931413,0.357301,-0.069324,-0.362228,0.891424,-0.272311,-0.035499,0.278745,0.959709),fov=35.000000,dt=0.033181},
	{cf=CFrame.new(-2.998657,1.944366,57.983765,0.942294,0.331678,-0.045519,-0.330892,0.901998,-0.277327,-0.050925,0.276385,0.959697),fov=35.000000,dt=0.032588},
	{cf=CFrame.new(-1.089233,1.028809,64.327637,0.952256,0.304882,-0.015954,-0.296871,0.912507,-0.281423,-0.071242,0.272723,0.959451),fov=35.000000,dt=0.024500},
	{cf=CFrame.new(0.501587,0.158630,65.921021,0.957944,0.286821,0.008767,-0.272706,0.919461,-0.283237,-0.089299,0.268934,0.959010),fov=35.000000,dt=0.028679},
	{cf=CFrame.new(3.467285,-1.036621,69.660278,0.962912,0.265805,0.046339,-0.242467,0.927800,-0.283544,-0.118361,0.261793,0.957839),fov=35.000000,dt=0.033033},
	{cf=CFrame.new(6.557251,-1.578918,72.771851,0.964535,0.250111,0.084358,-0.217996,0.935016,-0.279683,-0.148828,0.251374,0.956379),fov=35.000000,dt=0.030127},
	{cf=CFrame.new(10.792480,-2.297180,75.798462,0.962860,0.234375,0.134050,-0.192296,0.943780,-0.268887,-0.189534,0.233124,0.953798),fov=35.000000,dt=0.031487},
	{cf=CFrame.new(14.783325,-1.948059,77.951904,0.957919,0.221508,0.182554,-0.171564,0.951719,-0.254551,-0.230125,0.212519,0.949673),fov=35.000000,dt=0.028282},
	{cf=CFrame.new(19.042480,-0.995148,78.918579,0.949360,0.208508,0.235030,-0.152264,0.959668,-0.236331,-0.274827,0.188577,0.942820),fov=35.000000,dt=0.032189},
	{cf=CFrame.new(25.528931,-0.197052,79.890747,0.936733,0.194644,0.290939,-0.134325,0.967394,-0.214722,-0.323247,0.162057,0.932336),fov=35.000000,dt=0.027847},
	{cf=CFrame.new(29.977295,2.233734,80.577148,0.919567,0.179308,0.349636,-0.117693,0.974646,-0.190297,-0.374893,0.133841,0.917356),fov=35.000000,dt=0.027791},
	{cf=CFrame.new(35.331543,2.556061,79.972534,0.900737,0.164716,0.401921,-0.104427,0.980289,-0.167714,-0.421624,0.109094,0.900184),fov=35.000000,dt=0.027390},
	{cf=CFrame.new(40.943359,4.695740,78.404175,0.873800,0.145787,0.463918,-0.090079,0.986018,-0.140193,-0.477870,0.080712,0.874715),fov=35.000000,dt=0.028941},
	{cf=CFrame.new(46.531494,6.950592,76.162354,0.841024,0.124969,0.526366,-0.076933,0.990693,-0.112286,-0.535499,0.053940,0.842811),fov=35.000000,dt=0.027563},
	{cf=CFrame.new(51.623901,7.816223,73.815430,0.807850,0.105876,0.579801,-0.066567,0.993829,-0.088731,-0.585617,0.033086,0.809913),fov=35.000000,dt=0.025413},
	{cf=CFrame.new(57.699097,10.665649,70.049438,0.763522,0.082211,0.640528,-0.055584,0.996549,-0.061649,-0.643385,0.011467,0.765457),fov=35.000000,dt=0.026208},
	{cf=CFrame.new(62.072998,12.552185,65.888306,0.720956,0.061170,0.690276,-0.047075,0.998118,-0.039282,-0.691380,-0.004174,0.722480),fov=35.000000,dt=0.028101},
	{cf=CFrame.new(66.412964,14.032990,62.241211,0.674983,0.040002,0.736748,-0.039391,0.999059,-0.018156,-0.736781,-0.016766,0.675924),fov=35.000000,dt=0.026839},
	{cf=CFrame.new(70.526123,15.762329,57.298828,0.618515,0.016025,0.785610,-0.031443,0.999496,0.004368,-0.785143,-0.027403,0.618707),fov=35.000000,dt=0.026609},
	{cf=CFrame.new(74.818604,17.886841,52.564331,0.569794,-0.002644,0.821783,-0.025452,0.999458,0.020863,-0.821393,-0.032804,0.569418),fov=35.000000,dt=0.027115},
