-- Camera Stuff, Hi!
local Players = game:GetService('Players')
local RunService = game:GetService('RunService')

local player = Players.LocalPlayer
local camera = workspace.CurrentCamera

local root = player.Character:WaitForChild('HumanoidRootPart')

camera.CameraType = Enum.CameraType.Scriptable

local frames = {
	{cf=CFrame.new(-8.678749,8.615433,5.504547,0.535608,0.480699,-0.694300,0.000000,0.822176,0.569234,0.844467,-0.304887,0.440364),fov=70.000000,dt=0.028100},
	{cf=CFrame.new(-8.678749,8.615433,5.504532,0.535608,0.480699,-0.694300,0.000000,0.822176,0.569234,0.844467,-0.304887,0.440364),fov=70.000000,dt=0.025575},
	{cf=CFrame.new(-8.678749,8.615433,5.504547,0.535608,0.480699,-0.694300,0.000000,0.822176,0.569234,0.844467,-0.304887,0.440364),fov=70.000000,dt=0.045589},
	{cf=CFrame.new(-8.678749,8.615433,5.504547,0.535608,0.480699,-0.694300,0.000000,0.822176,0.569234,0.844467,-0.304887,0.440364),fov=70.000000,dt=0.025347},
	{cf=CFrame.new(-8.678749,8.615433,5.504547,0.535608,0.480699,-0.694300,0.000000,0.822176,0.569234,0.844467,-0.304887,0.440364),fov=70.000000,dt=0.017762},
	{cf=CFrame.new(-8.678749,8.615433,5.504547,0.535608,0.480699,-0.694300,0.000000,0.822176,0.569234,0.844467,-0.304887,0.440364),fov=70.000000,dt=0.013446},
	{cf=CFrame.new(-8.678612,8.615433,5.504745,0.535629,0.480692,-0.694289,0.000000,0.822176,0.569234,0.844453,-0.304898,0.440381),fov=70.000000,dt=0.018604},
	{cf=CFrame.new(-8.678612,8.615433,5.504745,0.535629,0.480692,-0.694289,0.000000,0.822176,0.569234,0.844453,-0.304898,0.440381),fov=70.000000,dt=0.021992},
	{cf=CFrame.new(5.214729,0.369217,-7.423187,0.383626,-0.076444,0.920319,0.000603,0.996589,0.082528,-0.923489,-0.031105,0.382363),fov=70.000000,dt=0.031229},
	{cf=CFrame.new(5.143295,0.342819,-7.547348,0.369631,-0.080287,0.925703,0.000788,0.996287,0.086094,-0.929178,-0.031094,0.368322),fov=70.000000,dt=0.007147},
	{cf=CFrame.new(5.071854,0.316422,-7.671494,0.355569,-0.084204,0.930849,0.000991,0.995967,0.089716,-0.934649,-0.030978,0.354218),fov=70.000000,dt=0.014755},
	{cf=CFrame.new(4.928978,0.263626,-7.919815,0.327269,-0.091972,0.940445,0.001166,0.995291,0.096930,-0.944931,-0.030626,0.325835),fov=70.000000,dt=0.031586},
	{cf=CFrame.new(4.786110,0.210846,-8.168121,0.298547,-0.099745,0.949168,0.001116,0.994560,0.104164,-0.954394,-0.030039,0.297034),fov=70.000000,dt=0.044603},
	{cf=CFrame.new(4.643234,0.158051,-8.416428,0.269624,-0.107514,0.956945,0.000849,0.993774,0.111412,-0.962965,-0.029226,0.268036),fov=70.000000,dt=0.034212},
	{cf=CFrame.new(4.428917,0.078857,-8.788895,0.225818,-0.118997,0.966874,-0.000009,0.992511,0.122154,-0.974169,-0.027593,0.224126),fov=70.000000,dt=0.043418},
	{cf=CFrame.new(4.674973,0.337936,-9.322556,0.285997,-0.132827,0.948980,-0.008296,0.989966,0.141064,-0.958195,-0.048217,0.282026),fov=70.000000,dt=0.047297},
	{cf=CFrame.new(4.839020,0.510651,-9.678329,0.323783,-0.139934,0.935726,-0.001834,0.988908,0.148521,-0.946130,-0.049805,0.319935),fov=70.000000,dt=0.037175},
	{cf=CFrame.new(5.003067,0.683380,-10.034103,0.372140,-0.142335,0.917198,-0.001765,0.988062,0.154048,-0.928175,-0.058946,0.367446),fov=70.000000,dt=0.031487},
	{cf=CFrame.new(5.085075,0.769730,-10.211975,0.389746,-0.148346,0.908895,-0.001181,0.986859,0.161578,-0.920921,-0.064048,0.384450),fov=70.000000,dt=0.026667},
	{cf=CFrame.new(5.249123,0.942444,-10.567749,0.410285,-0.156671,0.898399,-0.017559,0.983593,0.179547,-0.911788,-0.089441,0.400802),fov=70.000000,dt=0.031595},
	{cf=CFrame.new(5.413155,1.115173,-10.923538,0.454193,-0.155056,0.877306,0.008674,0.985461,0.169681,-0.890861,-0.069459,0.448934),fov=70.000000,dt=0.027178},
	{cf=CFrame.new(5.450363,1.305557,-12.174973,0.503350,-0.152337,0.850548,0.003944,0.984731,0.174036,-0.864074,-0.084246,0.496265),fov=70.000000,dt=0.033002},
	{cf=CFrame.new(5.405563,1.409576,-13.248505,0.536096,-0.137792,0.832835,0.007322,0.987310,0.158637,-0.844125,-0.078946,0.530302),fov=70.000000,dt=0.020698},
	{cf=CFrame.new(5.360756,1.513611,-14.322037,0.568112,-0.123414,0.813645,0.010028,0.989656,0.143110,-0.822890,-0.073143,0.563473),fov=70.000000,dt=0.014460},
	{cf=CFrame.new(5.315941,1.617630,-15.395599,0.599269,-0.109259,0.793057,0.012169,0.991772,0.127441,-0.800455,-0.066721,0.595668),fov=70.000000,dt=0.012707},
	{cf=CFrame.new(5.315941,1.617630,-15.395599,0.599269,-0.109259,0.793057,0.012169,0.991772,0.127441,-0.800455,-0.066721,0.595668),fov=70.000000,dt=0.008130},
	{cf=CFrame.new(5.271133,1.721664,-16.469131,0.629607,-0.095382,0.771036,0.013710,0.993645,0.111725,-0.776792,-0.059772,0.626914),fov=70.000000,dt=0.014105},
	{cf=CFrame.new(5.226318,1.825684,-17.542679,0.659016,-0.081688,0.747680,0.014604,0.995287,0.095869,-0.751987,-0.052260,0.657103),fov=70.000000,dt=0.017877},
	{cf=CFrame.new(5.181519,1.929718,-18.616226,0.687453,-0.068275,0.723012,0.014924,0.996689,0.079928,-0.726075,-0.044157,0.686196),fov=70.000000,dt=0.016657},
	{cf=CFrame.new(5.136711,2.033752,-19.689774,0.714883,-0.055228,0.697060,0.014603,0.997838,0.064082,-0.699091,-0.035632,0.714144),fov=70.000000,dt=0.016542},
	{cf=CFrame.new(5.091896,2.137772,-20.763321,0.741269,-0.042497,0.669861,0.013710,0.998744,0.048191,-0.671068,-0.026538,0.740921),fov=70.000000,dt=0.016828},
	{cf=CFrame.new(5.047096,2.241806,-21.836868,0.766576,-0.030052,0.641450,0.012131,0.999404,0.032324,-0.642038,-0.016997,0.766484),fov=70.000000,dt=0.016696},
	{cf=CFrame.new(5.002274,2.345825,-22.910416,0.790708,-0.018069,0.611927,0.010029,0.999813,0.016563,-0.612112,-0.006960,0.790741),fov=70.000000,dt=0.015413},
	{cf=CFrame.new(4.957474,2.449860,-23.983948,0.813638,-0.006375,0.581337,0.007271,0.999973,0.000789,-0.581326,0.003584,0.813662),fov=70.000000,dt=0.016255},
	{cf=CFrame.new(4.912666,2.553879,-25.057495,0.835337,0.004798,0.549717,0.003971,0.999883,-0.014760,-0.549724,0.014512,0.835221),fov=70.000000,dt=0.017835},
	{cf=CFrame.new(4.867851,2.657913,-26.131042,0.855778,0.015626,0.517108,-0.000004,0.999544,-0.030198,-0.517344,0.025840,0.855387),fov=70.000000,dt=0.016633},
	{cf=CFrame.new(4.867004,2.515900,-27.217270,0.850237,0.026257,0.525745,-0.000802,0.998819,-0.048588,-0.526400,0.040890,0.849253),fov=70.000000,dt=0.017110},
	{cf=CFrame.new(4.866142,2.373871,-28.303497,0.844607,0.037040,0.534104,-0.001404,0.997754,-0.066974,-0.535385,0.055817,0.842762),fov=70.000000,dt=0.016438},
	{cf=CFrame.new(4.865295,2.231857,-29.389725,0.838890,0.047971,0.542183,-0.001813,0.996349,-0.085351,-0.544298,0.070617,0.835914),fov=70.000000,dt=0.016396},
	{cf=CFrame.new(4.864441,2.089844,-30.475952,0.833042,0.058967,0.550058,-0.001940,0.994608,-0.103686,-0.553207,0.085308,0.828665),fov=70.000000,dt=0.016314},
	{cf=CFrame.new(4.863586,1.947815,-31.562180,0.827108,0.070187,0.557643,-0.001955,0.992525,-0.122024,-0.562039,0.099837,0.821063),fov=70.000000,dt=0.015765},
	{cf=CFrame.new(4.862732,1.805801,-32.648422,0.821093,0.081544,0.564939,-0.001775,0.990103,-0.140333,-0.570791,0.114224,0.813112),fov=70.000000,dt=0.018409},
	{cf=CFrame.new(4.861885,1.663788,-33.734650,0.815005,0.092951,0.571950,-0.001318,0.987345,-0.158581,-0.579452,0.128491,0.804814),fov=70.000000,dt=0.015773},
	{cf=CFrame.new(4.861023,1.521774,-34.820877,0.808784,0.104550,0.578738,-0.000769,0.984259,-0.176733,-0.588106,0.142494,0.796133),fov=70.000000,dt=0.017088},
	{cf=CFrame.new(4.860176,1.379745,-35.907104,0.802541,0.116266,0.585158,-0.000034,0.980836,-0.194837,-0.596596,0.156345,0.787165),fov=70.000000,dt=0.016727},
	{cf=CFrame.new(4.890617,1.554810,-36.884064,0.807127,0.088332,0.583733,-0.001518,0.989051,-0.147567,-0.590376,0.118219,0.798424),fov=70.000000,dt=0.017345},
	{cf=CFrame.new(4.921074,1.729874,-37.861023,0.811686,0.060553,0.580947,-0.002630,0.994981,-0.100035,-0.584088,0.079669,0.807771),fov=70.000000,dt=0.014541},
	{cf=CFrame.new(4.951515,1.904922,-38.837982,0.816264,0.032923,0.576740,-0.003425,0.998633,-0.052160,-0.577669,0.040601,0.815261),fov=70.000000,dt=0.017969},
	{cf=CFrame.new(4.981972,2.079987,-39.814941,0.820750,0.005491,0.571262,-0.003734,0.999984,-0.004247,-0.571276,0.001353,0.820757),fov=70.000000,dt=0.017035},
	{cf=CFrame.new(5.012413,2.255051,-40.791901,0.825237,-0.021584,0.564374,-0.003777,0.999036,0.043730,-0.564774,-0.038219,0.824360),fov=70.000000,dt=0.018091},
	{cf=CFrame.new(5.042870,2.430115,-41.768875,0.829668,-0.048284,0.556165,-0.003417,0.995795,0.091549,-0.558246,-0.077856,0.826014),fov=70.000000,dt=0.015588},
	{cf=CFrame.new(5.073318,2.605164,-42.745834,0.834031,-0.074669,0.546642,-0.002600,0.990256,0.139232,-0.551712,-0.117545,0.825710),fov=70.000000,dt=0.016190},
	{cf=CFrame.new(5.103775,2.780228,-43.722778,0.838322,-0.100502,0.535831,-0.001465,0.982442,0.186562,-0.545173,-0.157184,0.823456),fov=70.000000,dt=0.016357},
	{cf=CFrame.new(5.134209,2.955292,-44.699753,0.842488,-0.125723,0.523839,0.000000,0.972387,0.233375,-0.538715,-0.196616,0.819225),fov=70.000000,dt=0.018573},
	{cf=CFrame.new(5.420479,2.668198,-46.924820,0.719434,-0.155762,0.676869,-0.003753,0.973643,0.228046,-0.694550,-0.166605,0.699888),fov=70.000000,dt=0.015868},
	{cf=CFrame.new(5.706734,2.381119,-49.149902,0.567976,-0.179176,0.803305,-0.006337,0.975035,0.221961,-0.823020,-0.131159,0.552661),fov=70.000000,dt=0.016571},
	{cf=CFrame.new(5.992996,2.094025,-51.374969,0.394213,-0.195104,0.898071,-0.007725,0.976467,0.215526,-0.918987,-0.091901,0.383429),fov=70.000000,dt=0.016937},
	{cf=CFrame.new(6.279251,1.806946,-53.600052,0.204760,-0.202978,0.957535,-0.007694,0.977898,0.208940,-0.978782,-0.050150,0.198673),fov=70.000000,dt=0.017167},
	{cf=CFrame.new(6.565514,1.519867,-55.825119,0.007360,-0.202542,0.979246,-0.006364,0.979243,0.202589,-0.999953,-0.007723,0.005919),fov=70.000000,dt=0.018486},
	{cf=CFrame.new(6.851768,1.232773,-58.050201,-0.190363,-0.193604,0.962434,-0.003779,0.980498,0.196491,-0.981706,0.033768,-0.187382),fov=70.000000,dt=0.015778},
	{cf=CFrame.new(6.977516,0.987152,-60.987396,-0.359007,-0.223401,0.906204,-0.003397,0.971238,0.238087,-0.933329,0.082397,-0.349440),fov=70.000000,dt=0.018914},
	{cf=CFrame.new(6.816994,1.028610,-61.699524,-0.337139,-0.269777,0.901974,-0.005645,0.958626,0.284612,-0.941438,0.090862,-0.324713),fov=70.000000,dt=0.017964},
	{cf=CFrame.new(6.656479,1.070053,-62.411652,-0.314978,-0.315661,0.895068,-0.006722,0.943790,0.330479,-0.949075,0.098077,-0.299395),fov=70.000000,dt=0.017212},
	{cf=CFrame.new(6.495956,1.111511,-63.123779,-0.292655,-0.360970,0.885468,-0.006762,0.926769,0.375572,-0.956194,0.103925,-0.273664),fov=70.000000,dt=0.022770},
	{cf=CFrame.new(6.335442,1.152969,-63.835907,-0.270234,-0.405586,0.873197,-0.005650,0.907593,0.419814,-0.962778,0.108515,-0.247554),fov=70.000000,dt=0.018345},
	{cf=CFrame.new(6.174927,1.194427,-64.548019,-0.247662,-0.449419,0.858304,-0.003360,0.886297,0.463106,-0.968841,0.111809,-0.221012),fov=70.000000,dt=0.015286},
	{cf=CFrame.new(6.014404,1.235886,-65.260147,-0.225085,-0.492270,0.840837,-0.000028,0.862985,0.505229,-0.974339,0.113696,-0.194259),fov=70.000000,dt=0.023334},
	{cf=CFrame.new(6.014404,1.235886,-65.260147,-0.209455,-0.519949,0.828119,0.048176,0.840389,0.539838,-0.976631,0.152967,-0.150974),fov=70.000000,dt=0.017888},
	{cf=CFrame.new(6.014404,1.235886,-65.260147,-0.225085,-0.492270,0.840837,-0.000028,0.862985,0.505229,-0.974339,0.113696,-0.194259),fov=70.000000,dt=0.018298},
	{cf=CFrame.new(4.843544,1.095810,-65.368927,0.081660,-0.481984,0.872366,0.057962,0.876105,0.478624,-0.994973,0.011480,0.099479),fov=70.000000,dt=0.016274},
	{cf=CFrame.new(3.672707,0.955734,-65.477676,0.381506,-0.440851,0.812467,0.103933,0.893829,0.436196,-0.918505,-0.081969,0.386820),fov=70.000000,dt=0.024397},
	{cf=CFrame.new(2.501839,0.815643,-65.586426,0.645005,-0.372783,0.667084,0.133481,0.914483,0.381973,-0.752430,-0.157332,0.639606),fov=70.000000,dt=0.014980},
	{cf=CFrame.new(1.330994,0.675568,-65.695190,0.846262,-0.284552,0.450413,0.143664,0.935985,0.321391,-0.513032,-0.207273,0.832968),fov=70.000000,dt=0.016822},
	{cf=CFrame.new(0.160149,0.535492,-65.803955,0.965437,-0.184780,0.183812,0.133433,0.956227,0.260433,-0.223889,-0.226905,0.947833),fov=70.000000,dt=0.011369},
	{cf=CFrame.new(0.160149,0.535492,-65.803955,0.965437,-0.184780,0.183812,0.133433,0.956227,0.260433,-0.223889,-0.226905,0.947833),fov=70.000000,dt=0.014058},
	{cf=CFrame.new(-2.181557,0.255341,-66.021469,0.919930,0.009759,-0.391960,0.057956,0.985324,0.160555,0.387775,-0.170416,0.905864),fov=70.000000,dt=0.019928},
	{cf=CFrame.new(-2.181557,0.255341,-66.021469,0.919930,0.009759,-0.391960,0.057956,0.985324,0.160555,0.387775,-0.170416,0.905864),fov=70.000000,dt=0.011103},
	{cf=CFrame.new(-3.749550,-0.021393,-68.034889,0.647879,0.063570,-0.759086,0.021951,0.994540,0.102023,0.761427,-0.082761,0.642946),fov=70.000000,dt=0.021778},
	{cf=CFrame.new(-3.749550,-0.021393,-68.034889,0.647879,0.063570,-0.759086,0.021951,0.994540,0.102023,0.761427,-0.082761,0.642946),fov=70.000000,dt=0.010804},
	{cf=CFrame.new(-4.146683,-0.158051,-69.939545,0.519279,0.039053,-0.853712,0.038902,0.996840,0.069263,0.853719,-0.069178,0.516118),fov=70.000000,dt=0.016694},
	{cf=CFrame.new(-4.543808,-0.294708,-71.844208,0.377141,0.012695,-0.926069,0.050494,0.998137,0.034247,0.924778,-0.059677,0.375797),fov=70.000000,dt=0.019066},
	{cf=CFrame.new(-4.940956,-0.431366,-73.748871,0.225425,-0.014946,-0.974146,0.056391,0.998406,-0.002269,0.972627,-0.054421,0.225908),fov=70.000000,dt=0.015697},
	{cf=CFrame.new(-5.338089,-0.568024,-75.653534,0.067945,-0.043054,-0.996760,0.056355,0.997639,-0.039251,0.996096,-0.053506,0.070211),fov=70.000000,dt=0.013930},
	{cf=CFrame.new(-5.735222,-0.704681,-77.558182,-0.091230,-0.070812,-0.993309,0.050446,0.995859,-0.075627,0.994551,-0.057008,-0.087280),fov=70.000000,dt=0.018235},
	{cf=CFrame.new(-6.132362,-0.841339,-79.462845,-0.247834,-0.097640,-0.963870,0.038875,0.993105,-0.110598,0.968022,-0.064881,-0.242329),fov=70.000000,dt=0.016001},
	{cf=CFrame.new(-6.529495,-0.977997,-81.367508,-0.397812,-0.122791,-0.909213,0.021931,0.989448,-0.143222,0.917205,-0.076915,-0.390921),fov=70.000000,dt=0.018681},
	{cf=CFrame.new(-6.926620,-1.114655,-83.272171,-0.537233,-0.145521,-0.830785,0.000008,0.985003,-0.172539,0.843434,-0.092701,-0.529175),fov=70.000000,dt=0.016104},
	{cf=CFrame.new(-6.438255,-1.122116,-84.754578,-0.597862,-0.131857,-0.790679,-0.003191,0.986762,-0.162144,0.801592,-0.094417,-0.590369),fov=70.000000,dt=0.015787},
	{cf=CFrame.new(-5.949875,-1.129593,-86.237000,-0.655240,-0.118051,-0.746140,-0.005680,0.988456,-0.151401,0.755400,-0.094966,-0.648346),fov=70.000000,dt=0.017283},
	{cf=CFrame.new(-5.461502,-1.137054,-87.719421,-0.709128,-0.104196,-0.697339,-0.007256,0.990047,-0.140553,0.705043,-0.094610,-0.702826),fov=70.000000,dt=0.017966},
	{cf=CFrame.new(-4.973129,-1.144516,-89.201851,-0.759092,-0.090479,-0.644665,-0.008089,0.991529,-0.129636,0.650933,-0.093191,-0.753393),fov=70.000000,dt=0.014996},
	{cf=CFrame.new(-4.484749,-1.151978,-90.684250,-0.804994,-0.076875,-0.588281,-0.008103,0.992902,-0.118661,0.593227,-0.090755,-0.799903),fov=70.000000,dt=0.017029},
	{cf=CFrame.new(-3.996384,-1.159454,-92.166672,-0.846524,-0.063427,-0.528560,-0.007309,0.994168,-0.107594,0.532301,-0.087218,-0.842050),fov=70.000000,dt=0.018377},
	{cf=CFrame.new(-3.507996,-1.166916,-93.649094,-0.883454,-0.050266,-0.465815,-0.005628,0.995295,-0.096729,0.468485,-0.082834,-0.879580),fov=70.000000,dt=0.014065},
	{cf=CFrame.new(-3.019623,-1.174377,-95.131516,-0.915580,-0.037487,-0.400385,-0.003196,0.996292,-0.085971,0.402124,-0.077434,-0.912305),fov=70.000000,dt=0.018367},
	{cf=CFrame.new(-2.531242,-1.181854,-96.613922,-0.942696,-0.025154,-0.332702,-0.000011,0.997156,-0.075360,0.333652,-0.071038,-0.940016),fov=70.000000,dt=0.016273},
	{cf=CFrame.new(-1.366524,-0.918213,-97.241905,-0.988177,-0.037981,-0.148544,-0.037930,0.999275,-0.003180,0.148557,0.002492,-0.988901),fov=70.000000,dt=0.014838},
	{cf=CFrame.new(-0.201790,-0.654572,-97.869873,-0.997138,-0.064469,0.039488,-0.061386,0.995304,0.074849,-0.044128,0.072211,-0.996413),fov=70.000000,dt=0.018771},
	{cf=CFrame.new(0.962944,-0.390930,-98.497849,-0.969212,-0.103414,0.223459,-0.069306,0.985412,0.155436,-0.236273,0.135164,-0.962240),fov=70.000000,dt=0.015939},
	{cf=CFrame.new(2.127670,-0.127304,-99.125809,-0.905559,-0.153154,0.395608,-0.061363,0.970038,0.235076,-0.419758,0.188600,-0.887825),fov=70.000000,dt=0.015473},
	{cf=CFrame.new(3.292404,0.136337,-99.753784,-0.808938,-0.211661,0.548469,-0.037959,0.949798,0.310552,-0.586667,0.230398,-0.776362),fov=70.000000,dt=0.018533},
	{cf=CFrame.new(4.457123,0.399979,-100.381760,-0.683411,-0.276366,0.675701,0.000037,0.925562,0.378597,-0.730034,0.258762,-0.632529),fov=70.000000,dt=0.017973},
	{cf=CFrame.new(4.457123,0.399979,-100.381760,-0.683664,-0.267692,0.678929,0.035891,0.916840,0.397638,-0.728914,0.296218,-0.617203),fov=70.000000,dt=0.014007},
	{cf=CFrame.new(4.457123,0.399979,-100.381760,-0.683411,-0.276366,0.675701,0.000037,0.925562,0.378597,-0.730034,0.258762,-0.632529),fov=70.000000,dt=0.026020},
	{cf=CFrame.new(5.077118,0.494324,-99.985428,-0.488372,-0.302774,0.818426,0.013800,0.935081,0.354165,-0.872526,0.184258,-0.452489),fov=70.000000,dt=0.017020},
	{cf=CFrame.new(5.077118,0.494324,-99.985428,-0.488372,-0.302774,0.818426,0.013800,0.935081,0.354165,-0.872526,0.184258,-0.452489),fov=70.000000,dt=0.008430},
	{cf=CFrame.new(5.697121,0.588669,-99.589096,-0.264639,-0.310254,0.913076,0.020934,0.944762,0.327088,-0.964120,0.105675,-0.243526),fov=70.000000,dt=0.014302},
	{cf=CFrame.new(6.317116,0.682999,-99.192764,-0.025376,-0.298482,0.954078,0.020939,0.954017,0.299020,-0.999459,0.027566,-0.017959),fov=70.000000,dt=0.018966},
	{cf=CFrame.new(7.557098,0.871689,-98.400116,0.443051,-0.220753,0.868893,-0.000007,0.969208,0.246244,-0.896497,-0.109104,0.429407),fov=70.000000,dt=0.019159},
	{cf=CFrame.new(7.114418,0.736496,-98.676727,0.509522,-0.196872,0.837633,0.008099,0.974528,0.224120,-0.860419,-0.107410,0.498138),fov=70.000000,dt=0.016879},
	{cf=CFrame.new(7.114418,0.736496,-98.676727,0.509522,-0.196872,0.837633,0.008099,0.974528,0.224120,-0.860419,-0.107410,0.498138),fov=70.000000,dt=0.014923},
	{cf=CFrame.new(6.671745,0.601303,-98.953339,0.573198,-0.173139,0.800916,0.014453,0.979406,0.201381,-0.819289,-0.103856,0.563896),fov=70.000000,dt=0.013299},
	{cf=CFrame.new(6.229057,0.466110,-99.229965,0.633627,-0.149560,0.759044,0.018967,0.983844,0.178021,-0.773406,-0.098402,0.626227),fov=70.000000,dt=0.018094},
	{cf=CFrame.new(5.786385,0.330917,-99.506577,0.690501,-0.126554,0.712174,0.021776,0.987766,0.154414,-0.723004,-0.091115,0.684809),fov=70.000000,dt=0.017836},
	{cf=CFrame.new(5.343719,0.195724,-99.783203,0.743432,-0.103999,0.660676,0.022621,0.991181,0.130570,-0.668429,-0.082125,0.739228),fov=70.000000,dt=0.014659},
	{cf=CFrame.new(4.901031,0.060516,-100.059822,0.792144,-0.082209,0.604772,0.021765,0.994062,0.106620,-0.609946,-0.071295,0.789229),fov=70.000000,dt=0.017679},
	{cf=CFrame.new(4.458351,-0.074677,-100.336426,0.836239,-0.061198,0.544939,0.018974,0.996387,0.082780,-0.548036,-0.058884,0.834379),fov=70.000000,dt=0.018153},
	{cf=CFrame.new(4.015686,-0.209869,-100.613052,0.875460,-0.041201,0.481531,0.014449,0.998145,0.059135,-0.483075,-0.044813,0.874432),fov=70.000000,dt=0.017040},
	{cf=CFrame.new(3.573006,-0.345062,-100.889664,0.909582,-0.022260,0.414927,0.008101,0.999324,0.035855,-0.415445,-0.029252,0.909148),fov=70.000000,dt=0.015023},
	{cf=CFrame.new(3.130333,-0.480255,-101.166267,0.938402,-0.004567,0.345516,0.000022,0.999913,0.013156,-0.345546,-0.012338,0.938321),fov=70.000000,dt=0.017071},
	{cf=CFrame.new(2.875977,-0.493378,-101.498840,0.951793,-0.003146,0.306726,0.000948,0.999973,0.007314,-0.306741,-0.006671,0.951770),fov=70.000000,dt=0.016777},
	{cf=CFrame.new(2.621620,-0.506500,-101.831390,0.963591,-0.002045,0.267374,0.001719,0.999997,0.001454,-0.267376,-0.000941,0.963592),fov=70.000000,dt=0.014713},
	{cf=CFrame.new(2.367271,-0.519623,-102.163956,0.973736,-0.001105,0.227678,0.002154,0.999988,-0.004357,-0.227671,0.004733,0.973727),fov=70.000000,dt=0.019322},
	{cf=CFrame.new(2.112915,-0.532745,-102.496529,0.982260,-0.000477,0.187523,0.002445,0.999944,-0.010260,-0.187507,0.010537,0.982207),fov=70.000000,dt=0.013910},
	{cf=CFrame.new(1.858574,-0.545853,-102.829071,0.989130,-0.000002,0.147042,0.002408,0.999866,-0.016181,-0.147022,0.016359,0.988998),fov=70.000000,dt=0.019469},
	{cf=CFrame.new(1.604210,-0.558975,-103.161636,0.994335,0.000146,0.106289,0.002215,0.999753,-0.022097,-0.106266,0.022207,0.994090),fov=70.000000,dt=0.014084},
	{cf=CFrame.new(1.349869,-0.572098,-103.494194,0.997859,0.000139,0.065402,0.001691,0.999609,-0.027925,-0.065380,0.027976,0.997468),fov=70.000000,dt=0.017325},
	{cf=CFrame.new(1.095512,-0.585220,-103.826752,0.999701,-0.000105,0.024433,0.000931,0.999427,-0.033825,-0.024415,0.033837,0.999129),fov=70.000000,dt=0.018147},
	{cf=CFrame.new(0.858643,-0.564713,-104.695007,0.999967,-0.000753,-0.008022,0.000628,0.999878,-0.015626,0.008033,0.015621,0.999846),fov=70.000000,dt=0.022476},
	{cf=CFrame.new(0.876144,-0.531097,-105.230705,0.999999,-0.001038,0.000514,0.001034,0.999965,0.008287,-0.000522,-0.008287,0.999965),fov=70.000000,dt=0.018471},
	{cf=CFrame.new(0.893623,-0.497482,-105.766403,0.999957,-0.001529,0.009127,0.001233,0.999478,0.032286,-0.009171,-0.032274,0.999437),fov=70.000000,dt=0.014625},
	{cf=CFrame.new(0.893623,-0.497482,-105.766403,0.999957,-0.001529,0.009127,0.001233,0.999478,0.032286,-0.009171,-0.032274,0.999437),fov=70.000000,dt=0.011435},
	{cf=CFrame.new(0.911102,-0.463852,-106.302109,0.999840,-0.002225,0.017726,0.001226,0.998420,0.056187,-0.017823,-0.056156,0.998263),fov=70.000000,dt=0.015913},
	{cf=CFrame.new(0.928596,-0.430237,-106.837799,0.999649,-0.003129,0.026308,0.001011,0.996782,0.080149,-0.026474,-0.080094,0.996436),fov=70.000000,dt=0.016782},
	{cf=CFrame.new(0.963577,-0.362991,-107.909195,0.999046,-0.005546,0.043316,-0.000034,0.991802,0.127783,-0.043670,-0.127662,0.990856),fov=70.000000,dt=0.020706},
	{cf=CFrame.new(0.963577,-0.362991,-107.909195,0.999046,-0.005546,0.043316,-0.000034,0.991802,0.127783,-0.043670,-0.127662,0.990856),fov=70.000000,dt=0.010213},
	{cf=CFrame.new(0.963577,-0.362991,-107.909195,0.999847,0.007332,0.015850,-0.009542,0.989499,0.144227,-0.014626,-0.144356,0.989418),fov=70.000000,dt=0.016304},
	{cf=CFrame.new(0.963577,-0.362991,-107.909195,0.998270,-0.000577,0.058793,-0.008149,0.988945,0.148059,-0.058229,-0.148282,0.987229),fov=70.000000,dt=0.021330},
	{cf=CFrame.new(0.963577,-0.362991,-107.909195,0.999949,-0.001025,0.010053,-0.000336,0.990910,0.134528,-0.010100,-0.134525,0.990859),fov=70.000000,dt=0.018663},
	{cf=CFrame.new(0.963577,-0.362991,-107.909195,0.999548,-0.023417,0.018836,0.020674,0.990689,0.134567,-0.021811,-0.134116,0.990725),fov=70.000000,dt=0.015962},
	{cf=CFrame.new(0.963577,-0.362991,-107.909195,0.999548,-0.023417,0.018836,0.020674,0.990689,0.134567,-0.021811,-0.134116,0.990725),fov=70.000000,dt=0.011570},
	{cf=CFrame.new(0.963577,-0.362991,-107.909195,0.999046,-0.005546,0.043316,-0.000034,0.991802,0.127783,-0.043670,-0.127662,0.990856),fov=70.000000,dt=0.018412},
	{cf=CFrame.new(1.013649,-0.295502,-109.606796,0.998910,-0.005569,0.046350,-0.000056,0.992715,0.120490,-0.046683,-0.120361,0.991632),fov=70.000000,dt=0.015850},
	{cf=CFrame.new(1.063728,-0.228027,-111.304398,0.998760,-0.005491,0.049474,-0.000149,0.993564,0.113276,-0.049778,-0.113143,0.992331),fov=70.000000,dt=0.017732},
	{cf=CFrame.new(1.113800,-0.160538,-113.001991,0.998601,-0.005387,0.052599,-0.000217,0.994369,0.105972,-0.052874,-0.105835,0.992977),fov=70.000000,dt=0.016988},
	{cf=CFrame.new(1.163864,-0.093063,-114.699608,0.998437,-0.005257,0.055637,-0.000258,0.995121,0.098663,-0.055884,-0.098523,0.993564),fov=70.000000,dt=0.018197},
	{cf=CFrame.new(1.213943,-0.025574,-116.397217,0.998259,-0.005194,0.058756,-0.000195,0.995818,0.091353,-0.058985,-0.091206,0.994084),fov=70.000000,dt=0.012951},
	{cf=CFrame.new(1.264015,0.041916,-118.094810,0.998071,-0.005023,0.061879,-0.000195,0.996463,0.084038,-0.062082,-0.083888,0.994539),fov=70.000000,dt=0.018168},
	{cf=CFrame.new(1.314079,0.109390,-119.792419,0.997879,-0.004825,0.064915,-0.000170,0.997053,0.076719,-0.065094,-0.076567,0.994937),fov=70.000000,dt=0.017092},
	{cf=CFrame.new(1.364159,0.176880,-121.490021,0.997672,-0.004608,0.068036,-0.000125,0.997589,0.069397,-0.068191,-0.069244,0.995266),fov=70.000000,dt=0.015462},
	{cf=CFrame.new(1.414230,0.244370,-123.187622,0.997455,-0.004458,0.071152,0.000026,0.998066,0.062162,-0.071292,-0.062002,0.995527),fov=70.000000,dt=0.015838},
	{cf=CFrame.new(1.539520,0.188629,-124.026962,0.995003,-0.001796,0.099824,-0.003520,0.998586,0.053046,-0.099778,-0.053132,0.993590),fov=70.000000,dt=0.017303},
	{cf=CFrame.new(1.664803,0.132904,-124.866318,0.991721,0.001114,0.128410,-0.006809,0.999012,0.043925,-0.128234,-0.044436,0.990748),fov=70.000000,dt=0.016074},
	{cf=CFrame.new(1.790100,0.077179,-125.705673,0.987606,0.004358,0.156893,-0.009925,0.999348,0.034713,-0.156639,-0.035840,0.987005),fov=70.000000,dt=0.018057},
	{cf=CFrame.new(1.915382,0.021454,-126.545013,0.982677,0.007772,0.185164,-0.012681,0.999598,0.025343,-0.184893,-0.027252,0.982381),fov=70.000000,dt=0.015053},
	{cf=CFrame.new(2.040672,-0.034271,-127.384369,0.976922,0.011433,0.213292,-0.015171,0.999758,0.015901,-0.213058,-0.018770,0.976859),fov=70.000000,dt=0.017846},
	{cf=CFrame.new(2.165962,-0.090012,-128.223724,0.970361,0.015327,0.241172,-0.017403,0.999828,0.006480,-0.241031,-0.010485,0.970461),fov=70.000000,dt=0.017059},
	{cf=CFrame.new(2.291245,-0.145737,-129.063049,0.962980,0.019471,0.268869,-0.019354,0.999808,-0.003087,-0.268877,-0.002231,0.963172),fov=70.000000,dt=0.017321},
	{cf=CFrame.new(2.416534,-0.201462,-129.902420,0.954805,0.023770,0.296280,-0.020949,0.999700,-0.012692,-0.296493,0.005912,0.955017),fov=70.000000,dt=0.016667},
	{cf=CFrame.new(2.541817,-0.257187,-130.741760,0.945841,0.028374,0.323388,-0.022370,0.999502,-0.022270,-0.323858,0.013830,0.946004),fov=70.000000,dt=0.015838},
	{cf=CFrame.new(2.667114,-0.312927,-131.581116,0.936096,0.033225,0.350171,-0.023504,0.999212,-0.031973,-0.350958,0.021699,0.936140),fov=70.000000,dt=0.016182},
	{cf=CFrame.new(2.792381,-0.368652,-132.420471,0.925578,0.038287,0.376615,-0.024381,0.998836,-0.041624,-0.377771,0.029344,0.925434),fov=70.000000,dt=0.018093},
	{cf=CFrame.new(2.917679,-0.424377,-133.259811,0.914297,0.043506,0.402701,-0.024882,0.998370,-0.051368,-0.404279,0.036946,0.913889),fov=70.000000,dt=0.014226},
	{cf=CFrame.new(3.042961,-0.480103,-134.099167,0.902255,0.049014,0.428409,-0.025210,0.997815,-0.061065,-0.430466,0.044296,0.901519),fov=70.000000,dt=0.018414},
	{cf=CFrame.new(3.168251,-0.535828,-134.938522,0.889464,0.054654,0.453725,-0.025179,0.997176,-0.070756,-0.456310,0.051510,0.888329),fov=70.000000,dt=0.016425},
	{cf=CFrame.new(3.293533,-0.591568,-135.777863,0.875927,0.060592,0.478624,-0.024957,0.996444,-0.080473,-0.481799,0.058544,0.874324),fov=70.000000,dt=0.014922},
	{cf=CFrame.new(3.418823,-0.647293,-136.617218,0.861656,0.066658,0.503097,-0.024374,0.995628,-0.090170,-0.506908,0.065433,0.859513),fov=70.000000,dt=0.018228},
	{cf=CFrame.new(3.544106,-0.703018,-137.456558,0.846703,0.072928,0.527044,-0.023519,0.994724,-0.099858,-0.531545,0.072155,0.843951),fov=70.000000,dt=0.016704},
	{cf=CFrame.new(3.669395,-0.758743,-138.295914,0.831083,0.079373,0.550455,-0.022416,0.993740,-0.109449,-0.555696,0.078622,0.827660),fov=70.000000,dt=0.016920},
	{cf=CFrame.new(3.794685,-0.814468,-139.135269,0.814758,0.086016,0.573386,-0.021038,0.992669,-0.119020,-0.579420,0.084909,0.810594),fov=70.000000,dt=0.015997},
	{cf=CFrame.new(3.919968,-0.870209,-139.974609,0.797739,0.092772,0.595824,-0.019303,0.991517,-0.128538,-0.602694,0.091038,0.792762),fov=70.000000,dt=0.015576},
	{cf=CFrame.new(4.045258,-0.925934,-140.813950,0.780080,0.099797,0.617669,-0.017380,0.990273,-0.138048,-0.625438,0.096954,0.774227),fov=70.000000,dt=0.018390},
	{cf=CFrame.new(4.170540,-0.981659,-141.653320,0.761807,0.106893,0.638924,-0.015135,0.988960,-0.147410,-0.647627,0.102628,0.755014),fov=70.000000,dt=0.017211},
	{cf=CFrame.new(4.295830,-1.037384,-142.492645,0.742928,0.114167,0.659564,-0.012624,0.987562,-0.156723,-0.669253,0.108108,0.735128),fov=70.000000,dt=0.016712},
	{cf=CFrame.new(4.421112,-1.093124,-143.332031,0.723456,0.121583,0.679580,-0.009879,0.986092,-0.165904,-0.690300,0.113311,0.714596),fov=70.000000,dt=0.016454},
	{cf=CFrame.new(4.671684,-1.204575,-145.010712,0.682723,0.136914,0.717736,-0.003589,0.982904,-0.184083,-0.730669,0.123101,0.671542),fov=70.000000,dt=0.019441},
	{cf=CFrame.new(4.671684,-1.204575,-145.010712,0.682723,0.136914,0.717736,-0.003589,0.982904,-0.184083,-0.730669,0.123101,0.671542),fov=70.000000,dt=0.011930},
	{cf=CFrame.new(4.684647,-1.204803,-146.441635,0.649875,0.109514,0.752110,0.005067,0.988918,-0.148373,-0.760024,0.100235,0.642119),fov=70.000000,dt=0.022977},
	{cf=CFrame.new(4.684647,-1.204803,-146.441635,0.649875,0.109514,0.752110,0.005067,0.988918,-0.148373,-0.760024,0.100235,0.642119),fov=70.000000,dt=0.013170},
	{cf=CFrame.new(4.572311,-1.149307,-147.033203,0.637963,0.073562,0.766546,0.009442,0.994605,-0.103306,-0.770009,0.073143,0.633826),fov=70.000000,dt=0.012818},
	{cf=CFrame.new(4.459976,-1.093811,-147.624771,0.625621,0.037073,0.779245,0.013116,0.998229,-0.058022,-0.780017,0.046520,0.624027),fov=70.000000,dt=0.017787},
	{cf=CFrame.new(4.347641,-1.038315,-148.216354,0.613094,0.000064,0.790010,0.016033,0.999793,-0.012524,-0.789848,0.020345,0.612966),fov=70.000000,dt=0.018681},
	{cf=CFrame.new(4.235306,-0.982819,-148.807922,0.600329,-0.037322,0.798882,0.018270,0.999290,0.032955,-0.799545,-0.005188,0.600584),fov=70.000000,dt=0.017027},
	{cf=CFrame.new(4.122971,-0.927322,-149.399490,0.587270,-0.075097,0.805900,0.019744,0.996719,0.078490,-0.809150,-0.030184,0.586826),fov=70.000000,dt=0.014029},
	{cf=CFrame.new(4.010635,-0.871826,-149.991058,0.574101,-0.113040,0.810944,0.020456,0.992095,0.123809,-0.818529,-0.054491,0.571875),fov=70.000000,dt=0.019432},
	{cf=CFrame.new(3.898293,-0.816330,-150.582626,0.560760,-0.151202,0.814055,0.020441,0.985413,0.168950,-0.827726,-0.078100,0.555671),fov=70.000000,dt=0.015927},
	{cf=CFrame.new(3.785965,-0.760818,-151.174194,0.547269,-0.189438,0.815237,0.019776,0.976703,0.213682,-0.836723,-0.100819,0.538265),fov=70.000000,dt=0.017027},
	{cf=CFrame.new(3.673630,-0.705322,-151.765747,0.533668,-0.227610,0.814489,0.018230,0.965973,0.257998,-0.845498,-0.122837,0.519658),fov=70.000000,dt=0.016807},
	{cf=CFrame.new(3.561287,-0.649826,-152.357330,0.520042,-0.265677,0.811770,0.016092,0.953274,0.301680,-0.853989,-0.143823,0.500018),fov=70.000000,dt=0.016051},
	{cf=CFrame.new(3.448959,-0.594330,-152.948914,0.506359,-0.303552,0.807128,0.013077,0.938589,0.344789,-0.862223,-0.164032,0.479233),fov=70.000000,dt=0.017271},
	{cf=CFrame.new(3.336624,-0.538834,-153.540466,0.492713,-0.341113,0.800547,0.009409,0.922001,0.387074,-0.870141,-0.183184,0.457491),fov=70.000000,dt=0.017399},
	{cf=CFrame.new(3.224289,-0.483337,-154.132050,0.479126,-0.378335,0.792023,0.005054,0.903512,0.428534,-0.877732,-0.201319,0.434808),fov=70.000000,dt=0.013672},
	{cf=CFrame.new(3.111961,-0.427841,-154.723618,0.465535,-0.415120,0.781635,0.000040,0.883183,0.469028,-0.885030,-0.218317,0.411169),fov=70.000000,dt=0.017962},
	{cf=CFrame.new(3.117210,-0.409470,-155.129745,0.451394,-0.417964,0.788384,-0.000071,0.883500,0.468431,-0.892325,-0.211503,0.398777),fov=70.000000,dt=0.016863},
	{cf=CFrame.new(3.122475,-0.391113,-155.535858,0.437268,-0.420642,0.794894,-0.000211,0.883824,0.467819,-0.899331,-0.204730,0.386379),fov=70.000000,dt=0.016020},
	{cf=CFrame.new(3.127739,-0.372742,-155.942001,0.422940,-0.423315,0.801203,-0.000291,0.884113,0.467274,-0.906158,-0.197862,0.373803),fov=70.000000,dt=0.017920},
	{cf=CFrame.new(3.133003,-0.354370,-156.348129,0.408545,-0.425833,0.807315,-0.000425,0.884409,0.466713,-0.912738,-0.191017,0.361140),fov=70.000000,dt=0.016235},
	{cf=CFrame.new(3.138260,-0.336014,-156.754242,0.393973,-0.428231,0.813267,-0.000521,0.884726,0.466111,-0.919122,-0.184059,0.348335),fov=70.000000,dt=0.014879},
	{cf=CFrame.new(3.143524,-0.317642,-157.160385,0.379387,-0.430601,0.818931,-0.000509,0.885006,0.465580,-0.925238,-0.177052,0.335541),fov=70.000000,dt=0.016779},
	{cf=CFrame.new(3.154053,-0.280914,-157.972641,0.349861,-0.434851,0.829760,-0.000647,0.885625,0.464401,-0.936801,-0.163012,0.309565),fov=70.000000,dt=0.024160},
	{cf=CFrame.new(3.154053,-0.280914,-157.972641,0.349861,-0.434851,0.829760,-0.000647,0.885625,0.464401,-0.936801,-0.163012,0.309565),fov=70.000000,dt=0.009278},
	{cf=CFrame.new(3.159309,-0.262543,-158.378769,0.334997,-0.436789,0.834861,-0.000702,0.885942,0.463796,-0.942219,-0.155957,0.296481),fov=70.000000,dt=0.018600},
	{cf=CFrame.new(3.164574,-0.244171,-158.784882,0.320039,-0.438659,0.839734,-0.000626,0.886254,0.463199,-0.947404,-0.148767,0.283362),fov=70.000000,dt=0.016712},
	{cf=CFrame.new(3.169838,-0.225815,-159.191025,0.304939,-0.440429,0.844414,-0.000679,0.886542,0.462648,-0.952372,-0.141653,0.270042),fov=70.000000,dt=0.013915},
	{cf=CFrame.new(3.175102,-0.207443,-159.597168,0.289897,-0.441992,0.848884,-0.000707,0.886873,0.462013,-0.957058,-0.134536,0.256789),fov=70.000000,dt=0.019052},
	{cf=CFrame.new(3.180351,-0.189072,-160.003296,0.274669,-0.443538,0.853130,-0.000681,0.887165,0.461452,-0.961539,-0.127328,0.243374),fov=70.000000,dt=0.016262},
	{cf=CFrame.new(3.185623,-0.170715,-160.409424,0.259381,-0.444996,0.857146,-0.000644,0.887442,0.460919,-0.965775,-0.120106,0.229899),fov=70.000000,dt=0.015502},
	{cf=CFrame.new(3.190880,-0.152344,-160.815552,0.244062,-0.446252,0.860983,-0.000604,0.887762,0.460303,-0.969759,-0.112862,0.216399),fov=70.000000,dt=0.017199},
	{cf=CFrame.new(3.196144,-0.133972,-161.221680,0.228690,-0.447420,0.864590,-0.000551,0.888067,0.459714,-0.973499,-0.105609,0.202846),fov=70.000000,dt=0.017782},
	{cf=CFrame.new(3.201408,-0.115616,-161.627808,0.213189,-0.448441,0.868016,-0.000576,0.888382,0.459104,-0.977011,-0.098376,0.189136),fov=70.000000,dt=0.015256},
	{cf=CFrame.new(3.206665,-0.097244,-162.033936,0.197721,-0.449380,0.871185,-0.000443,0.888689,0.458509,-0.980258,-0.091043,0.175513),fov=70.000000,dt=0.018175},
	{cf=CFrame.new(3.211929,-0.078873,-162.440048,0.182128,-0.450223,0.874145,-0.000443,0.888976,0.457954,-0.983275,-0.083794,0.161707),fov=70.000000,dt=0.018056},
	{cf=CFrame.new(3.217194,-0.060516,-162.846191,0.166574,-0.450983,0.876851,-0.000288,0.889253,0.457416,-0.986029,-0.076446,0.147997),fov=70.000000,dt=0.015719},
	{cf=CFrame.new(3.227722,-0.023773,-163.658447,0.135219,-0.452007,0.881706,-0.000124,0.889871,0.456212,-0.990816,-0.061798,0.120271),fov=70.000000,dt=0.021005},
	{cf=CFrame.new(3.227722,-0.023773,-163.658447,0.135219,-0.452007,0.881706,-0.000124,0.889871,0.456212,-0.990816,-0.061798,0.120271),fov=70.000000,dt=0.012459},
	{cf=CFrame.new(3.232979,-0.005417,-164.064575,0.119477,-0.452389,0.883781,0.000034,0.890160,0.455649,-0.992837,-0.054410,0.106369),fov=70.000000,dt=0.016792},
	{cf=CFrame.new(3.246483,0.007217,-164.251160,0.120320,-0.439148,0.890321,0.000156,0.896845,0.442345,-0.992735,-0.053084,0.107978),fov=70.000000,dt=0.015161},
	{cf=CFrame.new(3.259995,0.019867,-164.437775,0.121092,-0.425724,0.896714,0.000242,0.903374,0.428853,-0.992641,-0.051714,0.109495),fov=70.000000,dt=0.019030},
	{cf=CFrame.new(3.273499,0.032501,-164.624359,0.121854,-0.412341,0.902843,0.000321,0.909638,0.415401,-0.992548,-0.050328,0.110975),fov=70.000000,dt=0.015291},
	{cf=CFrame.new(3.300522,0.057770,-164.997559,0.123448,-0.385206,0.914536,0.000510,0.921610,0.388116,-0.992351,-0.047446,0.113968),fov=70.000000,dt=0.019752},
	{cf=CFrame.new(3.300522,0.057770,-164.997559,0.123448,-0.385206,0.914536,0.000510,0.921610,0.388116,-0.992351,-0.047446,0.113968),fov=70.000000,dt=0.013962},
	{cf=CFrame.new(3.314026,0.070404,-165.184143,0.124280,-0.371456,0.920095,0.000618,0.927313,0.374287,-0.992247,-0.045948,0.115476),fov=70.000000,dt=0.015289},
	{cf=CFrame.new(3.327538,0.083038,-165.370743,0.125015,-0.357701,0.925430,0.000637,0.932776,0.360455,-0.992155,-0.044473,0.116839),fov=70.000000,dt=0.016820},
	{cf=CFrame.new(3.341049,0.095673,-165.557327,0.125786,-0.343771,0.930591,0.000643,0.938069,0.346447,-0.992057,-0.042980,0.118217),fov=70.000000,dt=0.019457},
	{cf=CFrame.new(3.354553,0.108307,-165.743942,0.126664,-0.329843,0.935500,0.000722,0.943126,0.332434,-0.991945,-0.041432,0.119698),fov=70.000000,dt=0.015951},
	{cf=CFrame.new(3.368065,0.120941,-165.930542,0.127445,-0.315863,0.940206,0.000772,0.947968,0.318366,-0.991845,-0.039848,0.121058),fov=70.000000,dt=0.014189},
	{cf=CFrame.new(3.381569,0.133575,-166.117126,0.128148,-0.301771,0.944729,0.000733,0.952611,0.304189,-0.991755,-0.038289,0.122297),fov=70.000000,dt=0.018158},
	{cf=CFrame.new(3.408592,0.158844,-166.490326,0.129825,-0.273435,0.953089,0.000660,0.961248,0.275686,-0.991537,-0.035161,0.124974),fov=70.000000,dt=0.023597},
	{cf=CFrame.new(3.408592,0.158844,-166.490326,0.129825,-0.273435,0.953089,0.000660,0.961248,0.275686,-0.991537,-0.035161,0.124974),fov=70.000000,dt=0.011422},
	{cf=CFrame.new(3.422104,0.171478,-166.676926,0.130573,-0.259146,0.956971,0.000651,0.965257,0.261301,-0.991438,-0.033496,0.126205),fov=70.000000,dt=0.015320},
	{cf=CFrame.new(3.435608,0.184113,-166.863525,0.131337,-0.244814,0.960633,0.000632,0.969048,0.246871,-0.991337,-0.031816,0.127427),fov=70.000000,dt=0.015570},
	{cf=CFrame.new(3.449127,0.196747,-167.050110,0.132116,-0.230442,0.964076,0.000604,0.972620,0.232401,-0.991234,-0.030122,0.128638),fov=70.000000,dt=0.018529},
	{cf=CFrame.new(3.462624,0.209381,-167.236710,0.132924,-0.215968,0.967310,0.000502,0.975985,0.217836,-0.991126,-0.028470,0.129840),fov=70.000000,dt=0.013249},
	{cf=CFrame.new(3.489647,0.234650,-167.609909,0.134571,-0.186983,0.973102,0.000331,0.982043,0.188655,-0.990904,-0.025066,0.132217),fov=70.000000,dt=0.025077},
	{cf=CFrame.new(3.489647,0.234650,-167.609909,0.134571,-0.186983,0.973102,0.000331,0.982043,0.188655,-0.990904,-0.025066,0.132217),fov=70.000000,dt=0.011893},
	{cf=CFrame.new(3.503151,0.247284,-167.796478,0.135300,-0.172477,0.975677,0.000251,0.984738,0.174044,-0.990805,-0.023304,0.133278),fov=70.000000,dt=0.017490},
	{cf=CFrame.new(3.530174,0.272552,-168.169693,0.136935,-0.143200,0.980175,-0.000002,0.989496,0.144562,-0.990580,-0.019798,0.135496),fov=70.000000,dt=0.016922},
	{cf=CFrame.new(3.509460,0.304489,-168.342163,0.095713,-0.144216,0.984906,0.000184,0.989452,0.144864,-0.995409,-0.013684,0.094730),fov=70.000000,dt=0.016498},
	{cf=CFrame.new(3.509460,0.304489,-168.342163,0.095713,-0.144216,0.984906,0.000184,0.989452,0.144864,-0.995409,-0.013684,0.094730),fov=70.000000,dt=0.013835},
	{cf=CFrame.new(3.488754,0.336426,-168.514618,0.054367,-0.144919,0.987949,0.000356,0.989415,0.145114,-0.998521,-0.007537,0.053843),fov=70.000000,dt=0.018358},
	{cf=CFrame.new(3.468048,0.368362,-168.687103,0.012943,-0.145368,0.989293,0.000579,0.989377,0.145373,-0.999916,-0.001309,0.012890),fov=70.000000,dt=0.015714},
	{cf=CFrame.new(3.447350,0.400284,-168.859573,-0.028523,-0.145561,0.988938,0.000727,0.989337,0.145640,-0.999593,0.004873,-0.028113),fov=70.000000,dt=0.017197},
	{cf=CFrame.new(3.426628,0.432220,-169.032043,-0.069925,-0.145501,0.986884,0.000805,0.989297,0.145914,-0.997552,0.010997,-0.069059),fov=70.000000,dt=0.018094},
	{cf=CFrame.new(3.405930,0.464157,-169.204514,-0.111236,-0.145242,0.983123,0.000991,0.989246,0.146259,-0.993793,0.017243,-0.109896),fov=70.000000,dt=0.016361},
	{cf=CFrame.new(3.385223,0.496094,-169.376984,-0.152403,-0.144610,0.977682,0.001110,0.989212,0.146489,-0.988318,0.023411,-0.150598),fov=70.000000,dt=0.014831},
	{cf=CFrame.new(3.364510,0.528030,-169.549438,-0.193249,-0.143785,0.970557,0.001224,0.989168,0.146786,-0.981149,0.029554,-0.190980),fov=70.000000,dt=0.018140},
	{cf=CFrame.new(3.343803,0.559952,-169.721924,-0.233726,-0.142715,0.961771,0.001273,0.989123,0.147083,-0.972302,0.035601,-0.231002),fov=70.000000,dt=0.016346},
	{cf=CFrame.new(3.323097,0.591888,-169.894394,-0.273792,-0.141387,0.951340,0.001379,0.989077,0.147393,-0.961788,0.041667,-0.270607),fov=70.000000,dt=0.017354},
