-- Final Spark Camera

local Players = game:GetService('Players')
local RunService = game:GetService('RunService')

local player = Players.LocalPlayer
local camera = workspace.CurrentCamera

local root = player.Character:WaitForChild('HumanoidRootPart')

camera.CameraType = Enum.CameraType.Scriptable

local frames = {
	{cf = CFrame.new(4.986451, 11.889396, 4.508665, 0.669420, -0.623581, 0.403761, 0.000000, 0.543505, 0.839406, -0.742884, -0.561915, 0.363833), fov = 70.0000, dt = 0.47921824},
	{cf = CFrame.new(2.857388, -2.395373, -3.264867, -0.911643, 0.001240, 0.410981, -0.009123, 0.999688, -0.023252, -0.410882, -0.024947, -0.911347), fov = 56.6165, dt = 0.08537200},
	{cf = CFrame.new(2.853974, -2.432307, -3.281712, -0.913124, 0.002322, 0.407676, -0.010012, 0.999554, -0.028118, -0.407560, -0.029756, -0.912694), fov = 46.5789, dt = 0.03049685},
	{cf = CFrame.new(2.853947, -2.439469, -3.283289, -0.913299, 0.002012, 0.407284, -0.011128, 0.999491, -0.029893, -0.407137, -0.031834, -0.912812), fov = 39.0506, dt = 0.06015662},
	{cf = CFrame.new(2.854211, -2.446827, -3.281462, -0.913622, 0.002319, 0.406557, -0.011154, 0.999464, -0.030766, -0.406411, -0.032643, -0.913107), fov = 33.4045, dt = 0.05250223},
	{cf = CFrame.new(2.854157, -2.446085, -3.277759, -0.914375, 0.006098, 0.404822, -0.004184, 0.999691, -0.024510, -0.404846, -0.024106, -0.914067), fov = 29.1699, dt = 0.03067377},
	{cf = CFrame.new(2.854035, -2.441653, -3.275646, -0.914905, 0.009177, 0.403566, 0.001592, 0.999816, -0.019127, -0.403667, -0.016857, -0.914751), fov = 25.9939, dt = 0.03364869},
	{cf = CFrame.new(2.853818, -2.434671, -3.273327, -0.915555, 0.013279, 0.401974, 0.009306, 0.999887, -0.011835, -0.402086, -0.007095, -0.915575), fov = 23.6119, dt = 0.03991469},
	{cf = CFrame.new(2.853529, -2.426118, -3.271017, -0.916236, 0.017914, 0.400238, 0.017998, 0.999832, -0.003550, -0.400234, 0.003951, -0.916404), fov = 21.8254, dt = 0.02760092},
	{cf = CFrame.new(2.853165, -2.417365, -3.269536, -0.916737, 0.021586, 0.398908, 0.024864, 0.999686, 0.003044, -0.398718, 0.012709, -0.916986), fov = 20.4856, dt = 0.03005392},
	{cf = CFrame.new(2.852746, -2.408527, -3.268394, -0.917139, 0.024714, 0.397800, 0.030688, 0.999492, 0.008657, -0.397384, 0.020147, -0.917431), fov = 19.4807, dt = 0.04281600},
	{cf = CFrame.new(2.851981, -2.395429, -3.267406, -0.917569, 0.028263, 0.396572, 0.037270, 0.999192, 0.015024, -0.395827, 0.028566, -0.917881), fov = 18.7270, dt = 0.08572116},
	{cf = CFrame.new(2.850399, -2.374721, -3.266838, -0.918070, 0.032743, 0.395063, 0.045542, 0.998696, 0.023059, -0.393793, 0.039162, -0.918365), fov = 18.1618, dt = 0.14978653},
	{cf = CFrame.new(2.848379, -2.357186, -3.267473, -0.918400, 0.035935, 0.394018, 0.051408, 0.998263, 0.028783, -0.392299, 0.046691, -0.918652), fov = 17.7378, dt = 0.07327192},
	{cf = CFrame.new(2.846976, -2.350567, -3.268666, -0.918494, 0.036892, 0.393711, 0.053165, 0.998120, 0.030503, -0.391845, 0.048949, -0.918728), fov = 17.4199, dt = 0.11117607},
	{cf = CFrame.new(2.845036, -2.343611, -3.270673, -0.918577, 0.037761, 0.393434, 0.054759, 0.997985, 0.032065, -0.391430, 0.050998, -0.918794), fov = 17.1814, dt = 0.20588516},
	{cf = CFrame.new(2.842570, -2.338504, -3.273687, -0.918636, 0.038391, 0.393235, 0.055913, 0.997884, 0.033196, -0.391128, 0.052482, -0.918839), fov = 17.0025, dt = 0.05430523},
	{cf = CFrame.new(2.841678, -2.336028, -3.274917, -0.918648, 0.038520, 0.393194, 0.056149, 0.997863, 0.033428, -0.391066, 0.052786, -0.918848), fov = 16.8684, dt = 0.05395731},
	{cf = CFrame.new(2.840207, -2.337109, -3.277075, -0.918665, 0.038695, 0.393139, 0.056469, 0.997834, 0.033741, -0.390982, 0.053197, -0.918860), fov = 16.7678, dt = 0.06309623},
	{cf = CFrame.new(2.838138, -2.334971, -3.280251, -0.918687, 0.038936, 0.393062, 0.056911, 0.997794, 0.034175, -0.390865, 0.053766, -0.918876), fov = 16.6923, dt = 0.07873854},
	{cf = CFrame.new(2.835336, -2.331692, -3.284784, -0.918724, 0.039333, 0.392937, 0.057637, 0.997728, 0.034888, -0.390672, 0.054700, -0.918903), fov = 16.6358, dt = 0.08396330},
	{cf = CFrame.new(2.832719, -2.328209, -3.289172, -0.918766, 0.039787, 0.392794, 0.058467, 0.997651, 0.035704, -0.390451, 0.055769, -0.918933), fov = 16.5933, dt = 0.06612154},
	{cf = CFrame.new(2.830274, -2.324313, -3.293418, -0.918813, 0.040310, 0.392630, 0.059423, 0.997560, 0.036643, -0.390195, 0.056999, -0.918966), fov = 16.5615, dt = 0.05850000},
	{cf = CFrame.new(2.827631, -2.319530, -3.298091, -0.918870, 0.040947, 0.392431, 0.060587, 0.997447, 0.037788, -0.389882, 0.058498, -0.919005), fov = 24.9211, dt = 0.05363692},
	{cf = CFrame.new(2.825382, -2.315168, -3.302094, -0.918920, 0.041521, 0.392253, 0.061634, 0.997344, 0.038817, -0.389599, 0.059845, -0.919038), fov = 32.8771, dt = 0.05047385},
	{cf = CFrame.new(2.823451, -2.313581, -3.305538, -0.918964, 0.042030, 0.392096, 0.062563, 0.997250, 0.039731, -0.389348, 0.061042, -0.919066), fov = 40.0332, dt = 0.04707169},
	{cf = CFrame.new(2.821691, -2.309101, -3.308666, -0.919004, 0.042503, 0.391950, 0.063425, 0.997161, 0.040580, -0.389113, 0.062153, -0.919091), fov = 46.1292, dt = 0.04052308},
	{cf = CFrame.new(2.820356, -2.305575, -3.311024, -0.919034, 0.042862, 0.391840, 0.064079, 0.997093, 0.041224, -0.388934, 0.062995, -0.919109), fov = 51.6646, dt = 0.03954923},
	{cf = CFrame.new(2.819067, -2.302238, -3.313272, -0.919063, 0.043204, 0.391736, 0.064701, 0.997027, 0.041836, -0.388764, 0.063796, -0.919126), fov = 56.3545, dt = 0.03730931},
	{cf = CFrame.new(2.817873, -2.299192, -3.315306, -0.919088, 0.043506, 0.391643, 0.065251, 0.996969, 0.042378, -0.388612, 0.064505, -0.919141), fov = 60.3152, dt = 0.03441139},
	{cf = CFrame.new(2.816942, -2.296824, -3.316851, -0.919106, 0.043728, 0.391576, 0.065654, 0.996925, 0.042775, -0.388501, 0.065024, -0.919151), fov = 63.6255, dt = 0.03770792},
	{cf = CFrame.new(2.816087, -2.294653, -3.318214, -0.919121, 0.043911, 0.391520, 0.065987, 0.996889, 0.043104, -0.388409, 0.065453, -0.919159), fov = 66.4109, dt = 0.03933046},
	{cf = CFrame.new(2.815351, -2.292787, -3.319327, -0.919129, 0.044042, 0.391486, 0.066226, 0.996863, 0.043339, -0.388349, 0.065761, -0.919163), fov = 68.5582, dt = 0.03493762},
	{cf = CFrame.new(2.814826, -2.291448, -3.320102, -0.919125, 0.044111, 0.391490, 0.066355, 0.996849, 0.043464, -0.388339, 0.065926, -0.919155), fov = 68.9858, dt = 0.03970400},
	{cf = CFrame.new(2.814385, -2.290308, -3.320766, -0.919106, 0.044146, 0.391531, 0.066422, 0.996842, 0.043528, -0.388372, 0.066013, -0.919135), fov = 67.5764, dt = 0.03661254},
	{cf = CFrame.new(2.814097, -2.289523, -3.321240, -0.919071, 0.044121, 0.391614, 0.066384, 0.996846, 0.043486, -0.388461, 0.065964, -0.919101), fov = 65.4242, dt = 0.02843392},
	{cf = CFrame.new(2.813934, -2.289012, -3.321537, -0.919033, 0.044036, 0.391714, 0.066236, 0.996862, 0.043336, -0.388577, 0.065773, -0.919066), fov = 62.7835, dt = 0.03896154},
	{cf = CFrame.new(2.813772, -2.288423, -3.321837, -0.918982, 0.043869, 0.391851, 0.065940, 0.996895, 0.043039, -0.388746, 0.065391, -0.919022), fov = 59.8625, dt = 0.04166000},
	{cf = CFrame.new(2.813632, -2.287810, -3.322057, -0.918937, 0.043614, 0.391987, 0.065480, 0.996945, 0.042583, -0.388932, 0.064799, -0.918985), fov = 56.8336, dt = 0.02818277},
	{cf = CFrame.new(2.813528, -2.287292, -3.322164, -0.918912, 0.043359, 0.392073, 0.065017, 0.996994, 0.042127, -0.389068, 0.064202, -0.918969), fov = 53.8403, dt = 0.03741562},
	{cf = CFrame.new(2.813334, -2.286319, -3.322265, -0.918893, 0.042877, 0.392169, 0.064134, 0.997088, 0.041260, -0.389258, 0.063065, -0.918967), fov = 51.0027, dt = 0.03220531},
	{cf = CFrame.new(2.813126, -2.285310, -3.322324, -0.918893, 0.042395, 0.392222, 0.063248, 0.997180, 0.040393, -0.389403, 0.061924, -0.918983), fov = 48.4208, dt = 0.02915446},
	{cf = CFrame.new(2.191973, -1.896520, -2.967774, -0.964596, 0.054617, 0.258015, 0.062602, 0.997777, 0.022829, -0.256195, 0.038173, -0.965871), fov = 46.1776, dt = 0.04065292},
	{cf = CFrame.new(1.493772, -1.461548, -2.569128, -0.992513, 0.067748, 0.101626, 0.068532, 0.997640, 0.004232, -0.101100, 0.011165, -0.994814), fov = 44.3405, dt = 0.03102431},
	{cf = CFrame.new(1.142903, -1.246608, -2.368518, -0.996809, 0.076581, 0.022538, 0.076503, 0.997060, -0.004300, -0.022801, -0.002562, -0.999737), fov = 42.9376, dt = 0.04050423},
	{cf = CFrame.new(0.840048, -1.070087, -2.194372, -0.995025, 0.088864, -0.045039, 0.089417, 0.995940, -0.010412, 0.043931, -0.014387, -0.998931), fov = 41.8687, dt = 0.02655108},
	{cf = CFrame.new(0.706969, -0.997194, -2.117181, -0.992563, 0.096312, -0.074448, 0.097501, 0.995157, -0.012496, 0.072884, -0.019661, -0.997147), fov = 41.0613, dt = 0.02865785},
	{cf = CFrame.new(0.605868, -0.950552, -2.056542, -0.989680, 0.105773, -0.096674, 0.107552, 0.994110, -0.013365, 0.094691, -0.023624, -0.995227), fov = 40.4447, dt = 0.03551946},
	{cf = CFrame.new(0.525757, -0.923860, -2.004538, -0.986347, 0.118132, -0.114735, 0.120421, 0.992635, -0.013203, 0.112330, -0.026839, -0.993309), fov = 39.9709, dt = 0.03184761},
	{cf = CFrame.new(0.483238, -0.915899, -1.973002, -0.983828, 0.128197, -0.125091, 0.130770, 0.991333, -0.012541, 0.122399, -0.028697, -0.992066), fov = 39.6045, dt = 0.03546285},
	{cf = CFrame.new(0.458624, -0.916506, -1.949215, -0.981506, 0.138341, -0.132319, 0.141082, 0.989931, -0.011522, 0.129392, -0.029976, -0.991140), fov = 39.3184, dt = 0.02527292},
	{cf = CFrame.new(0.433416, -0.931814, -1.902286, -0.975615, 0.164682, -0.145103, 0.167615, 0.985819, -0.008144, 0.141704, -0.032267, -0.989383), fov = 38.4154, dt = 0.02980123},
	{cf = CFrame.new(0.466480, -0.940515, -1.902639, -0.974690, 0.171433, -0.143492, 0.174212, 0.984684, -0.006940, 0.140105, -0.031762, -0.989627), fov = 38.3930, dt = 0.03084400},
	{cf = CFrame.new(0.508902, -0.939843, -1.909671, -0.973649, 0.178643, -0.141754, 0.181260, 0.983418, -0.005665, 0.138392, -0.031210, -0.989886), fov = 38.3481, dt = 0.03336031},
	{cf = CFrame.new(0.551847, -0.925670, -1.927662, -0.972736, 0.184671, -0.140291, 0.187155, 0.982319, -0.004606, 0.136960, -0.030737, -0.990100), fov = 38.3033, dt = 0.02852985},
	{cf = CFrame.new(0.616653, -0.874255, -1.989526, -0.971470, 0.192629, -0.138349, 0.194939, 0.980810, -0.003220, 0.135074, -0.030098, -0.990378), fov = 38.2585, dt = 0.03610708},
	{cf = CFrame.new(0.671044, -0.805856, -2.067011, -0.970363, 0.199255, -0.136721, 0.201423, 0.979502, -0.002075, 0.133505, -0.029552, -0.990608), fov = 37.8848, dt = 0.03068146},
	{cf = CFrame.new(0.712145, -0.729072, -2.147441, -0.969357, 0.205047, -0.135289, 0.207094, 0.978320, -0.001081, 0.132134, -0.029065, -0.990806), fov = 37.1821, dt = 0.02400615},
	{cf = CFrame.new(0.731992, -0.682483, -2.195774, -0.968766, 0.208354, -0.134463, 0.210333, 0.977630, -0.000517, 0.131348, -0.028783, -0.990918), fov = 36.8307, dt = 0.04080523},
	{cf = CFrame.new(0.743338, -0.614497, -2.254217, -0.968029, 0.212384, -0.133461, 0.214279, 0.976772, 0.000168, 0.130396, -0.028436, -0.991054), fov = 35.7767, dt = 0.02747323},
	{cf = CFrame.new(0.731963, -0.529784, -2.315682, -0.967113, 0.217267, -0.132238, 0.219063, 0.975711, 0.000993, 0.129242, -0.028009, -0.991217), fov = 35.0740, dt = 0.03277915},
	{cf = CFrame.new(0.697481, -0.459555, -2.356200, -0.966340, 0.221285, -0.131227, 0.223000, 0.974817, 0.001668, 0.128291, -0.027652, -0.991351), fov = 34.3713, dt = 0.03775961},
	{cf = CFrame.new(0.643998, -0.394641, -2.385309, -0.965582, 0.225133, -0.130256, 0.226771, 0.973946, 0.002312, 0.127383, -0.027306, -0.991478), fov = 33.6686, dt = 0.03463969},
	{cf = CFrame.new(0.564876, -0.328933, -2.405765, -0.964665, 0.229681, -0.129105, 0.231229, 0.972895, 0.003067, 0.126310, -0.026894, -0.991626), fov = 32.9658, dt = 0.04386777},
	{cf = CFrame.new(0.513661, -0.296562, -2.412520, -0.963970, 0.233053, -0.128249, 0.234536, 0.972101, 0.003625, 0.125516, -0.026584, -0.991735), fov = 31.9118, dt = 0.03606923},
	{cf = CFrame.new(0.494356, -0.287425, -2.413738, -0.963580, 0.234918, -0.127775, 0.236366, 0.971656, 0.003933, 0.125077, -0.026412, -0.991795), fov = 31.2091, dt = 0.02163292},
	{cf = CFrame.new(0.486923, -0.286133, -2.411602, -0.963234, 0.236558, -0.127360, 0.237974, 0.971263, 0.004202, 0.124694, -0.026261, -0.991848), fov = 30.7514, dt = 0.03823323},
	{cf = CFrame.new(0.477301, -0.286267, -2.401249, -0.962629, 0.239389, -0.126642, 0.240751, 0.970576, 0.004665, 0.124033, -0.025999, -0.991937), fov = 29.8361, dt = 0.05433531},
	{cf = CFrame.new(0.469933, -0.286691, -2.383347, -0.962158, 0.241566, -0.126091, 0.242887, 0.970042, 0.005018, 0.123526, -0.025798, -0.992006), fov = 28.0055, dt = 0.05972646},
	{cf = CFrame.new(0.461249, -0.288307, -2.344796, -0.961587, 0.244159, -0.125446, 0.245434, 0.969398, 0.005436, 0.122934, -0.025561, -0.992086), fov = 21.3599, dt = 0.05403385},
	{cf = CFrame.new(0.455757, -0.296618, -2.302767, -0.961212, 0.245840, -0.125037, 0.247084, 0.968977, 0.005701, 0.122559, -0.025415, -0.992136), fov = 21.3599, dt = 0.06917015},
	{cf = CFrame.new(0.452102, -0.295859, -2.260874, -0.960949, 0.247005, -0.124765, 0.248230, 0.968683, 0.005881, 0.122310, -0.025319, -0.992169), fov = 21.3599, dt = 0.04920069},
	{cf = CFrame.new(0.449882, -0.302295, -2.220479, -0.960769, 0.247786, -0.124601, 0.248998, 0.968486, 0.005994, 0.122159, -0.025267, -0.992189), fov = 21.3599, dt = 0.05355815},
	{cf = CFrame.new(0.448610, -0.310929, -2.185867, -0.960644, 0.248316, -0.124507, 0.249522, 0.968350, 0.006065, 0.122072, -0.025241, -0.992200), fov = 21.3599, dt = 0.05613839},
	{cf = CFrame.new(0.447920, -0.325613, -2.153713, -0.960534, 0.248768, -0.124456, 0.249970, 0.968234, 0.006114, 0.122024, -0.025238, -0.992206), fov = 21.3599, dt = 0.05879631},
	{cf = CFrame.new(0.447807, -0.348298, -2.142137, -0.960470, 0.249020, -0.124447, 0.250222, 0.968169, 0.006133, 0.122013, -0.025249, -0.992207), fov = 21.3599, dt = 0.05939177},
	{cf = CFrame.new(0.453798, -0.363553, -2.140017, -0.960391, 0.249315, -0.124460, 0.250515, 0.968093, 0.006172, 0.122028, -0.025251, -0.992206), fov = 21.3599, dt = 0.05091777},
	{cf = CFrame.new(0.476901, -0.389582, -2.145582, -0.960292, 0.249627, -0.124599, 0.250806, 0.968016, 0.006384, 0.122208, -0.025120, -0.992187), fov = 21.3599, dt = 0.05328277},
	{cf = CFrame.new(0.523834, -0.431697, -2.174367, -0.960086, 0.250052, -0.125335, 0.251127, 0.967926, 0.007406, 0.123166, -0.024365, -0.992087), fov = 21.3599, dt = 0.05847077},
	{cf = CFrame.new(0.566583, -0.466479, -2.223689, -0.959820, 0.250438, -0.126597, 0.251331, 0.967858, 0.009135, 0.124816, -0.023050, -0.991912), fov = 21.3599, dt = 0.04945084},
	{cf = CFrame.new(0.599994, -0.492209, -2.293608, -0.959488, 0.250798, -0.128390, 0.251424, 0.967808, 0.011575, 0.127160, -0.021174, -0.991656), fov = 21.3599, dt = 0.05951438},
	{cf = CFrame.new(0.629404, -0.514728, -2.456796, -0.958768, 0.251372, -0.132577, 0.251340, 0.967745, 0.017256, 0.132639, -0.016777, -0.991023), fov = 21.3599, dt = 0.06737115},
	{cf = CFrame.new(-7.219083, 2.179713, -9.599083, -0.723168, 0.057362, -0.688286, -0.198636, 0.937169, 0.286806, 0.661492, 0.344128, -0.666337), fov = 21.3599, dt = 0.07147285},
	{cf = CFrame.new(-7.219083, 2.180473, -9.599083, -0.723168, 0.057362, -0.688286, -0.198636, 0.937169, 0.286806, 0.661492, 0.344128, -0.666337), fov = 21.3599, dt = 0.06593392},
	{cf = CFrame.new(-7.219083, 2.180541, -9.599083, -0.723168, 0.057362, -0.688286, -0.198636, 0.937169, 0.286806, 0.661492, 0.344128, -0.666337), fov = 21.3599, dt = 0.04912608},
	{cf = CFrame.new(-7.219083, 2.180545, -9.599083, -0.723168, 0.057362, -0.688286, -0.198636, 0.937169, 0.286806, 0.661492, 0.344128, -0.666337), fov = 21.3599, dt = 0.05578992},
	{cf = CFrame.new(-7.219083, 2.176191, -9.599083, -0.723168, 0.057362, -0.688286, -0.198636, 0.937169, 0.286806, 0.661492, 0.344128, -0.666337), fov = 21.3599, dt = 0.05704739},
	{cf = CFrame.new(-7.219083, 2.180003, -9.599083, -0.723168, 0.057362, -0.688286, -0.198636, 0.937169, 0.286806, 0.661492, 0.344128, -0.666337), fov = 21.3599, dt = 0.05423223},
	{cf = CFrame.new(-7.219083, 2.180472, -9.599083, -0.723168, 0.057361, -0.688286, -0.198636, 0.937169, 0.286806, 0.661492, 0.344128, -0.666337), fov = 21.3599, dt = 0.05220439},
	{cf = CFrame.new(-7.219083, 2.180537, -9.599083, -0.723168, 0.057362, -0.688286, -0.198636, 0.937169, 0.286806, 0.661492, 0.344128, -0.666337), fov = 21.3599, dt = 0.05764515},
	{cf = CFrame.new(-7.219083, 2.180545, -9.599083, -0.723168, 0.057362, -0.688286, -0.198636, 0.937169, 0.286806, 0.661492, 0.344128, -0.666337), fov = 21.3599, dt = 0.04749754},
	{cf = CFrame.new(-7.219083, 2.180545, -9.599083, -0.723168, 0.057362, -0.688286, -0.198636, 0.937169, 0.286806, 0.661492, 0.344128, -0.666337), fov = 21.3599, dt = 0.03993485},
	{cf = CFrame.new(-7.219083, 2.180545, -9.599083, -0.723168, 0.057362, -0.688286, -0.198636, 0.937169, 0.286806, 0.661492, 0.344128, -0.666337), fov = 21.3599, dt = 0.05453592},
	{cf = CFrame.new(-7.219083, 2.180545, -9.599083, -0.723168, 0.057362, -0.688286, -0.198636, 0.937169, 0.286806, 0.661492, 0.344128, -0.666337), fov = 21.3599, dt = 0.03964154},
	{cf = CFrame.new(-7.219083, 2.180545, -9.599083, -0.723168, 0.057362, -0.688286, -0.198636, 0.937169, 0.286806, 0.661492, 0.344128, -0.666337), fov = 21.3599, dt = 0.04766677},
	{cf = CFrame.new(-7.219083, 2.171477, -9.599083, -0.723168, 0.057362, -0.688286, -0.198636, 0.937169, 0.286806, 0.661492, 0.344128, -0.666337), fov = 21.3599, dt = 0.04132808},
	{cf = CFrame.new(-7.219083, 2.176208, -9.599083, -0.723168, 0.057361, -0.688286, -0.198636, 0.937169, 0.286806, 0.661492, 0.344128, -0.666337), fov = 21.3599, dt = 0.05868915},
	{cf = CFrame.new(-7.219083, 2.179832, -9.599083, -0.723168, 0.057362, -0.688286, -0.198636, 0.937169, 0.286806, 0.661492, 0.344128, -0.666337), fov = 21.3599, dt = 0.04254869},
	{cf = CFrame.new(-7.219083, 2.180412, -9.599083, -0.723168, 0.057362, -0.688286, -0.198636, 0.937169, 0.286806, 0.661492, 0.344128, -0.666337), fov = 21.3599, dt = 0.06583469},
	{cf = CFrame.new(-7.219083, 2.180533, -9.599083, -0.723168, 0.057362, -0.688286, -0.198636, 0.937169, 0.286806, 0.661492, 0.344128, -0.666337), fov = 21.3599, dt = 0.04074000},
	{cf = CFrame.new(-7.219083, 2.180545, -9.599083, -0.723168, 0.057362, -0.688286, -0.198636, 0.937169, 0.286806, 0.661492, 0.344128, -0.666337), fov = 21.3599, dt = 0.06054031},
	{cf = CFrame.new(-7.219083, 2.176755, -9.599083, -0.723168, 0.057361, -0.688286, -0.198636, 0.937169, 0.286806, 0.661492, 0.344128, -0.666337), fov = 21.3599, dt = 0.03916585},
	{cf = CFrame.new(-7.219083, 2.179810, -9.599083, -0.723168, 0.057362, -0.688286, -0.198636, 0.937169, 0.286806, 0.661492, 0.344128, -0.666337), fov = 21.3599, dt = 0.03633577},
	{cf = CFrame.new(-7.219083, 2.180328, -9.599083, -0.723168, 0.057362, -0.688286, -0.198636, 0.937169, 0.286806, 0.661492, 0.344128, -0.666337), fov = 21.3599, dt = 0.04726977},
	{cf = CFrame.new(-7.219083, 2.180512, -9.599083, -0.723168, 0.057361, -0.688286, -0.198636, 0.937169, 0.286806, 0.661492, 0.344128, -0.666337), fov = 21.3599, dt = 0.05056992},
	{cf = CFrame.new(-7.219083, 2.180542, -9.599083, -0.723168, 0.057362, -0.688286, -0.198636, 0.937169, 0.286806, 0.661492, 0.344128, -0.666337), fov = 21.3599, dt = 0.03926431},
	{cf = CFrame.new(-7.219083, 2.180545, -9.599083, -0.723168, 0.057362, -0.688286, -0.198636, 0.937169, 0.286806, 0.661492, 0.344128, -0.666337), fov = 21.3599, dt = 0.05081231},
	{cf = CFrame.new(-7.219083, 2.180545, -9.599083, -0.723168, 0.057362, -0.688286, -0.198636, 0.937169, 0.286806, 0.661492, 0.344128, -0.666337), fov = 21.3599, dt = 0.04381723},
	{cf = CFrame.new(-7.219083, 2.180545, -9.599083, -0.723168, 0.057362, -0.688286, -0.198636, 0.937169, 0.286806, 0.661492, 0.344128, -0.666337), fov = 21.3599, dt = 0.05317315},
	{cf = CFrame.new(-7.219083, 2.180545, -9.599083, -0.723168, 0.057362, -0.688286, -0.198636, 0.937169, 0.286806, 0.661492, 0.344128, -0.666337), fov = 21.3599, dt = 0.04405077},
	{cf = CFrame.new(-7.219083, 2.180545, -9.599083, -0.723168, 0.057361, -0.688286, -0.198636, 0.937169, 0.286806, 0.661492, 0.344128, -0.666337), fov = 21.3599, dt = 0.04979977},
	{cf = CFrame.new(-7.219083, 2.180545, -9.599083, -0.723168, 0.057361, -0.688286, -0.198636, 0.937169, 0.286806, 0.661492, 0.344128, -0.666337), fov = 21.3599, dt = 0.04166492},
	{cf = CFrame.new(-7.219083, 2.180545, -9.599083, -0.723168, 0.057362, -0.688286, -0.198636, 0.937169, 0.286806, 0.661492, 0.344128, -0.666337), fov = 21.3599, dt = 0.05146269},
	{cf = CFrame.new(-7.219083, 2.180545, -9.599083, -0.723168, 0.057362, -0.688286, -0.198636, 0.937169, 0.286806, 0.661492, 0.344128, -0.666337), fov = 21.3599, dt = 0.05996431},
	{cf = CFrame.new(-7.219083, 2.180545, -9.599083, -0.723168, 0.057361, -0.688286, -0.198636, 0.937169, 0.286806, 0.661492, 0.344128, -0.666337), fov = 21.3599, dt = 0.03812892},
	{cf = CFrame.new(-7.219083, 2.180545, -9.599083, -0.723168, 0.057362, -0.688286, -0.198636, 0.937169, 0.286806, 0.661492, 0.344128, -0.666337), fov = 21.3599, dt = 0.04808062},
	{cf = CFrame.new(-7.219083, 2.180545, -9.599083, -0.723168, 0.057362, -0.688286, -0.198636, 0.937169, 0.286806, 0.661492, 0.344128, -0.666337), fov = 21.3599, dt = 0.04319054},
	{cf = CFrame.new(-7.219083, 2.180545, -9.599083, -0.723168, 0.057361, -0.688286, -0.198636, 0.937169, 0.286806, 0.661492, 0.344128, -0.666337), fov = 21.3599, dt = 0.04208985},
	{cf = CFrame.new(-7.219083, 2.180545, -9.599083, -0.723168, 0.057362, -0.688286, -0.198636, 0.937169, 0.286806, 0.661492, 0.344128, -0.666337), fov = 21.3599, dt = 0.05050185},
	{cf = CFrame.new(-7.219083, 2.180545, -9.599083, -0.723168, 0.057362, -0.688286, -0.198636, 0.937169, 0.286806, 0.661492, 0.344128, -0.666337), fov = 21.3599, dt = 0.04012300},
	{cf = CFrame.new(-7.219083, 2.180545, -9.599083, -0.723168, 0.057362, -0.688286, -0.198636, 0.937169, 0.286806, 0.661492, 0.344128, -0.666337), fov = 21.3599, dt = 0.07364000},
	{cf = CFrame.new(-7.219083, 2.175173, -9.599083, -0.723168, 0.057362, -0.688286, -0.198636, 0.937169, 0.286806, 0.661492, 0.344128, -0.666337), fov = 21.3599, dt = 0.04340092},
	{cf = CFrame.new(-7.219083, 2.175691, -9.599083, -0.723168, 0.057361, -0.688286, -0.198636, 0.937169, 0.286806, 0.661492, 0.344128, -0.666337), fov = 21.3599, dt = 0.03596462},
	{cf = CFrame.new(-7.219083, 2.179859, -9.599083, -0.723168, 0.057362, -0.688286, -0.198636, 0.937169, 0.286806, 0.661492, 0.344128, -0.666337), fov = 21.3599, dt = 0.04018954},
	{cf = CFrame.new(-7.219083, 2.180406, -9.599083, -0.723168, 0.057362, -0.688286, -0.198636, 0.937169, 0.286806, 0.661492, 0.344128, -0.666337), fov = 21.3599, dt = 0.05472469},
	{cf = CFrame.new(-6.500580, 3.276654, -8.540409, -0.725464, -0.164043, -0.668425, -0.537925, 0.740979, 0.401979, 0.429346, 0.651184, -0.625796), fov = 21.3599, dt = 0.04835508},
	{cf = CFrame.new(-6.412161, 3.435760, -8.340326, -0.722830, -0.196980, -0.662357, -0.575572, 0.702049, 0.419338, 0.382406, 0.684344, -0.620838), fov = 21.3599, dt = 0.05067323},
	{cf = CFrame.new(-6.325245, 3.485962, -8.405867, -0.722830, -0.196980, -0.662357, -0.575572, 0.702049, 0.419338, 0.382406, 0.684344, -0.620838), fov = 21.3599, dt = 0.04372208},
	{cf = CFrame.new(-6.344213, 3.428159, -8.353413, -0.722830, -0.196980, -0.662357, -0.575572, 0.702049, 0.419338, 0.382406, 0.684344, -0.620838), fov = 21.3599, dt = 0.05695016},
	{cf = CFrame.new(-6.354436, 3.432872, -8.312849, -0.722830, -0.196980, -0.662357, -0.575572, 0.702049, 0.419338, 0.382406, 0.684344, -0.620838), fov = 21.3599, dt = 0.10402092},
	{cf = CFrame.new(-6.345488, 3.433743, -8.322012, -0.722830, -0.196980, -0.662357, -0.575572, 0.702049, 0.419338, 0.382406, 0.684344, -0.620838), fov = 21.3599, dt = 0.04010561},
	{cf = CFrame.new(-6.380997, 3.520998, -8.343193, -0.722830, -0.196980, -0.662357, -0.575572, 0.702049, 0.419338, 0.382406, 0.684344, -0.620838), fov = 21.3599, dt = 0.04657815},
	{cf = CFrame.new(-6.461823, 3.552287, -8.372629, -0.722830, -0.196980, -0.662357, -0.575572, 0.702049, 0.419338, 0.382406, 0.684344, -0.620838), fov = 21.3599, dt = 0.04944761},
	{cf = CFrame.new(-6.398105, 3.511771, -8.317364, -0.722830, -0.196980, -0.662356, -0.575572, 0.702049, 0.419338, 0.382406, 0.684344, -0.620838), fov = 21.3599, dt = 0.05059816},
	{cf = CFrame.new(-6.511706, 3.489788, -8.342722, -0.722830, -0.196980, -0.662357, -0.575572, 0.702049, 0.419338, 0.382406, 0.684344, -0.620838), fov = 21.3599, dt = 0.03958500},
	{cf = CFrame.new(-6.458846, 3.545788, -8.390028, -0.722830, -0.196980, -0.662357, -0.575572, 0.702049, 0.419338, 0.382406, 0.684344, -0.620838), fov = 21.3599, dt = 0.05235231},
	{cf = CFrame.new(-6.466596, 3.480248, -8.327709, -0.722830, -0.196980, -0.662357, -0.575572, 0.702049, 0.419338, 0.382406, 0.684344, -0.620838), fov = 21.3599, dt = 0.04025631},
	{cf = CFrame.new(-6.414981, 3.519419, -8.215162, -0.722830, -0.196980, -0.662357, -0.575572, 0.702049, 0.419338, 0.382406, 0.684344, -0.620838), fov = 21.3599, dt = 0.04918954},
	{cf = CFrame.new(-6.348325, 3.497472, -8.293987, -0.722830, -0.196980, -0.662357, -0.575572, 0.702049, 0.419338, 0.382406, 0.684344, -0.620838), fov = 21.3599, dt = 0.04185900},
	{cf = CFrame.new(-6.455951, 3.470784, -8.280697, -0.722830, -0.196980, -0.662357, -0.575572, 0.702049, 0.419338, 0.382406, 0.684344, -0.620838), fov = 21.3599, dt = 0.04717792},
	{cf = CFrame.new(-6.454993, 3.591023, -8.347727, -0.722830, -0.196980, -0.662357, -0.575572, 0.702049, 0.419338, 0.382406, 0.684344, -0.620838), fov = 21.3599, dt = 0.04206892},
	{cf = CFrame.new(-6.381388, 3.551313, -8.252941, -0.722830, -0.196980, -0.662356, -0.575572, 0.702049, 0.419338, 0.382406, 0.684344, -0.620838), fov = 21.3599, dt = 0.03874023},
	{cf = CFrame.new(-6.461360, 3.514428, -8.179184, -0.722830, -0.196980, -0.662357, -0.575572, 0.702049, 0.419338, 0.382406, 0.684344, -0.620838), fov = 21.3599, dt = 0.03827669},
	{cf = CFrame.new(-6.442822, 3.534928, -8.232370, -0.722830, -0.196980, -0.662357, -0.575572, 0.702049, 0.419338, 0.382406, 0.684344, -0.620838), fov = 21.3599, dt = 0.04901385},
	{cf = CFrame.new(-6.464218, 3.578754, -8.231039, -0.722830, -0.196980, -0.662357, -0.575572, 0.702049, 0.419338, 0.382406, 0.684344, -0.620838), fov = 21.3599, dt = 0.02339008},
	{cf = CFrame.new(-6.584411, 3.515041, -8.238705, -0.722830, -0.196980, -0.662357, -0.575572, 0.702049, 0.419338, 0.382406, 0.684344, -0.620838), fov = 21.3599, dt = 0.04330592},
	{cf = CFrame.new(-6.446265, 3.615058, -8.242214, -0.722830, -0.196980, -0.662357, -0.575572, 0.702049, 0.419338, 0.382406, 0.684344, -0.620838), fov = 21.3599, dt = 0.03251046},
	{cf = CFrame.new(-6.534904, 3.547770, -8.233507, -0.722830, -0.196980, -0.662357, -0.575572, 0.702049, 0.419338, 0.382406, 0.684344, -0.620838), fov = 21.3599, dt = 0.03547354},
	{cf = CFrame.new(-6.534828, 3.615905, -8.160992, -0.722830, -0.196980, -0.662356, -0.575572, 0.702049, 0.419338, 0.382406, 0.684344, -0.620838), fov = 21.3599, dt = 0.03787715},
	{cf = CFrame.new(-6.506073, 3.549006, -8.129744, -0.722830, -0.196980, -0.662356, -0.575572, 0.702049, 0.419338, 0.382406, 0.684344, -0.620838), fov = 21.3599, dt = 0.04229692},
	{cf = CFrame.new(-6.575396, 3.579116, -8.114576, -0.722830, -0.196980, -0.662357, -0.575572, 0.702049, 0.419338, 0.382406, 0.684344, -0.620838), fov = 21.3599, dt = 0.05569823},
	{cf = CFrame.new(-6.488442, 3.596303, -8.136787, -0.722830, -0.196980, -0.662356, -0.575572, 0.702049, 0.419338, 0.382406, 0.684344, -0.620838), fov = 21.3599, dt = 0.03718669},
	{cf = CFrame.new(-6.468563, 3.664021, -8.035225, -0.722829, -0.196979, -0.662357, -0.575572, 0.702049, 0.419338, 0.382406, 0.684344, -0.620837), fov = 21.3599, dt = 0.04373392},
	{cf = CFrame.new(-6.514466, 3.658639, -8.107779, -0.722830, -0.196980, -0.662357, -0.575572, 0.702049, 0.419338, 0.382406, 0.684344, -0.620838), fov = 21.3599, dt = 0.04176023},
	{cf = CFrame.new(-6.382362, 3.622237, -8.127123, -0.722830, -0.196980, -0.662357, -0.575572, 0.702049, 0.419338, 0.382406, 0.684344, -0.620838), fov = 21.3599, dt = 0.09820777},
	{cf = CFrame.new(-6.560011, 3.680295, -8.074444, -0.722830, -0.196980, -0.662357, -0.575572, 0.702049, 0.419338, 0.382406, 0.684344, -0.620838), fov = 21.3599, dt = 0.04122792},
	{cf = CFrame.new(-6.479935, 3.671281, -8.131750, -0.722830, -0.196980, -0.662356, -0.575572, 0.702049, 0.419338, 0.382406, 0.684344, -0.620838), fov = 21.3599, dt = 0.03581915},
	{cf = CFrame.new(-6.446998, 3.706834, -8.072540, -0.722830, -0.196980, -0.662357, -0.575572, 0.702049, 0.419338, 0.382406, 0.684344, -0.620838), fov = 21.3599, dt = 0.05430862},
	{cf = CFrame.new(-6.492387, 3.758381, -8.083197, -0.722830, -0.196980, -0.662357, -0.575572, 0.702049, 0.419338, 0.382406, 0.684344, -0.620838), fov = 21.3599, dt = 0.03975100},
	{cf = CFrame.new(-6.537177, 3.640578, -7.990362, -0.722830, -0.196980, -0.662356, -0.575572, 0.702049, 0.419338, 0.382406, 0.684344, -0.620838), fov = 21.3599, dt = 0.04625538},
	{cf = CFrame.new(-6.517647, 3.680593, -8.057365, -0.722830, -0.196980, -0.662356, -0.575572, 0.702049, 0.419338, 0.382406, 0.684344, -0.620838), fov = 21.3599, dt = 0.02843854},
	{cf = CFrame.new(-6.621635, 3.675290, -8.043228, -0.722830, -0.196980, -0.662357, -0.575572, 0.702049, 0.419338, 0.382406, 0.684344, -0.620838), fov = 21.3599, dt = 0.03643008},
	{cf = CFrame.new(-6.577267, 3.616003, -8.051935, -0.722830, -0.196980, -0.662357, -0.575572, 0.702049, 0.419338, 0.382406, 0.684344, -0.620838), fov = 21.3599, dt = 0.04542500},
	{cf = CFrame.new(-6.518070, 3.717053, -8.064560, -0.722830, -0.196980, -0.662357, -0.575572, 0.702049, 0.419338, 0.382406, 0.684344, -0.620838), fov = 21.3599, dt = 0.03368400},
	{cf = CFrame.new(-6.544966, 3.700783, -7.990511, -0.722830, -0.196980, -0.662357, -0.575572, 0.702049, 0.419338, 0.382406, 0.684344, -0.620838), fov = 21.3599, dt = 0.03900554},
	{cf = CFrame.new(-6.560521, 3.698021, -8.009153, -0.722830, -0.196980, -0.662357, -0.575572, 0.702049, 0.419338, 0.382406, 0.684344, -0.620838), fov = 21.3599, dt = 0.03636031},
	{cf = CFrame.new(-6.552289, 3.739899, -8.006424, -0.722830, -0.196980, -0.662357, -0.575572, 0.702049, 0.419338, 0.382406, 0.684344, -0.620838), fov = 21.3599, dt = 0.03293692},
	{cf = CFrame.new(-6.583794, 3.802575, -7.954641, -0.722830, -0.196980, -0.662357, -0.575572, 0.702049, 0.419338, 0.382406, 0.684344, -0.620838), fov = 21.3599, dt = 0.03861754},
	{cf = CFrame.new(-6.606249, 3.714807, -8.020926, -0.722830, -0.196980, -0.662357, -0.575572, 0.702049, 0.419338, 0.382406, 0.684344, -0.620838), fov = 21.3599, dt = 0.03656854},
	{cf = CFrame.new(-6.500902, 3.734733, -8.033016, -0.722830, -0.196980, -0.662356, -0.575572, 0.702049, 0.419338, 0.382406, 0.684344, -0.620838), fov = 21.3599, dt = 0.04812092},
	{cf = CFrame.new(-6.540606, 3.731660, -7.942568, -0.722830, -0.196980, -0.662357, -0.575572, 0.702049, 0.419338, 0.382406, 0.684344, -0.620838), fov = 21.3599, dt = 0.04002923},
	{cf = CFrame.new(-6.546715, 3.712277, -7.975008, -0.722830, -0.196980, -0.662357, -0.575572, 0.702049, 0.419338, 0.382406, 0.684344, -0.620838), fov = 21.3599, dt = 0.04286838},
	{cf = CFrame.new(-6.533041, 3.775539, -7.936689, -0.722830, -0.196980, -0.662357, -0.575572, 0.702049, 0.419338, 0.382406, 0.684344, -0.620838), fov = 21.3599, dt = 0.03872831},
	{cf = CFrame.new(-6.612455, 3.854457, -7.918901, -0.722830, -0.196980, -0.662356, -0.575572, 0.702049, 0.419338, 0.382406, 0.684344, -0.620838), fov = 21.3599, dt = 0.03576485},
	{cf = CFrame.new(-6.661828, 3.797278, -7.894592, -0.722830, -0.196980, -0.662357, -0.575572, 0.702049, 0.419338, 0.382406, 0.684344, -0.620838), fov = 21.3599, dt = 0.05324092},
	{cf = CFrame.new(-6.564675, 3.815554, -7.925543, -0.722830, -0.196980, -0.662356, -0.575572, 0.702049, 0.419338, 0.382406, 0.684344, -0.620838), fov = 21.3599, dt = 0.03426246},
	{cf = CFrame.new(-6.568181, 3.851622, -8.024448, -0.722830, -0.196980, -0.662357, -0.575572, 0.702049, 0.419338, 0.382406, 0.684344, -0.620838), fov = 21.3599, dt = 0.04142008},
	{cf = CFrame.new(-6.571686, 3.840183, -7.928848, -0.722830, -0.196980, -0.662356, -0.575572, 0.702049, 0.419338, 0.382406, 0.684344, -0.620838), fov = 21.3599, dt = 0.03978246},
	{cf = CFrame.new(-6.639964, 3.742264, -7.899164, -0.722830, -0.196980, -0.662357, -0.575572, 0.702049, 0.419338, 0.382406, 0.684344, -0.620838), fov = 21.3599, dt = 0.03753562},
	{cf = CFrame.new(-6.547116, 3.865918, -7.917221, -0.722830, -0.196980, -0.662356, -0.575572, 0.702049, 0.419338, 0.382406, 0.684344, -0.620838), fov = 21.3599, dt = 0.03532615},
	{cf = CFrame.new(-6.665903, 3.830154, -7.944813, -0.722830, -0.196980, -0.662357, -0.575572, 0.702049, 0.419338, 0.382406, 0.684344, -0.620838), fov = 21.3599, dt = 0.07119200},
	{cf = CFrame.new(-6.587942, 3.794803, -7.922159, -0.722830, -0.196980, -0.662357, -0.575572, 0.702049, 0.419338, 0.382406, 0.684344, -0.620838), fov = 21.3599, dt = 0.03581915},
	{cf = CFrame.new(-6.606125, 3.761495, -7.838318, -0.722830, -0.196980, -0.662357, -0.575572, 0.702049, 0.419338, 0.382406, 0.684344, -0.620838), fov = 21.3599, dt = 0.04325931},
	{cf = CFrame.new(-6.686768, 3.808947, -7.979746, -0.722830, -0.196980, -0.662357, -0.575572, 0.702049, 0.419338, 0.382406, 0.684344, -0.620838), fov = 21.3599, dt = 0.03065292},
	{cf = CFrame.new(-6.583254, 3.859204, -7.853636, -0.722830, -0.196980, -0.662357, -0.575572, 0.702049, 0.419338, 0.382406, 0.684344, -0.620838), fov = 21.3599, dt = 0.04165477},
	{cf = CFrame.new(-6.565448, 3.876015, -7.872744, -0.722830, -0.196980, -0.662356, -0.575572, 0.702049, 0.419338, 0.382406, 0.684344, -0.620838), fov = 21.3599, dt = 0.03675238},
	{cf = CFrame.new(-6.705683, 3.918187, -7.860569, -0.722829, -0.196979, -0.662357, -0.575572, 0.702049, 0.419338, 0.382406, 0.684344, -0.620837), fov = 21.3599, dt = 0.03832762},
	{cf = CFrame.new(-6.615961, 3.899488, -7.844324, -0.722830, -0.196980, -0.662357, -0.575572, 0.702049, 0.419338, 0.382406, 0.684344, -0.620838), fov = 21.3599, dt = 0.03930377},
	{cf = CFrame.new(-6.652619, 3.829568, -7.803263, -0.722830, -0.196980, -0.662356, -0.575572, 0.702049, 0.419338, 0.382406, 0.684344, -0.620838), fov = 21.3599, dt = 0.04261231},
	{cf = CFrame.new(-3.411826, 2.297588, -4.441769, -0.368361, 0.100750, -0.924208, -0.499441, 0.817031, 0.288128, 0.784135, 0.567723, -0.250644), fov = 21.3599, dt = 0.03626861},
	{cf = CFrame.new(-2.343233, 1.697378, -3.333727, -0.215599, 0.182965, -0.959187, -0.450049, 0.853122, 0.263892, 0.866587, 0.488576, -0.101589), fov = 21.3599, dt = 0.04382092},
	{cf = CFrame.new(-2.354127, 1.703282, -3.386563, -0.216637, 0.182550, -0.959033, -0.451077, 0.852494, 0.264165, 0.865793, 0.489826, -0.102337), fov = 21.3599, dt = 0.05301077},
	{cf = CFrame.new(-2.373968, 1.665480, -3.401659, -0.218333, 0.181869, -0.958778, -0.452757, 0.851463, 0.264614, 0.864489, 0.491868, -0.103560), fov = 21.3599, dt = 0.03081600},
	{cf = CFrame.new(-2.377850, 1.598384, -3.441669, -0.219840, 0.181259, -0.958549, -0.454248, 0.850544, 0.265016, 0.863324, 0.493680, -0.104647), fov = 21.3599, dt = 0.02910985},
	{cf = CFrame.new(-2.384153, 1.660625, -3.432870, -0.221157, 0.180723, -0.958347, -0.455551, 0.849737, 0.265369, 0.862301, 0.495264, -0.105596), fov = 21.3599, dt = 0.03337415},
	{cf = CFrame.new(-2.297510, 1.669799, -3.408607, -0.222034, 0.180365, -0.958212, -0.456418, 0.849198, 0.265605, 0.861617, 0.496319, -0.106229), fov = 21.3599, dt = 0.03711877},
	{cf = CFrame.new(-2.446308, 1.674373, -3.406190, -0.223160, 0.179902, -0.958037, -0.457533, 0.848503, 0.265909, 0.860734, 0.497673, -0.107041), fov = 21.3599, dt = 0.02485262},
	{cf = CFrame.new(-2.426193, 1.692306, -3.365322, -0.224161, 0.179489, -0.957881, -0.458522, 0.847883, 0.266180, 0.859948, 0.498876, -0.107763), fov = 21.3599, dt = 0.03737077},
	{cf = CFrame.new(-2.376925, 1.690831, -3.420062, -0.225537, 0.178920, -0.957664, -0.459880, 0.847030, 0.266555, 0.858862, 0.500529, -0.108755), fov = 21.3599, dt = 0.03557069},
	{cf = CFrame.new(-2.400182, 1.651395, -3.508410, -0.226661, 0.178451, -0.957486, -0.460990, 0.846329, 0.266862, 0.857970, 0.501879, -0.109566), fov = 21.3599, dt = 0.03060039},
	{cf = CFrame.new(-2.450977, 1.636405, -3.492267, -0.228097, 0.177850, -0.957257, -0.462406, 0.845432, 0.267257, 0.856827, 0.503602, -0.110601), fov = 21.3599, dt = 0.03305746},
	{cf = CFrame.new(-2.390100, 1.736817, -3.426552, -0.229406, 0.177299, -0.957046, -0.463697, 0.844609, 0.267619, 0.855779, 0.505173, -0.111545), fov = 21.3599, dt = 0.03589385},
	{cf = CFrame.new(-2.326703, 1.664469, -3.341585, -0.230652, 0.176772, -0.956845, -0.464925, 0.843825, 0.267965, 0.854778, 0.506667, -0.112444), fov = 21.3599, dt = 0.03710623},
	{cf = CFrame.new(-2.393960, 1.618546, -3.364691, -0.231647, 0.176349, -0.956682, -0.465906, 0.843195, 0.268242, 0.853974, 0.507861, -0.113162), fov = 21.3599, dt = 0.02796431},
	{cf = CFrame.new(-2.369559, 1.700059, -3.389536, -0.232518, 0.175978, -0.956539, -0.466763, 0.842643, 0.268486, 0.853269, 0.508905, -0.113789), fov = 21.3599, dt = 0.05001346},
	{cf = CFrame.new(-2.445957, 1.646835, -3.433368, -0.234506, 0.175125, -0.956210, -0.468720, 0.841378, 0.269045, 0.851650, 0.511288, -0.115224), fov = 21.3599, dt = 0.04139108},
	{cf = CFrame.new(-2.438547, 1.677735, -3.380996, -0.235747, 0.174589, -0.956003, -0.469941, 0.840584, 0.269396, 0.850635, 0.512774, -0.116119), fov = 21.3599, dt = 0.05056800},
	{cf = CFrame.new(-2.358966, 1.677056, -3.474375, -0.237978, 0.173619, -0.955627, -0.472133, 0.839150, 0.270032, 0.848797, 0.515445, -0.117728), fov = 21.3599, dt = 0.05234154},
	{cf = CFrame.new(-2.430903, 1.699412, -3.381869, -0.239711, 0.172859, -0.955332, -0.473835, 0.838030, 0.270529, 0.847360, 0.517518, -0.118978), fov = 21.3599, dt = 0.05343977},
	{cf = CFrame.new(-2.297876, 1.714704, -3.435291, -0.241317, 0.172151, -0.955055, -0.475412, 0.836987, 0.270992, 0.846020, 0.519440, -0.120137), fov = 21.3599, dt = 0.05222708},
	{cf = CFrame.new(-2.299109, 1.684663, -3.351785, -0.243292, 0.171273, -0.954712, -0.477348, 0.835697, 0.271566, 0.844362, 0.521800, -0.121562), fov = 21.3599, dt = 0.04905631},
	{cf = CFrame.new(-2.312757, 1.768313, -3.426578, -0.244832, 0.170584, -0.954441, -0.478858, 0.834687, 0.272017, 0.843061, 0.523641, -0.122673), fov = 21.3599, dt = 0.03975138},
	{cf = CFrame.new(-2.332911, 1.710860, -3.408730, -0.246679, 0.169752, -0.954114, -0.480666, 0.833469, 0.272560, 0.841492, 0.525845, -0.124005), fov = 21.3599, dt = 0.04773346},
	{cf = CFrame.new(-2.388547, 1.696437, -3.369801, -0.248461, 0.168944, -0.953795, -0.482410, 0.832288, 0.273088, 0.839969, 0.527972, -0.125290), fov = 21.3599, dt = 0.04630869},
	{cf = CFrame.new(-2.721559, 0.315673, -2.843189, -0.502067, -0.075073, -0.861564, -0.237380, 0.969925, 0.053815, 0.831612, 0.231537, -0.504788), fov = 21.3599, dt = 0.04260923},
	{cf = CFrame.new(-2.726790, 0.379525, -2.922243, -0.502067, -0.075073, -0.861564, -0.237380, 0.969925, 0.053815, 0.831613, 0.231537, -0.504788), fov = 21.3599, dt = 0.04553446},
	{cf = CFrame.new(-2.759065, 0.438001, -2.807049, -0.502067, -0.075073, -0.861564, -0.237380, 0.969925, 0.053815, 0.831613, 0.231537, -0.504788), fov = 21.3599, dt = 0.02845223},
	{cf = CFrame.new(-2.788026, 0.328480, -2.822219, -0.502067, -0.075073, -0.861564, -0.237380, 0.969925, 0.053815, 0.831612, 0.231537, -0.504788), fov = 21.3599, dt = 0.03381977},
	{cf = CFrame.new(-2.754820, 0.370557, -2.867483, -0.502067, -0.075073, -0.861564, -0.237380, 0.969925, 0.053815, 0.831613, 0.231537, -0.504788), fov = 21.3599, dt = 0.03987138},
	{cf = CFrame.new(-2.723926, 0.462836, -2.910545, -0.502067, -0.075073, -0.861564, -0.237380, 0.969925, 0.053815, 0.831613, 0.231537, -0.504788), fov = 21.3599, dt = 0.03599685},
	{cf = CFrame.new(-2.826461, 0.301440, -2.858697, -0.502067, -0.075073, -0.861564, -0.237380, 0.969925, 0.053815, 0.831612, 0.231537, -0.504788), fov = 21.3599, dt = 0.03825023},
	{cf = CFrame.new(-2.786659, 0.353906, -2.905025, -0.502067, -0.075073, -0.861564, -0.237380, 0.969925, 0.053815, 0.831612, 0.231537, -0.504788), fov = 21.3599, dt = 0.03997131},
