
local Players = game:GetService('Players')
local RunService = game:GetService('RunService')

local player = Players.LocalPlayer
local camera = workspace.CurrentCamera

local root = player.Character:WaitForChild('HumanoidRootPart')

camera.CameraType = Enum.CameraType.Scriptable

local frames = {
	{cf=CFrame.new(1.098118,6.419897,-11.405703,-0.995287,-0.049528,0.083368,-0.000000,0.859727,0.510755,-0.096970,0.508348,-0.855675),fov=95.000008,dt=0.024835},
	{cf=CFrame.new(-4.721031,5.279999,-11.680793,-0.941674,0.065782,-0.330037,-0.000074,0.980669,0.195675,0.336528,0.184286,-0.923465),fov=70.000000,dt=0.024082},
	{cf=CFrame.new(-4.738422,5.130131,-11.616756,-0.940888,0.065373,-0.332351,-0.000102,0.981144,0.193279,0.338719,0.181887,-0.923140),fov=70.000000,dt=0.024256},
	{cf=CFrame.new(-4.773209,4.830395,-11.488685,-0.939301,0.064536,-0.336970,-0.000142,0.982077,0.188482,0.343095,0.177089,-0.922457),fov=70.000000,dt=0.024402},
	{cf=CFrame.new(-4.789875,4.686762,-11.427314,-0.938533,0.064126,-0.339180,-0.000153,0.982515,0.186181,0.345189,0.174789,-0.922114),fov=70.000000,dt=0.012836},
	{cf=CFrame.new(-4.807987,4.530657,-11.360611,-0.937694,0.063675,-0.341579,-0.000159,0.982986,0.183680,0.347463,0.172290,-0.921730),fov=70.000000,dt=0.015042},
	{cf=CFrame.new(-4.825382,4.380789,-11.296573,-0.936883,0.063236,-0.343879,-0.000159,0.983432,0.181277,0.349644,0.169890,-0.921350),fov=70.000000,dt=0.018172},
	{cf=CFrame.new(-4.842773,4.230921,-11.232540,-0.936066,0.062791,-0.346176,-0.000154,0.983872,0.178874,0.351824,0.167491,-0.920960),fov=70.000000,dt=0.016374},
	{cf=CFrame.new(-4.860165,4.081053,-11.168503,-0.935245,0.062340,-0.348469,-0.000142,0.984306,0.176469,0.354002,0.165091,-0.920558),fov=70.000000,dt=0.023105},
	{cf=CFrame.new(-4.877556,3.931185,-11.104465,-0.934418,0.061882,-0.350760,-0.000125,0.984734,0.174064,0.356177,0.162692,-0.920146),fov=70.000000,dt=0.018966},
	{cf=CFrame.new(-4.911343,3.640074,-10.980078,-0.932799,0.060977,-0.355201,-0.000076,0.985549,0.169388,0.360397,0.158032,-0.919315),fov=70.000000,dt=0.013201},
	{cf=CFrame.new(-4.912346,3.631447,-10.976392,-0.932751,0.060950,-0.355333,-0.000074,0.985573,0.169250,0.360522,0.157894,-0.919289),fov=70.000000,dt=0.017972},
	{cf=CFrame.new(-4.929737,3.481579,-10.912355,-0.931909,0.060475,-0.357615,-0.000040,0.985984,0.166841,0.362692,0.155495,-0.918845),fov=70.000000,dt=0.021776},
	{cf=CFrame.new(-5.015518,3.352558,-10.862867,-0.924848,0.065043,-0.374734,0.000055,0.985291,0.170884,0.380337,0.158022,-0.911248),fov=70.113945,dt=0.019636},
	{cf=CFrame.new(-5.083908,3.373407,-10.877414,-0.918376,0.070171,-0.389437,0.000000,0.984152,0.177330,0.395708,0.162855,-0.903822),fov=70.452309,dt=0.022227},
	{cf=CFrame.new(-4.996136,3.325737,-10.889544,-0.939301,0.053897,-0.338834,0.000630,0.987853,0.155387,0.343093,0.145742,-0.927926),fov=71.004807,dt=0.047956},
	{cf=CFrame.new(-5.442059,3.298292,-11.277300,-0.901724,0.049121,-0.429513,-0.000000,0.993524,0.113625,0.432313,0.102458,-0.895884),fov=73.750000,dt=0.116388},
	{cf=CFrame.new(-5.543251,1.950045,-11.832998,-0.940386,-0.130753,-0.313972,-0.000756,0.923950,-0.382512,0.340109,-0.359471,-0.868969),fov=82.320908,dt=0.110164},
	{cf=CFrame.new(-5.694057,-0.577608,-11.491661,-0.926273,-0.228526,-0.299657,-0.001544,0.797450,-0.603383,0.376851,-0.558434,-0.739009),fov=84.330124,dt=0.104890},
	{cf=CFrame.new(-5.801540,-1.878633,-11.443151,-0.922556,-0.260265,-0.284875,-0.000748,0.739482,-0.673176,0.385864,-0.620829,-0.682408),fov=77.499992,dt=0.067662},
	{cf=CFrame.new(-5.861172,-2.601942,-11.415879,-0.920511,-0.276933,-0.275623,-0.000000,0.705429,-0.708781,0.390717,-0.652440,-0.649355),fov=75.000000,dt=0.046995},
	{cf=CFrame.new(-10.109459,114.324585,5.464239,0.928239,0.339494,-0.152041,0.001087,0.406251,0.913761,0.371983,-0.848354,0.376729),fov=75.044441,dt=0.044781},
	{cf=CFrame.new(-9.467857,114.424515,5.595550,0.939134,0.314706,-0.137792,0.002409,0.395042,0.918660,0.343542,-0.863077,0.370239),fov=75.277779,dt=0.051063},
	{cf=CFrame.new(-8.826256,114.524445,5.726861,0.949162,0.289449,-0.123734,0.003357,0.383742,0.923434,0.314769,-0.876904,0.363262),fov=75.711113,dt=0.063778},
	{cf=CFrame.new(-8.091068,114.599838,5.857981,0.958373,0.263673,-0.109532,0.004126,0.370797,0.928705,0.285489,-0.890498,0.354274),fov=76.599998,dt=0.030632},
	{cf=CFrame.new(-7.997482,114.575333,5.857791,0.958434,0.263596,-0.109185,0.004321,0.369229,0.929328,0.285282,-0.891172,0.352743),fov=76.877769,dt=0.033039},
	{cf=CFrame.new(-7.810314,114.526291,5.857409,0.958556,0.263440,-0.108491,0.004710,0.366091,0.930567,0.284866,-0.892511,0.349678),fov=77.499992,dt=0.033775},
	{cf=CFrame.new(-7.623146,114.477264,5.857027,0.958677,0.263282,-0.107798,0.005098,0.362949,0.931795,0.284450,-0.893840,0.346609),fov=78.122215,dt=0.031450},
	{cf=CFrame.new(-7.435974,114.428223,5.856645,0.958799,0.263121,-0.107105,0.005484,0.359803,0.933012,0.284032,-0.895159,0.343535),fov=78.655556,dt=0.038474},
	{cf=CFrame.new(-7.155224,114.354675,5.856074,0.958982,0.262876,-0.106066,0.006061,0.355075,0.934818,0.283403,-0.897117,0.338917),fov=79.288887,dt=0.028407},
	{cf=CFrame.new(-7.061638,114.330154,5.855881,0.959043,0.262793,-0.105721,0.006252,0.353497,0.935415,0.283192,-0.897764,0.337376),fov=79.455566,dt=0.034271},
	{cf=CFrame.new(-6.874466,114.281113,5.855499,0.959165,0.262625,-0.105030,0.006634,0.350338,0.936600,0.282770,-0.899050,0.334289),fov=79.722221,dt=0.035931},
	{cf=CFrame.new(-6.826347,114.009354,5.727167,0.950888,0.287178,-0.115505,0.007984,0.350276,0.936612,0.309433,-0.891535,0.330781),fov=79.900002,dt=0.031422},
	{cf=CFrame.new(-6.778221,113.737610,5.598834,0.941868,0.311512,-0.125878,0.009335,0.350250,0.936610,0.335854,-0.883338,0.326981),fov=79.988899,dt=0.031672},
	{cf=CFrame.new(-6.730095,113.465851,5.470501,0.932112,0.335607,-0.136142,0.010686,0.350258,0.936593,0.362012,-0.874464,0.322893),fov=79.955559,dt=0.032415},
	{cf=CFrame.new(-6.681976,113.194092,5.342168,0.921628,0.359445,-0.146287,0.012036,0.350301,0.936560,0.387886,-0.864921,0.318521),fov=79.599998,dt=0.029777},
	{cf=CFrame.new(-6.633846,112.922333,5.213834,0.910425,0.383008,-0.156306,0.013384,0.350378,0.936513,0.413458,-0.854717,0.313866),fov=78.888885,dt=0.028547},
	{cf=CFrame.new(-6.585728,112.650589,5.085501,0.898510,0.406276,-0.166191,0.014729,0.350490,0.936451,0.438706,-0.843858,0.308934),fov=77.822220,dt=0.032799},
	{cf=CFrame.new(-6.537598,112.378830,4.957166,0.885893,0.429232,-0.175935,0.016070,0.350636,0.936374,0.463611,-0.832354,0.303728),fov=76.400002,dt=0.029775},
	{cf=CFrame.new(-6.513538,112.242950,4.893001,0.879325,0.440587,-0.180751,0.016739,0.350722,0.936330,0.475928,-0.826363,0.301024),fov=75.555557,dt=0.031734},
	{cf=CFrame.new(-6.465412,111.971191,4.764668,0.865674,0.463041,-0.190268,0.018072,0.350921,0.936231,0.500282,-0.813909,0.295415),fov=73.599998,dt=0.035778},
	{cf=CFrame.new(-6.351349,111.024307,4.361753,0.817152,0.527536,-0.232313,0.019317,0.377736,0.925712,0.576099,-0.760934,0.298477),fov=70.000000,dt=0.033092},
	{cf=CFrame.new(-6.261349,110.213303,4.023005,0.771022,0.576822,-0.269818,0.017717,0.404110,0.914539,0.636562,-0.709910,0.301358),fov=67.155548,dt=0.033706},
	{cf=CFrame.new(-6.171345,109.402313,3.684259,0.720505,0.621672,-0.307239,0.013945,0.429980,0.902731,0.693309,-0.654707,0.301134),fov=63.955555,dt=0.032135},
	{cf=CFrame.new(-6.126343,108.996811,3.514885,0.693704,0.642341,-0.325841,0.011252,0.442674,0.896612,0.720172,-0.625650,0.299857),fov=62.222221,dt=0.035818},
	{cf=CFrame.new(-5.991341,107.780304,3.006763,0.607658,0.696924,-0.380851,-0.000000,0.479542,0.877519,0.794198,-0.533232,0.291398),fov=56.511112,dt=0.035646},
	{cf=CFrame.new(-5.641403,106.504829,2.608871,0.560816,0.699747,-0.442538,0.010558,0.528417,0.848919,0.827873,-0.480760,0.288956),fov=52.777779,dt=0.036736},
	{cf=CFrame.new(-5.291470,105.229347,2.210978,0.511648,0.697007,-0.502392,0.017817,0.575991,0.817262,0.859010,-0.427102,0.282286),fov=49.400002,dt=0.037190},
	{cf=CFrame.new(-4.941528,103.953873,1.813084,0.460480,0.688722,-0.560018,0.021729,0.621950,0.782755,0.887404,-0.372612,0.271431),fov=46.377777,dt=0.041231},
	{cf=CFrame.new(-4.568939,103.156334,1.322133,0.396038,0.666749,-0.631348,0.032600,0.676924,0.735330,0.917655,-0.311801,0.246351),fov=42.511112,dt=0.034627},
	{cf=CFrame.new(-4.371311,102.996536,1.030129,0.356749,0.648212,-0.672720,0.040925,0.708567,0.704456,0.933303,-0.278845,0.226253),fov=40.377781,dt=0.036232},
	{cf=CFrame.new(-4.173683,102.836739,0.738124,0.316530,0.626974,-0.711837,0.047363,0.739040,0.671995,0.947399,-0.246421,0.204233),fov=38.599998,dt=0.029526},
	{cf=CFrame.new(-3.976055,102.676941,0.446120,0.275527,0.603115,-0.748557,0.051891,0.768231,0.638066,0.959892,-0.214648,0.180373),fov=37.177776,dt=0.035699},
	{cf=CFrame.new(-3.803490,103.169014,0.115315,0.228273,0.569610,-0.789580,0.063852,0.800487,0.595939,0.971501,-0.186453,0.146359),fov=36.111111,dt=0.031232},
	{cf=CFrame.new(-3.630924,103.661087,-0.215489,0.179958,0.533152,-0.826659,0.073195,0.830791,0.551751,0.980947,-0.159799,0.110484),fov=35.400002,dt=0.029566},
	{cf=CFrame.new(-3.544640,103.907127,-0.380892,0.155479,0.513871,-0.843660,0.076869,0.845163,0.528953,0.984844,-0.147093,0.091905),fov=35.177776,dt=0.024695},
	{cf=CFrame.new(-3.372066,104.399200,-0.711697,0.106033,0.473331,-0.874480,0.082201,0.872255,0.482094,0.990959,-0.123001,0.053579),fov=35.000000,dt=0.035247},
	{cf=CFrame.new(-3.201500,105.298920,-1.088302,0.048745,0.422630,-0.904990,0.089463,0.900578,0.425389,0.994797,-0.101699,0.006089),fov=35.020477,dt=0.031839},
	{cf=CFrame.new(-3.032913,106.606285,-1.510707,-0.016598,0.361223,-0.932332,0.097126,0.928633,0.358061,0.995134,-0.084611,-0.050498),fov=35.163841,dt=0.022105},
	{cf=CFrame.new(-2.948627,107.259972,-1.721910,-0.049414,0.329442,-0.942882,0.099161,0.940989,0.323584,0.993844,-0.077507,-0.079166),fov=35.320000,dt=0.027462},
	{cf=CFrame.new(-2.778454,108.881851,-2.184573,-0.121683,0.256998,-0.958721,0.101797,0.964036,0.245503,0.987335,-0.067722,-0.143468),fov=35.878078,dt=0.026660},
	{cf=CFrame.new(-2.606701,110.818268,-2.687493,-0.200056,0.175287,-0.963977,0.100077,0.982377,0.157863,0.974660,-0.064890,-0.214073),fov=36.866241,dt=0.022497},
	{cf=CFrame.new(-2.520828,111.786469,-2.938954,-0.238723,0.133880,-0.961815,0.096555,0.988815,0.113673,0.966275,-0.065731,-0.248979),fov=37.560001,dt=0.022253},
	{cf=CFrame.new(-2.433365,113.069183,-3.230671,-0.283477,0.085138,-0.955192,0.092142,0.993861,0.061239,0.954542,-0.070654,-0.289582),fov=38.407360,dt=0.023477},
	{cf=CFrame.new(-2.258434,115.634644,-3.814106,-0.370338,-0.011969,-0.928820,0.076066,0.996168,-0.043166,0.925777,-0.086638,-0.368009),fov=40.576317,dt=0.021605},
	{cf=CFrame.new(-2.170971,116.917374,-4.105824,-0.412053,-0.059897,-0.909189,0.064475,0.993419,-0.094667,0.908876,-0.097627,-0.405479),fov=41.592636,dt=0.018287},
	{cf=CFrame.new(-2.083511,118.200089,-4.397542,-0.452370,-0.107118,-0.885374,0.050581,0.988081,-0.145388,0.890395,-0.110552,-0.441560),fov=42.439999,dt=0.018186},
	{cf=CFrame.new(-2.155659,118.663956,-4.617765,-0.470900,-0.141957,-0.870691,0.044113,0.981944,-0.183954,0.881083,-0.125033,-0.456135),fov=43.133759,dt=0.025263},
	{cf=CFrame.new(-2.299957,119.591690,-5.058211,-0.506612,-0.209955,-0.836220,0.028777,0.965238,-0.259783,0.861694,-0.155673,-0.482959),fov=44.121922,dt=0.025568},
	{cf=CFrame.new(-2.372108,120.055557,-5.278435,-0.523726,-0.242984,-0.816499,0.019937,0.954701,-0.296900,0.851654,-0.171773,-0.495157),fov=44.447044,dt=0.023596},
	{cf=CFrame.new(-2.516407,120.983292,-5.718883,-0.556307,-0.306781,-0.772275,0.000000,0.929358,-0.369181,0.830977,-0.205378,-0.517008),fov=44.836159,dt=0.024985},
	{cf=CFrame.new(-3.024757,120.376984,-6.097279,-0.556307,-0.359825,-0.749032,0.000000,0.901387,-0.433015,0.830977,-0.240889,-0.501448),fov=44.930882,dt=0.024112},
	{cf=CFrame.new(-4.041458,119.164337,-6.854074,-0.556307,-0.460422,-0.691761,0.000000,0.832468,-0.554074,0.830977,-0.308235,-0.463108),fov=44.997440,dt=0.026918},
	{cf=CFrame.new(-4.549809,118.558014,-7.232471,-0.556307,-0.507486,-0.658012,-0.000000,0.791854,-0.610710,0.830977,-0.339742,-0.440514),fov=45.000000,dt=0.016348},
	{cf=CFrame.new(-2.374596,151.733673,5.908768,0.900312,0.411429,-0.141999,0.000000,0.326252,0.945283,0.435245,-0.851050,0.293729),fov=25.000000,dt=0.024386},
	{cf=CFrame.new(-2.181671,149.989288,5.643485,0.901969,0.403412,-0.153981,-0.000062,0.356723,0.934210,0.431800,-0.842620,0.321778),fov=25.008078,dt=0.025109},
	{cf=CFrame.new(-2.085213,149.117111,5.510844,0.902793,0.399256,-0.159872,-0.000046,0.371821,0.928305,0.430074,-0.838060,0.335696),fov=25.027260,dt=0.026868},
	{cf=CFrame.new(-1.954399,147.811676,5.347584,0.904955,0.388607,-0.173321,-0.000215,0.407748,0.913095,0.425506,-0.826273,0.369077),fov=25.126200,dt=0.042271},
	{cf=CFrame.new(-1.885693,146.945190,5.286345,0.907616,0.375289,-0.188124,-0.000431,0.448960,0.893552,0.419800,-0.810921,0.407645),fov=25.346292,dt=0.036689},
	{cf=CFrame.new(-1.816986,146.078705,5.225105,0.910243,0.361295,-0.202296,-0.000359,0.489238,0.872151,0.414075,-0.793796,0.445455),fov=25.735998,dt=0.042116},
	{cf=CFrame.new(-1.693344,144.910889,5.077495,0.912632,0.344083,-0.220702,-0.000132,0.540149,0.841569,0.408782,-0.768014,0.493003),fov=26.744591,dt=0.034566},
	{cf=CFrame.new(-1.583477,144.308212,4.904752,0.912240,0.338736,-0.230383,-0.000415,0.563145,0.826358,0.409656,-0.753741,0.513864),fov=27.770350,dt=0.033074},
	{cf=CFrame.new(-1.473602,143.705551,4.732009,0.911850,0.333123,-0.239912,-0.000725,0.585712,0.810519,0.410522,-0.738898,0.534323),fov=29.135328,dt=0.035186},
	{cf=CFrame.new(-1.363731,143.102875,4.559267,0.911463,0.327250,-0.249283,-0.001061,0.607833,0.794064,0.411380,-0.723496,0.554365),fov=30.888004,dt=0.033140},
	{cf=CFrame.new(-1.329163,142.915024,4.511402,0.911676,0.323213,-0.253733,-0.000893,0.619047,0.785354,0.410909,-0.715762,0.564658),fov=33.076817,dt=0.033782},
	{cf=CFrame.new(-1.294594,142.727158,4.463538,0.911887,0.319112,-0.258126,-0.000717,0.630137,0.776484,0.410440,-0.707881,0.574843),fov=35.750244,dt=0.038657},
	{cf=CFrame.new(-1.260033,142.539307,4.415674,0.912098,0.314949,-0.262460,-0.000534,0.641100,0.767457,0.409973,-0.699856,0.584914),fov=38.650074,dt=0.028698},
	{cf=CFrame.new(-1.225460,142.351440,4.367810,0.912306,0.310725,-0.266735,-0.000344,0.651934,0.758276,0.409509,-0.691688,0.594870),fov=41.075138,dt=0.031049},
	{cf=CFrame.new(-1.190895,142.163589,4.319947,0.912513,0.306441,-0.270948,-0.000146,0.662634,0.748943,0.409046,-0.683381,0.604707),fov=43.039825,dt=0.028639},
	{cf=CFrame.new(-1.188110,142.152008,4.312338,0.912280,0.306517,-0.271650,-0.000130,0.663475,0.748199,0.409568,-0.682531,0.605314),fov=44.592594,dt=0.032149},
	{cf=CFrame.new(-1.185329,142.140411,4.304732,0.912045,0.306591,-0.272351,-0.000114,0.664315,0.747453,0.410090,-0.681680,0.605920),fov=45.781902,dt=0.025998},
	{cf=CFrame.new(-1.183933,142.134628,4.300928,0.911928,0.306628,-0.272702,-0.000106,0.664734,0.747080,0.410350,-0.681254,0.606222),fov=46.255409,dt=0.036090},
	{cf=CFrame.new(-1.181149,142.123047,4.293321,0.911693,0.306702,-0.273403,-0.000091,0.665573,0.746333,0.410871,-0.680402,0.606826),fov=46.990398,dt=0.025715},
	{cf=CFrame.new(-1.178360,142.111450,4.285715,0.911458,0.306774,-0.274105,-0.000076,0.666411,0.745585,0.411393,-0.679549,0.607429),fov=47.483082,dt=0.031238},
	{cf=CFrame.new(-1.175575,142.099869,4.278106,0.911223,0.306846,-0.274806,-0.000062,0.667248,0.744836,0.411914,-0.678694,0.608031),fov=47.781925,dt=0.029723},
	{cf=CFrame.new(-1.172596,142.088165,4.270973,0.911052,0.306831,-0.275391,-0.000052,0.668035,0.744130,0.412292,-0.677927,0.608630),fov=47.935387,dt=0.031829},
	{cf=CFrame.new(-1.169609,142.076447,4.263837,0.910880,0.306814,-0.275975,-0.000042,0.668821,0.743424,0.412671,-0.677158,0.609229),fov=47.991928,dt=0.024561},
	{cf=CFrame.new(-1.168118,142.070587,4.260270,0.910794,0.306806,-0.276267,-0.000037,0.669214,0.743070,0.412860,-0.676774,0.609527),fov=47.998989,dt=0.024333},
	{cf=CFrame.new(-1.166622,142.064728,4.256703,0.910709,0.306798,-0.276559,-0.000032,0.669606,0.742716,0.413049,-0.676389,0.609826),fov=48.000000,dt=0.029813},
	{cf=CFrame.new(-1.163639,142.053024,4.249569,0.910537,0.306780,-0.277143,-0.000023,0.670391,0.742008,0.413428,-0.675619,0.610423),fov=47.995804,dt=0.021307},
	{cf=CFrame.new(-1.160656,142.041321,4.242435,0.910365,0.306762,-0.277727,-0.000014,0.671175,0.741299,0.413806,-0.674849,0.611019),fov=47.983246,dt=0.025351},
	{cf=CFrame.new(-1.159164,142.035461,4.238868,0.910279,0.306753,-0.278019,-0.000010,0.671567,0.740944,0.413995,-0.674463,0.611316),fov=47.973850,dt=0.027808},
	{cf=CFrame.new(-1.156078,142.023682,4.231970,0.910139,0.306691,-0.278544,-0.000003,0.672325,0.740256,0.414302,-0.673735,0.611911),fov=47.948887,dt=0.023546},
	{cf=CFrame.new(-1.154484,142.017761,4.228638,0.910086,0.306639,-0.278777,0.000000,0.672692,0.739923,0.414420,-0.673393,0.612207),fov=47.933361,dt=0.025362},
	{cf=CFrame.new(-1.151299,142.005936,4.221976,0.909978,0.306533,-0.279244,0.000006,0.673425,0.739255,0.414656,-0.672708,0.612800),fov=47.896313,dt=0.025126},
	{cf=CFrame.new(-1.149708,142.000015,4.218646,0.909924,0.306480,-0.279477,0.000008,0.673791,0.738922,0.414774,-0.672365,0.613096),fov=47.874844,dt=0.031489},
	{cf=CFrame.new(-1.146523,141.988174,4.211984,0.909817,0.306374,-0.279943,0.000014,0.674523,0.738254,0.415010,-0.671679,0.613688),fov=47.826172,dt=0.023763},
	{cf=CFrame.new(-1.143341,141.976349,4.205322,0.909709,0.306268,-0.280409,0.000018,0.675254,0.737585,0.415246,-0.670993,0.614279),fov=47.770088,dt=0.026195},
	{cf=CFrame.new(-1.141747,141.970428,4.201992,0.909655,0.306214,-0.280642,0.000021,0.675620,0.737250,0.415364,-0.670649,0.614575),fov=47.739357,dt=0.032647},
	{cf=CFrame.new(-1.138561,141.958588,4.195329,0.909547,0.306107,-0.281108,0.000025,0.676350,0.736580,0.415600,-0.669962,0.615165),fov=47.672749,dt=0.038492},
	{cf=CFrame.new(-1.135380,141.946747,4.188668,0.909440,0.305999,-0.281574,0.000030,0.677080,0.735910,0.415836,-0.669274,0.615754),fov=47.599583,dt=0.042100},
	{cf=CFrame.new(-1.131065,141.930725,4.179644,0.909294,0.305853,-0.282205,0.000035,0.678067,0.735000,0.416155,-0.668341,0.616551),fov=47.478432,dt=0.011699},
	{cf=CFrame.new(-1.128357,141.921585,4.175329,0.909311,0.305642,-0.282378,0.000036,0.678543,0.734560,0.416118,-0.667954,0.616996),fov=47.435234,dt=0.016884},
	{cf=CFrame.new(-1.126110,141.914169,4.171982,0.909343,0.305447,-0.282483,0.000036,0.678914,0.734218,0.416046,-0.667666,0.617355),fov=47.390736,dt=0.083787},
	{cf=CFrame.new(-1.114880,141.877106,4.155248,0.909508,0.304470,-0.283009,0.000037,0.680763,0.732504,0.415687,-0.666228,0.619148),fov=47.150826,dt=0.093256},
	{cf=CFrame.new(-1.103653,141.840057,4.138514,0.909671,0.303492,-0.283533,0.000039,0.682608,0.730785,0.415329,-0.664785,0.620937),fov=46.888229,dt=0.101820},
	{cf=CFrame.new(-1.085831,141.791458,4.126665,0.911108,0.300659,-0.281933,0.000026,0.683983,0.729498,0.412168,-0.664659,0.623174),fov=46.556087,dt=0.088606},
	{cf=CFrame.new(-1.065849,141.740784,4.118933,0.913146,0.296995,-0.279211,0.000011,0.684939,0.728600,0.407633,-0.665321,0.625446),fov=46.221134,dt=0.081655},
	{cf=CFrame.new(-1.048233,141.701355,4.111706,0.915121,0.293374,-0.276561,0.000020,0.685914,0.727682,0.403180,-0.665923,0.627689),fov=45.951988,dt=0.108076},
	{cf=CFrame.new(-1.022480,141.667419,4.099264,0.918847,0.286315,-0.271558,0.000131,0.687941,0.725767,0.394613,-0.666904,0.632075),fov=45.655022,dt=0.031545},
	{cf=CFrame.new(-1.013897,141.656097,4.095117,0.920072,0.283959,-0.269881,0.000173,0.688615,0.725127,0.391750,-0.667216,0.633526),fov=45.564766,dt=0.065923},
	{cf=CFrame.new(-0.971851,141.544205,4.018539,0.923911,0.276792,-0.264149,0.000316,0.689840,0.723962,0.382608,-0.668960,0.637263),fov=45.400421,dt=0.061357},
	{cf=CFrame.new(-0.929821,141.425873,3.935522,0.927429,0.270115,-0.258676,0.000461,0.690824,0.723023,0.373999,-0.670672,0.640565),fov=45.260643,dt=0.055467},
	{cf=CFrame.new(-0.898323,141.322601,3.858765,0.929505,0.266236,-0.255222,0.000545,0.691026,0.722830,0.368809,-0.672013,0.642167),fov=45.173828,dt=0.057440},
	{cf=CFrame.new(-0.861057,141.061768,3.654602,0.927745,0.268320,-0.259409,0.000697,0.693822,0.720147,0.373213,-0.668293,0.643503),fov=45.103691,dt=0.051955},
	{cf=CFrame.new(-0.823795,140.800919,3.450438,0.925964,0.270382,-0.263597,0.000830,0.696607,0.717452,0.377610,-0.664554,0.644809),fov=45.051117,dt=0.046161},
	{cf=CFrame.new(-0.784607,140.487564,3.203805,0.922841,0.274376,-0.270337,0.000939,0.700240,0.713907,0.385180,-0.659077,0.645952),fov=45.016750,dt=0.048674},
	{cf=CFrame.new(-0.741577,140.069168,2.872233,0.916928,0.282170,-0.282175,0.000957,0.705556,0.708653,0.399051,-0.650054,0.646674),fov=45.001049,dt=0.050956},
	{cf=CFrame.new(-0.874786,139.872955,2.654772,0.869957,0.323092,-0.372541,0.017997,0.734160,0.678737,0.492800,-0.597177,0.632873),fov=42.333336,dt=0.049527},
	{cf=CFrame.new(-1.007992,139.676727,2.437311,0.812939,0.357272,-0.459878,0.030591,0.762405,0.646377,0.581545,-0.539533,0.608859),fov=38.333332,dt=0.051028},
	{cf=CFrame.new(-1.221443,139.608459,2.270159,0.707326,0.388206,-0.590750,0.049837,0.806240,0.589485,0.705129,-0.446399,0.550928),fov=34.333332,dt=0.049505},
	{cf=CFrame.new(-1.434895,139.540207,2.103009,0.582520,0.401177,-0.706914,0.057139,0.847346,0.527958,0.810805,-0.347938,0.470674),fov=30.333334,dt=0.047948},
	{cf=CFrame.new(-1.620472,138.743164,1.109178,0.274827,0.369341,-0.887726,0.039690,0.918133,0.394279,0.960674,-0.143592,0.237669),fov=26.333332,dt=0.062813},
	{cf=CFrame.new(-1.671677,137.992111,0.173189,-0.049912,0.211369,-0.976131,0.020954,0.977356,0.210562,0.998534,-0.009945,-0.053211),fov=25.000000,dt=0.073509},
	{cf=CFrame.new(-1.526642,137.552765,-0.373679,-0.255305,0.016915,-0.966713,0.031541,0.999460,0.009158,0.966346,-0.028152,-0.255700),fov=25.000000,dt=0.039033},
	{cf=CFrame.new(-1.401821,137.364151,-0.614005,-0.347657,-0.056832,-0.935898,0.026320,0.997176,-0.070330,0.937252,-0.049084,-0.345179),fov=25.000000,dt=0.050166},
	{cf=CFrame.new(-1.277004,137.175537,-0.854332,-0.436157,-0.127866,-0.890740,0.013453,0.988816,-0.148532,0.899771,-0.076766,-0.429558),fov=25.000000,dt=0.031738},
	{cf=CFrame.new(-1.193794,137.049789,-1.014550,-0.492345,-0.173176,-0.852999,0.000720,0.979926,-0.199360,0.870400,-0.098768,-0.482337),fov=25.000000,dt=0.025964},
	{cf=CFrame.new(-1.152061,137.035660,-1.035440,-0.502044,-0.173722,-0.847215,0.000818,0.979522,-0.201336,0.864842,-0.101773,-0.491621),fov=25.000000,dt=0.024633},
	{cf=CFrame.new(-1.068588,137.007385,-1.077218,-0.521256,-0.174711,-0.835325,0.000946,0.978701,-0.205289,0.853400,-0.107799,-0.509988),fov=25.000000,dt=0.034846},
	{cf=CFrame.new(-0.985119,136.979111,-1.118998,-0.540206,-0.175562,-0.823016,0.000985,0.977864,-0.209240,0.841532,-0.113843,-0.528075),fov=25.000000,dt=0.043294},
	{cf=CFrame.new(-0.897060,136.926819,-1.155465,-0.559275,-0.176652,-0.809942,0.001135,0.976867,-0.213843,0.828981,-0.120517,-0.546137),fov=25.000000,dt=0.048985},
	{cf=CFrame.new(-0.764980,136.848358,-1.210166,-0.587329,-0.177993,-0.789533,0.001159,0.975331,-0.220742,0.809347,-0.130564,-0.572634),fov=25.000000,dt=0.037396},
	{cf=CFrame.new(-0.676922,136.796066,-1.246633,-0.605651,-0.178691,-0.775407,0.001041,0.974281,-0.225335,0.795730,-0.137281,-0.589889),fov=25.000000,dt=0.042998},
	{cf=CFrame.new(-0.540253,136.693573,-1.296021,-0.632901,-0.179782,-0.753071,0.000829,0.972508,-0.232866,0.774233,-0.148006,-0.615353),fov=25.000000,dt=0.044335},
	{cf=CFrame.new(-0.401287,136.579071,-1.342753,-0.659567,-0.180652,-0.729613,0.000426,0.970598,-0.240704,0.751645,-0.159071,-0.640098),fov=25.000000,dt=0.042067},
	{cf=CFrame.new(-0.308643,136.502731,-1.373908,-0.676894,-0.181010,-0.713477,0.000000,0.969293,-0.245911,0.736080,-0.166455,-0.656108),fov=25.636618,dt=0.032044},
	{cf=CFrame.new(-0.809631,135.964355,-2.287127,-0.728614,-0.180650,-0.660671,0.000699,0.964394,-0.264468,0.684924,-0.193157,-0.702545),fov=26.905266,dt=0.039511},
	{cf=CFrame.new(-1.310619,135.425980,-3.200346,-0.776479,-0.178285,-0.604396,-0.000000,0.959141,-0.282929,0.630143,-0.219688,-0.744753),fov=28.160189,dt=0.036681},
	{cf=CFrame.new(-2.002628,134.829391,-3.891654,-0.668312,-0.209727,-0.713704,0.000000,0.959433,-0.281937,0.743881,-0.188422,-0.641200),fov=29.997097,dt=0.034219},
	{cf=CFrame.new(-1.771061,134.570023,-4.123293,-0.772750,-0.194405,-0.604205,-0.000000,0.951938,-0.306290,0.634710,-0.236685,-0.735610),fov=31.178520,dt=0.043476},
	{cf=CFrame.new(-1.884766,134.407349,-4.440364,-0.755012,-0.215058,-0.619441,-0.000156,0.944745,-0.327807,0.655711,-0.247401,-0.713328),fov=32.315426,dt=0.032844},
	{cf=CFrame.new(-2.175842,134.218613,-4.860124,-0.755526,-0.216992,-0.618139,-0.000114,0.943595,-0.331101,0.655119,-0.250085,-0.712936),fov=33.399620,dt=0.027864},
	{cf=CFrame.new(-2.644291,134.003815,-5.382574,-0.774240,-0.200145,-0.600411,-0.000000,0.948680,-0.316238,0.632892,-0.244845,-0.734506),fov=34.423302,dt=0.036757},
	{cf=CFrame.new(-2.678326,133.920639,-5.605766,-0.772254,-0.204069,-0.601647,-0.000004,0.947010,-0.321205,0.635314,-0.248049,-0.731333),fov=35.379082,dt=0.027646},
	{cf=CFrame.new(-2.720932,133.848404,-5.766454,-0.774111,-0.205633,-0.598721,0.000011,0.945768,-0.324842,0.633050,-0.251471,-0.732127),fov=36.260086,dt=0.036080},
	{cf=CFrame.new(-2.760166,133.803192,-5.836673,-0.778255,-0.204962,-0.593557,0.000020,0.945224,-0.326423,0.627949,-0.254052,-0.735621),fov=37.059952,dt=0.024010},
	{cf=CFrame.new(-2.773823,133.788605,-5.857796,-0.779558,-0.204697,-0.591936,0.000022,0.945078,-0.326846,0.626330,-0.254808,-0.736739),fov=37.427647,dt=0.028663},
	{cf=CFrame.new(-2.801136,133.759460,-5.900043,-0.782154,-0.204162,-0.588687,0.000023,0.944785,-0.327691,0.623085,-0.256319,-0.738963),fov=38.095211,dt=0.054135},
	{cf=CFrame.new(-2.845329,133.706665,-5.981430,-0.785172,-0.202978,-0.585068,0.000020,0.944751,-0.327790,0.619278,-0.257383,-0.741787),fov=38.918335,dt=0.045982},
	{cf=CFrame.new(-2.895988,133.635773,-6.098844,-0.786474,-0.201051,-0.583984,0.000020,0.945526,-0.325547,0.617623,-0.256046,-0.743628),fov=39.515995,dt=0.055966},
	{cf=CFrame.new(-2.951504,133.558533,-6.226583,-0.787809,-0.198949,-0.582904,0.000025,0.946385,-0.323041,0.615920,-0.254509,-0.745566),fov=39.945961,dt=0.062912},
	{cf=CFrame.new(-2.984108,133.513596,-6.300771,-0.788512,-0.197722,-0.582371,0.000030,0.946901,-0.321526,0.615020,-0.253544,-0.746636),fov=40.000000,dt=0.054436},
	{cf=CFrame.new(-3.020763,133.463379,-6.383564,-0.789243,-0.196350,-0.581844,0.000038,0.947488,-0.319791,0.614082,-0.252415,-0.747791),fov=40.000000,dt=0.056057},
	{cf=CFrame.new(-3.032894,133.447571,-6.409368,-0.789333,-0.195909,-0.581870,0.000040,0.947709,-0.319137,0.613965,-0.251928,-0.748050),fov=40.000000,dt=0.049847},
	{cf=CFrame.new(-3.045025,133.431747,-6.435172,-0.789423,-0.195469,-0.581896,0.000042,0.947929,-0.318482,0.613849,-0.251442,-0.748309),fov=40.000000,dt=0.041957},
	{cf=CFrame.new(-3.052265,133.422882,-6.449419,-0.789369,-0.195216,-0.582055,0.000042,0.948079,-0.318034,0.613919,-0.251071,-0.748376),fov=40.000000,dt=0.046302},
	{cf=CFrame.new(-3.061840,133.412109,-6.466355,-0.789115,-0.194897,-0.582505,0.000041,0.948310,-0.317345,0.614245,-0.250446,-0.748318),fov=40.000000,dt=0.038591},
	{cf=CFrame.new(-3.071423,133.401352,-6.483291,-0.788861,-0.194579,-0.582955,0.000039,0.948540,-0.316656,0.614571,-0.249820,-0.748259),fov=40.000000,dt=0.046122},
	{cf=CFrame.new(-3.080593,133.391724,-6.498161,-0.788489,-0.194284,-0.583557,0.000036,0.948783,-0.315927,0.615049,-0.249126,-0.748098),fov=40.000000,dt=0.035811},
	{cf=CFrame.new(-3.089771,133.382080,-6.513032,-0.788116,-0.193989,-0.584158,0.000032,0.949026,-0.315198,0.615526,-0.248432,-0.747937),fov=40.000000,dt=0.035018},
	{cf=CFrame.new(-3.103531,133.367630,-6.535339,-0.787557,-0.193545,-0.585059,0.000025,0.949388,-0.314105,0.616242,-0.247390,-0.747693),fov=40.000000,dt=0.036123},
	{cf=CFrame.new(-3.107605,133.363083,-6.542120,-0.787370,-0.193397,-0.585360,0.000023,0.949509,-0.313739,0.616481,-0.247042,-0.747611),fov=40.091034,dt=0.035737},
	{cf=CFrame.new(-3.094177,133.370026,-6.525139,-0.787352,-0.193386,-0.585387,0.000023,0.949519,-0.313710,0.616504,-0.247013,-0.747602),fov=40.728268,dt=0.031848},
	{cf=CFrame.new(-3.043571,133.396240,-6.461129,-0.787286,-0.193345,-0.585491,0.000022,0.949555,-0.313599,0.616589,-0.246905,-0.747567),fov=42.457897,dt=0.032389},
	{cf=CFrame.new(-2.930992,133.454529,-6.318743,-0.787137,-0.193255,-0.585720,0.000020,0.949637,-0.313354,0.616778,-0.246664,-0.747490),fov=45.826126,dt=0.032889},
	{cf=CFrame.new(-2.731659,133.557755,-6.066627,-0.786874,-0.193094,-0.586126,0.000016,0.949780,-0.312919,0.617114,-0.246237,-0.747354),fov=51.379158,dt=0.023296},
	{cf=CFrame.new(-2.591709,133.630219,-5.889624,-0.786689,-0.192982,-0.586411,0.000013,0.949881,-0.312613,0.617349,-0.245937,-0.747258),fov=55.145653,dt=0.023770},
	{cf=CFrame.new(-2.591709,133.630219,-5.889624,-0.786689,-0.192982,-0.586411,0.000013,0.949881,-0.312613,0.617349,-0.245937,-0.747258),fov=55.145653,dt=0.025699},
	{cf=CFrame.new(-2.591709,133.630219,-5.889624,-0.786689,-0.192982,-0.586411,0.000013,0.949881,-0.312613,0.617349,-0.245937,-0.747258),fov=55.145653,dt=0.024281},
	{cf=CFrame.new(-2.591709,133.630219,-5.889624,-0.786689,-0.192982,-0.586411,0.000013,0.949881,-0.312613,0.617349,-0.245937,-0.747258),fov=55.145653,dt=0.028186},
	{cf=CFrame.new(-2.591709,133.630219,-5.889624,-0.786689,-0.192982,-0.586411,0.000013,0.949881,-0.312613,0.617349,-0.245937,-0.747258),fov=55.145653,dt=0.029002},
	{cf=CFrame.new(-2.591709,133.630219,-5.889624,-0.786689,-0.192982,-0.586411,0.000013,0.949881,-0.312613,0.617349,-0.245937,-0.747258),fov=55.145653,dt=0.033805},
	{cf=CFrame.new(-2.591709,133.630219,-5.889624,-0.786689,-0.192982,-0.586411,0.000013,0.949881,-0.312613,0.617349,-0.245937,-0.747258),fov=55.145653,dt=0.029369},
	{cf=CFrame.new(-2.591709,133.630219,-5.889624,-0.786689,-0.192982,-0.586411,0.000013,0.949881,-0.312613,0.617349,-0.245937,-0.747258),fov=55.145653,dt=0.034894},
	{cf=CFrame.new(-2.591709,133.630219,-5.889624,-0.786689,-0.192982,-0.586411,0.000013,0.949881,-0.312613,0.617349,-0.245937,-0.747258),fov=55.145653,dt=0.030321},
	{cf=CFrame.new(-2.591709,133.630219,-5.889624,-0.786689,-0.192982,-0.586411,0.000013,0.949881,-0.312613,0.617349,-0.245937,-0.747258),fov=55.145653,dt=0.032361},
	{cf=CFrame.new(-2.591709,133.630219,-5.889624,-0.786689,-0.192982,-0.586411,0.000013,0.949881,-0.312613,0.617349,-0.245937,-0.747258),fov=55.145653,dt=0.032768},
	{cf=CFrame.new(-2.591709,133.630219,-5.889624,-0.786689,-0.192982,-0.586411,0.000013,0.949881,-0.312613,0.617349,-0.245937,-0.747258),fov=55.145653,dt=0.031603},
	{cf=CFrame.new(-2.591694,133.630219,-5.889615,-0.786689,-0.192982,-0.586411,0.000013,0.949881,-0.312613,0.617349,-0.245937,-0.747258),fov=39.000000,dt=0.039767},
	{cf=CFrame.new(-2.521774,133.666428,-5.801173,-0.786599,0.258576,-0.560714,0.000099,0.908145,0.418657,0.617464,0.329260,-0.714372),fov=39.000000,dt=0.044182},
	{cf=CFrame.new(-2.511135,133.671936,-5.787717,-0.786583,0.320751,-0.527641,0.000101,0.854569,0.519338,0.617484,0.408449,-0.672222),fov=39.000000,dt=0.021045},
	{cf=CFrame.new(-2.498505,133.678482,-5.771736,-0.786564,0.389115,-0.479486,0.000101,0.776565,0.630038,0.617509,0.495517,-0.610857),fov=39.000000,dt=0.024402},
	{cf=CFrame.new(-2.493652,133.681000,-5.765600,-0.786556,0.413531,-0.458608,0.000099,0.742747,0.669572,0.617518,0.526611,-0.584254),fov=39.000000,dt=0.016077},
	{cf=CFrame.new(-2.488762,133.683533,-5.759415,-0.786549,0.437016,-0.436300,0.000097,0.706614,0.707599,0.617528,0.556519,-0.555829),fov=39.000000,dt=0.016686},
	{cf=CFrame.new(-2.484158,133.685913,-5.753584,-0.786542,0.458052,-0.414173,0.000095,0.670776,0.741660,0.617537,0.583308,-0.527637),fov=39.000000,dt=0.016774},
	{cf=CFrame.new(-2.479839,133.688141,-5.748131,-0.786536,0.476714,-0.392563,0.000092,0.635774,0.771876,0.617545,0.607072,-0.500102),fov=39.000000,dt=0.016802},
	{cf=CFrame.new(-2.470142,133.693161,-5.735867,-0.786522,0.514874,-0.341011,0.000084,0.552277,0.833661,0.617562,0.655664,-0.434421),fov=39.000000,dt=0.026552},
	{cf=CFrame.new(-2.467361,133.694595,-5.732358,-0.786518,0.524787,-0.325558,0.000081,0.527249,0.849711,0.617567,0.668287,-0.414733),fov=39.000000,dt=0.015233},
	{cf=CFrame.new(-2.460892,133.697952,-5.724176,-0.786509,0.546085,-0.288435,0.000074,0.467124,0.884192,0.617579,0.695404,-0.367438),fov=39.000000,dt=0.024300},
	{cf=CFrame.new(-2.455959,133.700500,-5.717939,-0.786503,0.560561,-0.259200,0.000068,0.419776,0.907628,0.617587,0.713834,-0.330193),fov=39.000000,dt=0.022792},
	{cf=CFrame.new(-2.451900,133.702606,-5.712799,-0.786497,0.571333,-0.234521,0.000062,0.379806,0.925066,0.617593,0.727548,-0.298752),fov=39.000000,dt=0.022080},
	{cf=CFrame.new(-2.447315,133.704987,-5.706996,-0.786492,0.582187,-0.206129,0.000056,0.333825,0.942635,0.617601,0.741363,-0.262583),fov=39.000000,dt=0.025091},
	{cf=CFrame.new(-2.442673,133.707397,-5.701120,-0.786486,0.591744,-0.176856,0.000049,0.286416,0.958105,0.617608,0.753528,-0.225291),fov=39.000000,dt=0.027497},
	{cf=CFrame.new(-2.440880,133.708328,-5.698847,-0.786484,0.595047,-0.165416,0.000046,0.267888,0.963450,0.617610,0.757731,-0.210717),fov=39.000000,dt=0.018507},
	{cf=CFrame.new(-2.437603,133.710022,-5.694704,-0.786480,0.600497,-0.144401,0.000040,0.233854,0.972272,0.617615,0.764667,-0.183946),fov=39.000000,dt=0.026474},
	{cf=CFrame.new(-2.435337,133.711197,-5.691837,-0.786478,0.603828,-0.129785,0.000037,0.210184,0.977662,0.617618,0.768905,-0.165327),fov=39.000000,dt=0.023920},
	{cf=CFrame.new(-2.433075,133.712357,-5.688985,-0.786475,0.606788,-0.115173,0.000033,0.186519,0.982451,0.617622,0.772670,-0.146712),fov=39.000000,dt=0.025740},
	{cf=CFrame.new(-2.431892,133.712967,-5.687495,-0.786474,0.608192,-0.107522,0.000031,0.174129,0.984723,0.617623,0.774456,-0.136966),fov=39.000000,dt=0.020004},
	{cf=CFrame.new(-2.430832,133.713516,-5.686158,-0.786473,0.609369,-0.100648,0.000029,0.162995,0.986627,0.617625,0.775953,-0.128209),fov=39.000000,dt=0.019914},
	{cf=CFrame.new(-2.430183,133.713852,-5.685344,-0.786472,0.610051,-0.096432,0.000027,0.156169,0.987730,0.617626,0.776820,-0.122839),fov=39.000000,dt=0.016288},
	{cf=CFrame.new(-2.428986,133.714478,-5.683818,-0.786471,0.611250,-0.088526,0.000025,0.143364,0.989670,0.617627,0.778345,-0.112767),fov=39.000000,dt=0.023307},
	{cf=CFrame.new(-2.428280,133.714844,-5.682924,-0.786470,0.611907,-0.083870,0.000024,0.135824,0.990733,0.617628,0.779180,-0.106836),fov=39.000000,dt=0.018999},
	{cf=CFrame.new(-2.427319,133.715347,-5.681704,-0.786469,0.612745,-0.077523,0.000022,0.125545,0.992088,0.617629,0.780245,-0.098751),fov=39.000000,dt=0.023371},
	{cf=CFrame.new(-2.426994,133.715515,-5.681293,-0.786469,0.613013,-0.075378,0.000022,0.122072,0.992521,0.617630,0.780586,-0.096019),fov=39.000000,dt=0.014345},
	{cf=CFrame.new(-2.426331,133.715866,-5.680448,-0.786468,0.613538,-0.070983,0.000020,0.114954,0.993371,0.617630,0.781253,-0.090420),fov=39.000000,dt=0.021277},
	{cf=CFrame.new(-2.425896,133.716095,-5.679898,-0.786468,0.613864,-0.068109,0.000019,0.110299,0.993898,0.617631,0.781668,-0.086759),fov=39.000000,dt=0.018114},
	{cf=CFrame.new(-2.425369,133.716370,-5.679239,-0.786467,0.614236,-0.064680,0.000018,0.104746,0.994499,0.617632,0.782140,-0.082390),fov=39.000000,dt=0.020694},
	{cf=CFrame.new(-2.424999,133.716553,-5.678769,-0.786467,0.614486,-0.062256,0.000018,0.100821,0.994905,0.617632,0.782459,-0.079303),fov=39.000000,dt=0.018281},
	{cf=CFrame.new(-2.424534,133.716782,-5.678186,-0.786467,0.614785,-0.059243,0.000017,0.095942,0.995387,0.617633,0.782838,-0.075465),fov=39.000000,dt=0.021356},
	{cf=CFrame.new(-2.424175,133.716965,-5.677738,-0.786466,0.615004,-0.056924,0.000016,0.092185,0.995742,0.617633,0.783117,-0.072510),fov=39.000000,dt=0.019788},
	{cf=CFrame.new(-2.423824,133.717148,-5.677291,-0.786466,0.615215,-0.054605,0.000016,0.088430,0.996082,0.617634,0.783384,-0.069557),fov=39.000000,dt=0.020813},
	{cf=CFrame.new(-2.423111,133.717514,-5.676387,-0.786465,0.615618,-0.049864,0.000014,0.080752,0.996734,0.617634,0.783896,-0.063518),fov=39.000000,dt=0.032216},
	{cf=CFrame.new(-2.422684,133.717743,-5.675842,-0.786465,0.615844,-0.046996,0.000013,0.076106,0.997100,0.617635,0.784183,-0.059863),fov=39.000000,dt=0.028366},
	{cf=CFrame.new(-2.422504,133.717834,-5.675613,-0.786465,0.615935,-0.045790,0.000013,0.074155,0.997247,0.617635,0.784299,-0.058328),fov=39.000000,dt=0.020035},
	{cf=CFrame.new(-2.422325,133.717926,-5.675386,-0.786465,0.616024,-0.044589,0.000013,0.072208,0.997390,0.617635,0.784411,-0.056797),fov=39.000000,dt=0.021075},
	{cf=CFrame.new(-2.422180,133.718002,-5.675197,-0.786465,0.616096,-0.043585,0.000012,0.070584,0.997506,0.617635,0.784503,-0.055519),fov=39.000000,dt=0.020335},
	{cf=CFrame.new(-2.422100,133.718048,-5.675095,-0.786464,0.616133,-0.043060,0.000012,0.069733,0.997566,0.617636,0.784550,-0.054850),fov=39.000000,dt=0.015379},
	{cf=CFrame.new(-2.422028,133.718079,-5.675006,-0.786464,0.616164,-0.042615,0.000012,0.069013,0.997616,0.617636,0.784589,-0.054283),fov=39.000000,dt=0.014565},
	{cf=CFrame.new(-2.421940,133.718124,-5.674892,-0.786464,0.616204,-0.042037,0.000012,0.068076,0.997680,0.617636,0.784639,-0.053547),fov=39.000000,dt=0.017109},
	{cf=CFrame.new(-2.421810,133.718185,-5.674736,-0.786464,0.616257,-0.041249,0.000012,0.066800,0.997766,0.617636,0.784707,-0.052543),fov=39.000000,dt=0.020827},
	{cf=CFrame.new(-2.421688,133.718246,-5.674585,-0.786464,0.616309,-0.040474,0.000011,0.065546,0.997850,0.617636,0.784772,-0.051556),fov=39.000000,dt=0.021854},
	{cf=CFrame.new(-2.421616,133.718277,-5.674498,-0.786464,0.616337,-0.040036,0.000011,0.064836,0.997896,0.617636,0.784809,-0.050998),fov=39.000000,dt=0.017323},
	{cf=CFrame.new(-2.421516,133.718338,-5.674376,-0.786464,0.616380,-0.039377,0.000011,0.063768,0.997965,0.617636,0.784863,-0.050158),fov=39.000000,dt=0.022238},
	{cf=CFrame.new(-2.421448,133.718384,-5.674277,-0.786464,0.616414,-0.038839,0.000011,0.062898,0.998020,0.617636,0.784906,-0.049473),fov=39.000000,dt=0.021341},
	{cf=CFrame.new(-2.421387,133.718414,-5.674195,-0.786464,0.616442,-0.038394,0.000011,0.062176,0.998065,0.617637,0.784942,-0.048906),fov=39.000000,dt=0.020540},
	{cf=CFrame.new(-2.421337,133.718445,-5.674129,-0.786464,0.616465,-0.038030,0.000011,0.061587,0.998102,0.617637,0.784970,-0.048442),fov=39.000000,dt=0.019540},
	{cf=CFrame.new(-2.421303,133.718460,-5.674082,-0.786463,0.616481,-0.037773,0.000010,0.061171,0.998127,0.617637,0.784990,-0.048115),fov=39.000000,dt=0.017153},
	{cf=CFrame.new(-2.421249,133.718491,-5.674021,-0.786463,0.616501,-0.037437,0.000010,0.060625,0.998161,0.617637,0.785017,-0.047686),fov=39.000000,dt=0.020494},
	{cf=CFrame.new(-2.421215,133.718506,-5.673975,-0.786463,0.616515,-0.037216,0.000010,0.060268,0.998182,0.617637,0.785034,-0.047405),fov=39.000000,dt=0.017409},
	{cf=CFrame.new(-2.421165,133.718521,-5.673918,-0.786463,0.616531,-0.036948,0.000010,0.059834,0.998208,0.617637,0.785054,-0.047064),fov=39.000000,dt=0.019976},
	{cf=CFrame.new(-2.421135,133.718536,-5.673884,-0.786463,0.616540,-0.036789,0.000010,0.059577,0.998224,0.617637,0.785066,-0.046861),fov=39.000000,dt=0.016094},
	{cf=CFrame.new(-2.421108,133.718552,-5.673851,-0.786463,0.616549,-0.036635,0.000010,0.059328,0.998239,0.617637,0.785078,-0.046665),fov=39.000000,dt=0.016356},
	{cf=CFrame.new(-2.421082,133.718567,-5.673810,-0.786463,0.616561,-0.036436,0.000010,0.059005,0.998258,0.617637,0.785093,-0.046411),fov=39.000000,dt=0.019332},
	{cf=CFrame.new(-2.421055,133.718582,-5.673780,-0.786463,0.616571,-0.036278,0.000010,0.058750,0.998273,0.617637,0.785104,-0.046211),fov=39.000000,dt=0.017993},
	{cf=CFrame.new(-2.421032,133.718597,-5.673747,-0.786463,0.616582,-0.036085,0.000010,0.058436,0.998291,0.617637,0.785119,-0.045964),fov=39.000000,dt=0.020862},
	{cf=CFrame.new(-2.421009,133.718613,-5.673717,-0.786463,0.616592,-0.035913,0.000010,0.058158,0.998307,0.617637,0.785132,-0.045745),fov=39.000000,dt=0.020736},
