-- Hello? What are you doing here?

local Players = game:GetService('Players')
local RunService = game:GetService('RunService')

local player = Players.LocalPlayer
local camera = workspace.CurrentCamera

local root = player.Character:WaitForChild('HumanoidRootPart')

camera.CameraType = Enum.CameraType.Scriptable

local frames = {
	{cf = CFrame.new(-4.996132, 3.325737, -10.889545, -0.939301, 0.053897, -0.338834, 0.000630, 0.987853, 0.155387, 0.343093, 0.145742, -0.927926), fov = 71.0048, dt = 0.01964869},
	{cf = CFrame.new(-4.908358, 3.278069, -10.901675, -0.957215, 0.038594, -0.286794, 0.000000, 0.991067, 0.133368, 0.289379, 0.127661, -0.948664), fov = 71.7547, dt = 0.02751415},
	{cf = CFrame.new(-5.170595, 3.288004, -11.086243, -0.932692, 0.044252, -0.357949, -0.000382, 0.992323, 0.123673, 0.360674, 0.115485, -0.925515), fov = 72.6791, dt = 0.01360554},
	{cf = CFrame.new(-5.442057, 3.298292, -11.277302, -0.901724, 0.049121, -0.429513, -0.000000, 0.993524, 0.113625, 0.432313, 0.102458, -0.895884), fov = 73.7500, dt = 0.04215777},
	{cf = CFrame.new(-5.367020, 3.104862, -11.805403, -0.960298, 0.000800, -0.278974, 0.000000, 0.999996, 0.002866, 0.278975, 0.002752, -0.960294), fov = 77.5000, dt = 0.10878031},
	{cf = CFrame.new(-5.609797, 1.132139, -11.675725, -0.929190, -0.176239, -0.324878, -0.000788, 0.879935, -0.475094, 0.369602, -0.441197, -0.817765), fov = 83.9952, dt = 0.07712962},
	{cf = CFrame.new(-5.694053, -0.577608, -11.491662, -0.926273, -0.228526, -0.299657, -0.001544, 0.797450, -0.603383, 0.376851, -0.558434, -0.739009), fov = 84.3301, dt = 0.07674454},
	{cf = CFrame.new(-5.782303, -1.645655, -11.451872, -0.923220, -0.254725, -0.287714, -0.000948, 0.750235, -0.661170, 0.384270, -0.610133, -0.692874), fov = 78.7059, dt = 0.05393938},
	{cf = CFrame.new(-5.825424, -2.168085, -11.432296, -0.921730, -0.267058, -0.281235, -0.000466, 0.725910, -0.687790, 0.387831, -0.633825, -0.669217), fov = 75.6699, dt = 0.04165631},
	{cf = CFrame.new(-5.861174, -2.601944, -11.415880, -0.920511, -0.276933, -0.275623, 0.000000, 0.705429, -0.708781, 0.390717, -0.652440, -0.649355), fov = 75.0000, dt = 0.05293939},
	{cf = CFrame.new(-9.895590, 114.357895, 5.508011, 0.931966, 0.331285, -0.147271, 0.001569, 0.402525, 0.915408, 0.362541, -0.853360, 0.374620), fov = 75.1000, dt = 0.04064492},
	{cf = CFrame.new(-9.467855, 114.424515, 5.595551, 0.939134, 0.314706, -0.137792, 0.002409, 0.395042, 0.918660, 0.343542, -0.863077, 0.370239), fov = 75.2778, dt = 0.11405177},
	{cf = CFrame.new(-8.091068, 114.599838, 5.857985, 0.958373, 0.263673, -0.109532, 0.004126, 0.370797, 0.928705, 0.285489, -0.890498, 0.354274), fov = 76.6000, dt = 0.12934431},
	{cf = CFrame.new(-7.360946, 114.408569, 5.856493, 0.958848, 0.263056, -0.106827, 0.005639, 0.358540, 0.933497, 0.283864, -0.895684, 0.342302), fov = 78.8889, dt = 0.01333015},
	{cf = CFrame.new(-7.342389, 114.403702, 5.856453, 0.958860, 0.263040, -0.106759, 0.005677, 0.358228, 0.933617, 0.283822, -0.895814, 0.341997), fov = 78.8889, dt = 0.01923931},
	{cf = CFrame.new(-7.155221, 114.354675, 5.856075, 0.958982, 0.262876, -0.106066, 0.006061, 0.355075, 0.934818, 0.283403, -0.897117, 0.338917), fov = 79.2889, dt = 0.02085508},
	{cf = CFrame.new(-7.061637, 114.330154, 5.855883, 0.959043, 0.262793, -0.105721, 0.006252, 0.353497, 0.935415, 0.283192, -0.897764, 0.337376), fov = 79.4556, dt = 0.03206861},
	{cf = CFrame.new(-6.874467, 114.281113, 5.855501, 0.959165, 0.262625, -0.105030, 0.006634, 0.350338, 0.936600, 0.282770, -0.899051, 0.334289), fov = 79.7222, dt = 0.03344069},
	{cf = CFrame.new(-6.826343, 114.009354, 5.727167, 0.950888, 0.287178, -0.115505, 0.007984, 0.350276, 0.936612, 0.309433, -0.891535, 0.330781), fov = 79.9000, dt = 0.02884000},
	{cf = CFrame.new(-6.802281, 113.873489, 5.663000, 0.946470, 0.299373, -0.120705, 0.008659, 0.350259, 0.936613, 0.322675, -0.887522, 0.328917), fov = 79.9556, dt = 0.03494238},
	{cf = CFrame.new(-6.730094, 113.465851, 5.470499, 0.932112, 0.335607, -0.136142, 0.010686, 0.350258, 0.936593, 0.362012, -0.874464, 0.322893), fov = 79.9556, dt = 0.03346654},
	{cf = CFrame.new(-6.681971, 113.194092, 5.342169, 0.921629, 0.359445, -0.146287, 0.012036, 0.350301, 0.936560, 0.387886, -0.864921, 0.318521), fov = 79.6000, dt = 0.03867500},
	{cf = CFrame.new(-6.633846, 112.922333, 5.213835, 0.910425, 0.383008, -0.156306, 0.013384, 0.350378, 0.936513, 0.413458, -0.854717, 0.313866), fov = 78.8889, dt = 0.02791046},
	{cf = CFrame.new(-6.585721, 112.650589, 5.085499, 0.898510, 0.406276, -0.166191, 0.014729, 0.350490, 0.936451, 0.438706, -0.843858, 0.308934), fov = 77.8222, dt = 0.02787115},
	{cf = CFrame.new(-6.561658, 112.514709, 5.021336, 0.892289, 0.417794, -0.171081, 0.015400, 0.350559, 0.936414, 0.451202, -0.838186, 0.306365), fov = 77.1556, dt = 0.02971046},
	{cf = CFrame.new(-6.513536, 112.242950, 4.893002, 0.879325, 0.440587, -0.180751, 0.016739, 0.350722, 0.936330, 0.475928, -0.826364, 0.301024), fov = 75.5556, dt = 0.02836246},
	{cf = CFrame.new(-6.465409, 111.971191, 4.764668, 0.865674, 0.463041, -0.190268, 0.018072, 0.350921, 0.936231, 0.500282, -0.813909, 0.295415), fov = 73.6000, dt = 0.03114862},
	{cf = CFrame.new(-6.396347, 111.429810, 4.531128, 0.838476, 0.501329, -0.213605, 0.019299, 0.364415, 0.931037, 0.544596, -0.784775, 0.295878), fov = 71.2889, dt = 0.02894185},
	{cf = CFrame.new(-6.351347, 111.024307, 4.361755, 0.817152, 0.527536, -0.232313, 0.019317, 0.377736, 0.925712, 0.576099, -0.760935, 0.298477), fov = 70.0000, dt = 0.03500177},
	{cf = CFrame.new(-6.261344, 110.213303, 4.023005, 0.771022, 0.576822, -0.269818, 0.017717, 0.404110, 0.914539, 0.636562, -0.709910, 0.301358), fov = 67.1555, dt = 0.02878869},
	{cf = CFrame.new(-6.171340, 109.402313, 3.684259, 0.720505, 0.621672, -0.307239, 0.013945, 0.429980, 0.902731, 0.693309, -0.654707, 0.301134), fov = 63.9556, dt = 0.02984123},
	{cf = CFrame.new(-6.081338, 108.591309, 3.345510, 0.665932, 0.661793, -0.344331, 0.008026, 0.455179, 0.890364, 0.745969, -0.595686, 0.297807), fov = 60.4000, dt = 0.03058615},
	{cf = CFrame.new(-5.991336, 107.780304, 3.006763, 0.607658, 0.696924, -0.380851, 0.000000, 0.479542, 0.877519, 0.794199, -0.533232, 0.291398), fov = 56.5111, dt = 0.03220431},
	{cf = CFrame.new(-5.641402, 106.504829, 2.608871, 0.560816, 0.699747, -0.442538, 0.010558, 0.528417, 0.848919, 0.827873, -0.480760, 0.288956), fov = 52.7778, dt = 0.03463385},
	{cf = CFrame.new(-5.291465, 105.229347, 2.210978, 0.511648, 0.697007, -0.502392, 0.017817, 0.575991, 0.817262, 0.859010, -0.427102, 0.282286), fov = 49.4000, dt = 0.03341039},
	{cf = CFrame.new(-4.941530, 103.953873, 1.813086, 0.460480, 0.688722, -0.560018, 0.021729, 0.621950, 0.782755, 0.887404, -0.372612, 0.271431), fov = 46.3778, dt = 0.03303269},
	{cf = CFrame.new(-4.667749, 103.236237, 1.468136, 0.415288, 0.674983, -0.609864, 0.027740, 0.660701, 0.750137, 0.909267, -0.328440, 0.255657), fov = 43.7111, dt = 0.03438862},
	{cf = CFrame.new(-4.470122, 103.076431, 1.176132, 0.376519, 0.657822, -0.652306, 0.036997, 0.692885, 0.720099, 0.925670, -0.295264, 0.236547), fov = 41.4000, dt = 0.03086769},
	{cf = CFrame.new(-4.272494, 102.916641, 0.884127, 0.336747, 0.637926, -0.692569, 0.044381, 0.723957, 0.688416, 0.940549, -0.262559, 0.215478), fov = 39.4444, dt = 0.03053408},
	{cf = CFrame.new(-4.173681, 102.836739, 0.738125, 0.316530, 0.626974, -0.711837, 0.047363, 0.739040, 0.671995, 0.947399, -0.246421, 0.204233), fov = 38.6000, dt = 0.02984254},
	{cf = CFrame.new(-3.976056, 102.676941, 0.446119, 0.275527, 0.603115, -0.748557, 0.051891, 0.768231, 0.638066, 0.959892, -0.214648, 0.180373), fov = 37.1778, dt = 0.03008800},
	{cf = CFrame.new(-3.803488, 103.169014, 0.115314, 0.228273, 0.569610, -0.789580, 0.063852, 0.800487, 0.595939, 0.971501, -0.186453, 0.146359), fov = 36.1111, dt = 0.03042985},
	{cf = CFrame.new(-3.630919, 103.661087, -0.215488, 0.179958, 0.533152, -0.826659, 0.073195, 0.830791, 0.551751, 0.980947, -0.159799, 0.110484), fov = 35.4000, dt = 0.02618300},
	{cf = CFrame.new(-3.544635, 103.907127, -0.380892, 0.155479, 0.513871, -0.843660, 0.076869, 0.845163, 0.528953, 0.984844, -0.147093, 0.091904), fov = 35.1778, dt = 0.02657485},
	{cf = CFrame.new(-3.372067, 104.399200, -0.711697, 0.106033, 0.473331, -0.874480, 0.082201, 0.872255, 0.482094, 0.990959, -0.123001, 0.053579), fov = 35.0000, dt = 0.02140000},
	{cf = CFrame.new(-3.285784, 104.645241, -0.877096, 0.081127, 0.452121, -0.888259, 0.083851, 0.884942, 0.458091, 0.993170, -0.111645, 0.033882), fov = 35.0026, dt = 0.02631969},
	{cf = CFrame.new(-3.117203, 105.952606, -1.299503, 0.016146, 0.392309, -0.919692, 0.093892, 0.915153, 0.392021, 0.995451, -0.092681, -0.022058), fov = 35.0691, dt = 0.02161508},
	{cf = CFrame.new(-3.032912, 106.606285, -1.510706, -0.016598, 0.361223, -0.932332, 0.097126, 0.928633, 0.358061, 0.995134, -0.084611, -0.050498), fov = 35.1638, dt = 0.02308308},
	{cf = CFrame.new(-2.864331, 107.913651, -1.933111, -0.082231, 0.297037, -0.951319, 0.099990, 0.952194, 0.288667, 0.991585, -0.071385, -0.108000), fov = 35.5530, dt = 0.02616669},
	{cf = CFrame.new(-2.778454, 108.881851, -2.184572, -0.121683, 0.256998, -0.958721, 0.101797, 0.964036, 0.245503, 0.987335, -0.067722, -0.143468), fov = 35.8781, dt = 0.01826623},
	{cf = CFrame.new(-2.692577, 109.850052, -2.436033, -0.161001, 0.216371, -0.962945, 0.101827, 0.974108, 0.201854, 0.981687, -0.065555, -0.178865), fov = 36.3107, dt = 0.02490031},
	{cf = CFrame.new(-2.520822, 111.786469, -2.938953, -0.238723, 0.133880, -0.961815, 0.096555, 0.988815, 0.113673, 0.966276, -0.065731, -0.248979), fov = 37.5600, dt = 0.01727138},
	{cf = CFrame.new(-2.433359, 113.069183, -3.230671, -0.283477, 0.085138, -0.955192, 0.092142, 0.993861, 0.061239, 0.954542, -0.070654, -0.289582), fov = 38.4074, dt = 0.02154023},
	{cf = CFrame.new(-2.345896, 114.351913, -3.522388, -0.327415, 0.036449, -0.944177, 0.085303, 0.996315, 0.008881, 0.941022, -0.077633, -0.329318), fov = 39.4237, dt = 0.02177692},
	{cf = CFrame.new(-2.258431, 115.634644, -3.814104, -0.370338, -0.011969, -0.928820, 0.076066, 0.996168, -0.043166, 0.925777, -0.086638, -0.368009), fov = 40.5763, dt = 0.02354008},
	{cf = CFrame.new(-2.083504, 118.200089, -4.397541, -0.452370, -0.107118, -0.885374, 0.050581, 0.988081, -0.145388, 0.890395, -0.110552, -0.441560), fov = 42.4400, dt = 0.02711477},
	{cf = CFrame.new(-2.155654, 118.663956, -4.617764, -0.470900, -0.141957, -0.870691, 0.044113, 0.981944, -0.183954, 0.881083, -0.125033, -0.456135), fov = 43.1338, dt = 0.01922585},
	{cf = CFrame.new(-2.299955, 119.591690, -5.058210, -0.506612, -0.209955, -0.836220, 0.028777, 0.965238, -0.259783, 0.861694, -0.155673, -0.482959), fov = 44.1219, dt = 0.02741162},
	{cf = CFrame.new(-2.372106, 120.055557, -5.278435, -0.523726, -0.242984, -0.816499, 0.019937, 0.954701, -0.296900, 0.851654, -0.171773, -0.495157), fov = 44.4470, dt = 0.02073600},
	{cf = CFrame.new(-2.444256, 120.519424, -5.498657, -0.540302, -0.275279, -0.795170, 0.010339, 0.942733, -0.333389, 0.841408, -0.188352, -0.506514), fov = 44.6800, dt = 0.01521169},
	{cf = CFrame.new(-2.516405, 120.983292, -5.718884, -0.556307, -0.306781, -0.772275, 0.000000, 0.929358, -0.369181, 0.830977, -0.205378, -0.517008), fov = 44.8362, dt = 0.01663938},
	{cf = CFrame.new(-3.024755, 120.376984, -6.097279, -0.556307, -0.359825, -0.749032, 0.000000, 0.901387, -0.433015, 0.830977, -0.240889, -0.501448), fov = 44.9309, dt = 0.01890246},
	{cf = CFrame.new(-4.041455, 119.164337, -6.854074, -0.556307, -0.460422, -0.691761, 0.000000, 0.832468, -0.554074, 0.830977, -0.308235, -0.463108), fov = 44.9974, dt = 0.02014000},
	{cf = CFrame.new(-4.549805, 118.558014, -7.232471, -0.556307, -0.507486, -0.658012, 0.000000, 0.791854, -0.610710, 0.830977, -0.339742, -0.440514), fov = 45.0000, dt = 0.02073846},
	{cf = CFrame.new(-2.374596, 151.733673, 5.908770, 0.900312, 0.411429, -0.141999, 0.000000, 0.326252, 0.945283, 0.435245, -0.851050, 0.293729), fov = 25.0000, dt = 0.01786308},
	{cf = CFrame.new(-2.278133, 150.861481, 5.776127, 0.901142, 0.407470, -0.148022, -0.000046, 0.341531, 0.939870, 0.433523, -0.846950, 0.307787), fov = 25.0010, dt = 0.02491538},
	{cf = CFrame.new(-2.085210, 149.117111, 5.510843, 0.902793, 0.399256, -0.159872, -0.000046, 0.371821, 0.928305, 0.430074, -0.838060, 0.335696), fov = 25.0273, dt = 0.02052831},
	{cf = CFrame.new(-1.988747, 148.244919, 5.378204, 0.903614, 0.395004, -0.165693, -0.000000, 0.386819, 0.922156, 0.428348, -0.833273, 0.349535), fov = 25.0646, dt = 0.05616431},
	{cf = CFrame.new(-1.885689, 146.945190, 5.286345, 0.907616, 0.375289, -0.188124, -0.000431, 0.448960, 0.893552, 0.419800, -0.810921, 0.407645), fov = 25.3463, dt = 0.03430800},
	{cf = CFrame.new(-1.816984, 146.078705, 5.225105, 0.910243, 0.361295, -0.202296, -0.000359, 0.489238, 0.872151, 0.414075, -0.793796, 0.445455), fov = 25.7360, dt = 0.02932254},
	{cf = CFrame.new(-1.748279, 145.212219, 5.163866, 0.912829, 0.346656, -0.215807, 0.000000, 0.528497, 0.848935, 0.408342, -0.774933, 0.482427), fov = 26.3438, dt = 0.02830977},
	{cf = CFrame.new(-1.638407, 144.609543, 4.991123, 0.912436, 0.341443, -0.225561, -0.000270, 0.551700, 0.834043, 0.409220, -0.760950, 0.503483), fov = 27.2181, dt = 0.02936338},
	{cf = CFrame.new(-1.583472, 144.308212, 4.904753, 0.912240, 0.338736, -0.230383, -0.000415, 0.563145, 0.826358, 0.409656, -0.753741, 0.513864), fov = 27.7703, dt = 0.02923362},
	{cf = CFrame.new(-1.473600, 143.705551, 4.732008, 0.911850, 0.333123, -0.239912, -0.000725, 0.585712, 0.810519, 0.410522, -0.738898, 0.534323), fov = 29.1353, dt = 0.02988554},
	{cf = CFrame.new(-1.363728, 143.102875, 4.559265, 0.911463, 0.327250, -0.249283, -0.001061, 0.607833, 0.794064, 0.411380, -0.723496, 0.554365), fov = 30.8880, dt = 0.02582892},
	{cf = CFrame.new(-1.329161, 142.915024, 4.511400, 0.911676, 0.323213, -0.253733, -0.000893, 0.619047, 0.785354, 0.410909, -0.715762, 0.564658), fov = 33.0768, dt = 0.02821192},
	{cf = CFrame.new(-1.311877, 142.821091, 4.487469, 0.911782, 0.321170, -0.255936, -0.000806, 0.624607, 0.780939, 0.410674, -0.711839, 0.569764), fov = 34.3499, dt = 0.02616985},
	{cf = CFrame.new(-1.277310, 142.633240, 4.439608, 0.911993, 0.317038, -0.260300, -0.000626, 0.635634, 0.771990, 0.410206, -0.703886, 0.579893), fov = 37.2498, dt = 0.02587608},
	{cf = CFrame.new(-1.260027, 142.539307, 4.415674, 0.912098, 0.314949, -0.262460, -0.000534, 0.641100, 0.767457, 0.409973, -0.699856, 0.584914), fov = 38.6501, dt = 0.02759623},
	{cf = CFrame.new(-1.225459, 142.351440, 4.367811, 0.912306, 0.310725, -0.266735, -0.000344, 0.651934, 0.758276, 0.409509, -0.691688, 0.594870), fov = 41.0751, dt = 0.02284123},
	{cf = CFrame.new(-1.208176, 142.257523, 4.343880, 0.912410, 0.308590, -0.268849, -0.000246, 0.657301, 0.753628, 0.409277, -0.687552, 0.599804), fov = 42.1120, dt = 0.02494346},
	{cf = CFrame.new(-1.189499, 142.157791, 4.316143, 0.912397, 0.306479, -0.271299, -0.000138, 0.663055, 0.748571, 0.409307, -0.682956, 0.605011), fov = 43.8647, dt = 0.02592431},
	{cf = CFrame.new(-1.188107, 142.152008, 4.312340, 0.912280, 0.306517, -0.271650, -0.000130, 0.663475, 0.748199, 0.409568, -0.682531, 0.605314), fov = 44.5926, dt = 0.01925654},
	{cf = CFrame.new(-1.185322, 142.140411, 4.304733, 0.912045, 0.306591, -0.272351, -0.000114, 0.664315, 0.747453, 0.410089, -0.681680, 0.605920), fov = 45.7819, dt = 0.02798831},
	{cf = CFrame.new(-1.183930, 142.134628, 4.300928, 0.911928, 0.306628, -0.272702, -0.000106, 0.664734, 0.747080, 0.410350, -0.681254, 0.606222), fov = 46.2554, dt = 0.02147261},
	{cf = CFrame.new(-1.181145, 142.123047, 4.293320, 0.911693, 0.306702, -0.273403, -0.000091, 0.665573, 0.746333, 0.410871, -0.680402, 0.606826), fov = 46.9904, dt = 0.02374431},
	{cf = CFrame.new(-1.179752, 142.117249, 4.289516, 0.911576, 0.306738, -0.273754, -0.000083, 0.665992, 0.745959, 0.411132, -0.679975, 0.607128), fov = 47.2640, dt = 0.02459885},
	{cf = CFrame.new(-1.178360, 142.111450, 4.285715, 0.911458, 0.306774, -0.274105, -0.000076, 0.666411, 0.745585, 0.411393, -0.679549, 0.607429), fov = 47.4831, dt = 0.02372861},
	{cf = CFrame.new(-1.175575, 142.099869, 4.278105, 0.911223, 0.306846, -0.274806, -0.000062, 0.667248, 0.744836, 0.411914, -0.678694, 0.608031), fov = 47.7819, dt = 0.02132769},
	{cf = CFrame.new(-1.174083, 142.094009, 4.274538, 0.911137, 0.306838, -0.275098, -0.000057, 0.667641, 0.744483, 0.412103, -0.678311, 0.608330), fov = 47.8738, dt = 0.02329346},
	{cf = CFrame.new(-1.171099, 142.082306, 4.267406, 0.910966, 0.306823, -0.275683, -0.000047, 0.668428, 0.743777, 0.412481, -0.677543, 0.608929), fov = 47.9727, dt = 0.02456377},
	{cf = CFrame.new(-1.169605, 142.076447, 4.263836, 0.910880, 0.306814, -0.275975, -0.000042, 0.668821, 0.743424, 0.412671, -0.677158, 0.609229), fov = 47.9919, dt = 0.01974523},
	{cf = CFrame.new(-1.168113, 142.070587, 4.260271, 0.910794, 0.306806, -0.276267, -0.000037, 0.669214, 0.743070, 0.412860, -0.676774, 0.609527), fov = 47.9990, dt = 0.02481200},
	{cf = CFrame.new(-1.165130, 142.058884, 4.253136, 0.910623, 0.306789, -0.276851, -0.000027, 0.669999, 0.742362, 0.413238, -0.676004, 0.610125), fov = 47.9990, dt = 0.02145900},
	{cf = CFrame.new(-1.163637, 142.053024, 4.249569, 0.910537, 0.306780, -0.277143, -0.000023, 0.670391, 0.742008, 0.413428, -0.675619, 0.610423), fov = 47.9958, dt = 0.02244246},
	{cf = CFrame.new(-1.162145, 142.047165, 4.246002, 0.910451, 0.306771, -0.277435, -0.000018, 0.670783, 0.741654, 0.413617, -0.675234, 0.610721), fov = 47.9906, dt = 0.02572038},
	{cf = CFrame.new(-1.159161, 142.035461, 4.238867, 0.910279, 0.306753, -0.278019, -0.000010, 0.671567, 0.740944, 0.413995, -0.674463, 0.611316), fov = 47.9739, dt = 0.01871808},
	{cf = CFrame.new(-1.157669, 142.029602, 4.235300, 0.910193, 0.306744, -0.278311, -0.000006, 0.671959, 0.740589, 0.414184, -0.674077, 0.611614), fov = 47.9624, dt = 0.02027915},
	{cf = CFrame.new(-1.156075, 142.023682, 4.231970, 0.910139, 0.306691, -0.278544, -0.000003, 0.672325, 0.740256, 0.414302, -0.673735, 0.611911), fov = 47.9489, dt = 0.02206677},
	{cf = CFrame.new(-1.152891, 142.011856, 4.225307, 0.910032, 0.306586, -0.279011, 0.000003, 0.673059, 0.739589, 0.414538, -0.673051, 0.612504), fov = 47.9158, dt = 0.02656146},
	{cf = CFrame.new(-1.151299, 142.005936, 4.221975, 0.909978, 0.306533, -0.279244, 0.000006, 0.673425, 0.739255, 0.414656, -0.672708, 0.612800), fov = 47.8963, dt = 0.02190869},
	{cf = CFrame.new(-1.149706, 142.000015, 4.218647, 0.909924, 0.306480, -0.279477, 0.000008, 0.673791, 0.738922, 0.414774, -0.672365, 0.613096), fov = 47.8748, dt = 0.02093008},
	{cf = CFrame.new(-1.146523, 141.988174, 4.211987, 0.909817, 0.306375, -0.279943, 0.000014, 0.674523, 0.738254, 0.415010, -0.671680, 0.613688), fov = 47.8262, dt = 0.01483415},
	{cf = CFrame.new(-1.144930, 141.982254, 4.208654, 0.909763, 0.306321, -0.280176, 0.000016, 0.674889, 0.737920, 0.415128, -0.671336, 0.613984), fov = 47.7990, dt = 0.02671546},
	{cf = CFrame.new(-1.143338, 141.976349, 4.205322, 0.909709, 0.306268, -0.280409, 0.000018, 0.675254, 0.737585, 0.415246, -0.670993, 0.614279), fov = 47.7701, dt = 0.03068708},
	{cf = CFrame.new(-1.140153, 141.964508, 4.198660, 0.909601, 0.306161, -0.280875, 0.000023, 0.675985, 0.736915, 0.415482, -0.670306, 0.614870), fov = 47.7069, dt = 0.03734823},
	{cf = CFrame.new(-1.137392, 141.954239, 4.192886, 0.909508, 0.306068, -0.281279, 0.000027, 0.676618, 0.736334, 0.415687, -0.669709, 0.615381), fov = 47.6370, dt = 0.01113139},
	{cf = CFrame.new(-1.135376, 141.946747, 4.188669, 0.909440, 0.305999, -0.281574, 0.000030, 0.677080, 0.735910, 0.415836, -0.669274, 0.615754), fov = 47.5996, dt = 0.01601577},
	{cf = CFrame.new(-1.133785, 141.940842, 4.185339, 0.909386, 0.305945, -0.281807, 0.000032, 0.677444, 0.735574, 0.415954, -0.668930, 0.616048), fov = 47.5607, dt = 0.07042492},
	{cf = CFrame.new(-1.126107, 141.914169, 4.171982, 0.909343, 0.305447, -0.282483, 0.000036, 0.678914, 0.734218, 0.416046, -0.667666, 0.617355), fov = 47.3907, dt = 0.07947262},
	{cf = CFrame.new(-1.114877, 141.877106, 4.155249, 0.909508, 0.304470, -0.283009, 0.000037, 0.680763, 0.732504, 0.415687, -0.666228, 0.619148), fov = 47.1508, dt = 0.08491416},
	{cf = CFrame.new(-1.103646, 141.840057, 4.138514, 0.909671, 0.303491, -0.283533, 0.000039, 0.682608, 0.730785, 0.415329, -0.664785, 0.620937), fov = 46.8882, dt = 0.07662277},
	{cf = CFrame.new(-1.089162, 141.799896, 4.127954, 0.910766, 0.301269, -0.282386, 0.000030, 0.683823, 0.729648, 0.412922, -0.664547, 0.622794), fov = 46.6121, dt = 0.07141315},
	{cf = CFrame.new(-1.075840, 141.766113, 4.122799, 0.912130, 0.298827, -0.280574, 0.000018, 0.684461, 0.729050, 0.409902, -0.664993, 0.624312), fov = 46.3879, dt = 0.08310923},
	{cf = CFrame.new(-1.059188, 141.723907, 4.116358, 0.913820, 0.295773, -0.278301, 0.000007, 0.685258, 0.728301, 0.406120, -0.665538, 0.626200), fov = 46.1118, dt = 0.05442492},
	{cf = CFrame.new(-1.048234, 141.701355, 4.111706, 0.915121, 0.293374, -0.276561, 0.000020, 0.685914, 0.727682, 0.403180, -0.665923, 0.627689), fov = 45.9520, dt = 0.05977638},
	{cf = CFrame.new(-1.031066, 141.678726, 4.103411, 0.917614, 0.288669, -0.273230, 0.000091, 0.687266, 0.726406, 0.397473, -0.666585, 0.630619), fov = 45.7500, dt = 0.05257354},
	{cf = CFrame.new(-1.018189, 141.661758, 4.097191, 0.919461, 0.285137, -0.270720, 0.000152, 0.688278, 0.725447, 0.393182, -0.667061, 0.632801), fov = 45.6093, dt = 0.05287292},
	{cf = CFrame.new(-0.992875, 141.600159, 4.056828, 0.922003, 0.280378, -0.267020, 0.000242, 0.689228, 0.724545, 0.387184, -0.668097, 0.635402), fov = 45.4797, dt = 0.05367015},
	{cf = CFrame.new(-0.961343, 141.516235, 3.999395, 0.924856, 0.274998, -0.262710, 0.000354, 0.690146, 0.723670, 0.380316, -0.669384, 0.638188), fov = 45.3630, dt = 0.04696400},
	{cf = CFrame.new(-0.929820, 141.425873, 3.935524, 0.927429, 0.270115, -0.258676, 0.000461, 0.690824, 0.723023, 0.373999, -0.670672, 0.640565), fov = 45.2606, dt = 0.04858854},
	{cf = CFrame.new(-0.898322, 141.322601, 3.858765, 0.929505, 0.266236, -0.255222, 0.000545, 0.691026, 0.722830, 0.368809, -0.672013, 0.642167), fov = 45.1738, dt = 0.04544100},
	{cf = CFrame.new(-0.861057, 141.061768, 3.654602, 0.927745, 0.268320, -0.259409, 0.000697, 0.693822, 0.720147, 0.373213, -0.668293, 0.643503), fov = 45.1037, dt = 0.03947592},
	{cf = CFrame.new(-0.836215, 140.887863, 3.518492, 0.926560, 0.269697, -0.262201, 0.000787, 0.695680, 0.718351, 0.376145, -0.665802, 0.644377), fov = 45.0666, dt = 0.04318931},
	{cf = CFrame.new(-0.798950, 140.627029, 3.314329, 0.924765, 0.271744, -0.266391, 0.000908, 0.698459, 0.715649, 0.380537, -0.662050, 0.645664), fov = 45.0261, dt = 0.04744339},
	{cf = CFrame.new(-0.755920, 140.208633, 2.982758, 0.918922, 0.279589, -0.278230, 0.000964, 0.703788, 0.710409, 0.394437, -0.653079, 0.646457), fov = 45.0042, dt = 0.04499716},
	{cf = CFrame.new(-0.785979, 140.003754, 2.799746, 0.902428, 0.296529, -0.312562, 0.007119, 0.715108, 0.698978, 0.430783, -0.633002, 0.643222), fov = 45.0000, dt = 0.04668061},
	{cf = CFrame.new(-0.919187, 139.807541, 2.582285, 0.852033, 0.335258, -0.402047, 0.022698, 0.743633, 0.668202, 0.522995, -0.578456, 0.625991), fov = 41.0000, dt = 0.03660154},
	{cf = CFrame.new(-1.007990, 139.676727, 2.437309, 0.812939, 0.357272, -0.459878, 0.030591, 0.762405, 0.646377, 0.581545, -0.539533, 0.608859), fov = 38.3333, dt = 0.04361815},
	{cf = CFrame.new(-1.221442, 139.608459, 2.270159, 0.707326, 0.388206, -0.590750, 0.049837, 0.806240, 0.589485, 0.705129, -0.446399, 0.550928), fov = 34.3333, dt = 0.04509239},
	{cf = CFrame.new(-1.434893, 139.540207, 2.103008, 0.582520, 0.401177, -0.706914, 0.057139, 0.847346, 0.527958, 0.810805, -0.347938, 0.470674), fov = 30.3333, dt = 0.04303631},
	{cf = CFrame.new(-1.558612, 139.008835, 1.440454, 0.382495, 0.388602, -0.838264, 0.051293, 0.896924, 0.439200, 0.922533, -0.210989, 0.323136), fov = 27.6667, dt = 0.04324669},
	{cf = CFrame.new(-1.744194, 138.211792, 0.446625, 0.052315, 0.306327, -0.950488, 0.000000, 0.951791, 0.306747, 0.998631, -0.016048, 0.049793), fov = 25.0000, dt = 0.04593077},
	{cf = CFrame.new(-1.671676, 137.992111, 0.173189, -0.049912, 0.211369, -0.976131, 0.020954, 0.977356, 0.210562, 0.998534, -0.009945, -0.053211), fov = 25.0000, dt = 0.05021477},
	{cf = CFrame.new(-1.562897, 137.662598, -0.236961, -0.204502, 0.065471, -0.976674, 0.032869, 0.997657, 0.059995, 0.978314, -0.019833, -0.206175), fov = 25.0000, dt = 0.04530839},
	{cf = CFrame.new(-1.453064, 137.446014, -0.509945, -0.308296, -0.024693, -0.950970, 0.029685, 0.998927, -0.035562, 0.950827, -0.039193, -0.307232), fov = 25.0000, dt = 0.01198762},
	{cf = CFrame.new(-1.401821, 137.364151, -0.614004, -0.347656, -0.056832, -0.935898, 0.026320, 0.997176, -0.070330, 0.937252, -0.049084, -0.345179), fov = 25.0000, dt = 0.01899723},
	{cf = CFrame.new(-1.360217, 137.301270, -0.694113, -0.377653, -0.080866, -0.922409, 0.022873, 0.995060, -0.096600, 0.925665, -0.057580, -0.373938), fov = 25.0000, dt = 0.01701538},
	{cf = CFrame.new(-1.318610, 137.238403, -0.774221, -0.407169, -0.104558, -0.907348, 0.018582, 0.992272, -0.122682, 0.913164, -0.066813, -0.402080), fov = 25.0000, dt = 0.03072892},
	{cf = CFrame.new(-1.235399, 137.112656, -0.934441, -0.464564, -0.150751, -0.872613, 0.007496, 0.984698, -0.174106, 0.885508, -0.087424, -0.456325), fov = 25.0000, dt = 0.03904123},
	{cf = CFrame.new(-1.152058, 137.035660, -1.035439, -0.502044, -0.173722, -0.847215, 0.000818, 0.979522, -0.201336, 0.864842, -0.101773, -0.491621), fov = 25.0000, dt = 0.04237331},
	{cf = CFrame.new(-1.026853, 136.993240, -1.098108, -0.530765, -0.175154, -0.829222, 0.000977, 0.978284, -0.207265, 0.847519, -0.110819, -0.519068), fov = 25.0000, dt = 0.04393231},
	{cf = CFrame.new(-0.941090, 136.952957, -1.137232, -0.549777, -0.176127, -0.816533, 0.001073, 0.977368, -0.211542, 0.835311, -0.117177, -0.537145), fov = 25.0000, dt = 0.04921323},
	{cf = CFrame.new(-0.809006, 136.874512, -1.191933, -0.578053, -0.177585, -0.796441, 0.001178, 0.975849, -0.218444, 0.815999, -0.127210, -0.563883), fov = 25.0000, dt = 0.04069508},
	{cf = CFrame.new(-0.676921, 136.796066, -1.246634, -0.605651, -0.178691, -0.775407, 0.001041, 0.974281, -0.225335, 0.795730, -0.137281, -0.589889), fov = 25.0000, dt = 0.03273869},
	{cf = CFrame.new(-0.586571, 136.731750, -1.280443, -0.623839, -0.179404, -0.760683, 0.000901, 0.973132, -0.230248, 0.781552, -0.144323, -0.606916), fov = 25.0000, dt = 0.02986408},
	{cf = CFrame.new(-0.493927, 136.655411, -1.311598, -0.641877, -0.180116, -0.745354, 0.000726, 0.971878, -0.235482, 0.766807, -0.151692, -0.623696), fov = 25.0000, dt = 0.02452062},
	{cf = CFrame.new(-0.447607, 136.617233, -1.327175, -0.650767, -0.180406, -0.737534, 0.000591, 0.971242, -0.238095, 0.759278, -0.155380, -0.631945), fov = 25.0000, dt = 0.02720792},
	{cf = CFrame.new(-0.354964, 136.540894, -1.358332, -0.668277, -0.180853, -0.721594, 0.000228, 0.969949, -0.243310, 0.743912, -0.162763, -0.648153), fov = 25.0000, dt = 0.03131669},
	{cf = CFrame.new(-0.559136, 136.233551, -1.830519, -0.703218, -0.181081, -0.687527, 0.000524, 0.966889, -0.255195, 0.710974, -0.179818, -0.679840), fov = 26.2721, dt = 0.02479931},
	{cf = CFrame.new(-0.809630, 135.964355, -2.287127, -0.728614, -0.180650, -0.660671, 0.000699, 0.964394, -0.264468, 0.684924, -0.193157, -0.702545), fov = 26.9053, dt = 0.02030769},
	{cf = CFrame.new(-1.060124, 135.695160, -2.743736, -0.753046, -0.179718, -0.632948, 0.000524, 0.961810, -0.273717, 0.657968, -0.206453, -0.724194), fov = 27.5350, dt = 0.02408685},
	{cf = CFrame.new(-1.541289, 135.227112, -3.430782, -0.742427, -0.189307, -0.642624, 0.000018, 0.959238, -0.282598, 0.669928, -0.209820, -0.712161), fov = 28.7797, dt = 0.02691785},
	{cf = CFrame.new(-1.771959, 135.028259, -3.661219, -0.706338, -0.199798, -0.679094, 0.000018, 0.959336, -0.282267, 0.707875, -0.199388, -0.677612), fov = 29.3923, dt = 0.03193008},
	{cf = CFrame.new(-1.886843, 134.699707, -4.007473, -0.722596, -0.202996, -0.660794, 0.000482, 0.955763, -0.294137, 0.691271, -0.212861, -0.690532), fov = 30.5928, dt = 0.03228031},
	{cf = CFrame.new(-1.827910, 134.488678, -4.281830, -0.763954, -0.204707, -0.611939, -0.000156, 0.948403, -0.317068, 0.645271, -0.242129, -0.724568), fov = 31.7531, dt = 0.02777877},
	{cf = CFrame.new(-1.941617, 134.326004, -4.598900, -0.745929, -0.225451, -0.626708, 0.000000, 0.940966, -0.338501, 0.666026, -0.252498, -0.701893), fov = 32.8646, dt = 0.03045915},
	{cf = CFrame.new(-2.410063, 134.111206, -5.121349, -0.764965, -0.208555, -0.609372, -0.000114, 0.946167, -0.323679, 0.644073, -0.247533, -0.723808), fov = 33.9195, dt = 0.02554308},
	{cf = CFrame.new(-2.644288, 134.003815, -5.382574, -0.774240, -0.200145, -0.600411, 0.000000, 0.948680, -0.316238, 0.632891, -0.244845, -0.734506), fov = 34.4233, dt = 0.03394585},
	{cf = CFrame.new(-2.678325, 133.920639, -5.605764, -0.772254, -0.204069, -0.601647, -0.000004, 0.947010, -0.321205, 0.635314, -0.248049, -0.731333), fov = 35.3791, dt = 0.01987592},
	{cf = CFrame.new(-2.695344, 133.879044, -5.717361, -0.771258, -0.206032, -0.602255, 0.000000, 0.946165, -0.323685, 0.636522, -0.249645, -0.729738), fov = 35.8293, dt = 0.01593577},
	{cf = CFrame.new(-2.720928, 133.848404, -5.766455, -0.774111, -0.205633, -0.598721, 0.000011, 0.945768, -0.324842, 0.633050, -0.251471, -0.732127), fov = 36.2601, dt = 0.03599038},
	{cf = CFrame.new(-2.773821, 133.788605, -5.857798, -0.779558, -0.204697, -0.591936, 0.000022, 0.945078, -0.326846, 0.626330, -0.254808, -0.736739), fov = 37.4276, dt = 0.04112523},
	{cf = CFrame.new(-2.801132, 133.759460, -5.900043, -0.782154, -0.204162, -0.588687, 0.000023, 0.944785, -0.327691, 0.623085, -0.256319, -0.738963), fov = 38.0952, dt = 0.03935854},
	{cf = CFrame.new(-2.828443, 133.730301, -5.942289, -0.784737, -0.203621, -0.585428, 0.000021, 0.944491, -0.328537, 0.619829, -0.257827, -0.741173), fov = 38.6684, dt = 0.04985446},
	{cf = CFrame.new(-2.879102, 133.659393, -6.059706, -0.786041, -0.201693, -0.584346, 0.000019, 0.945268, -0.326295, 0.618175, -0.256492, -0.743015), fov = 39.3425, dt = 0.05075438},
	{cf = CFrame.new(-2.929762, 133.588501, -6.177120, -0.787340, -0.199767, -0.583257, 0.000023, 0.946040, -0.324051, 0.616519, -0.255151, -0.744851), fov = 39.7842, dt = 0.04806031},
	{cf = CFrame.new(-2.962371, 133.543564, -6.251312, -0.788043, -0.198540, -0.582726, 0.000027, 0.946557, -0.322536, 0.615620, -0.254188, -0.745923), fov = 39.9865, dt = 0.04673108},
	{cf = CFrame.new(-2.994979, 133.498627, -6.325500, -0.788745, -0.197313, -0.582193, 0.000032, 0.947072, -0.321020, 0.614720, -0.253222, -0.746992), fov = 40.0000, dt = 0.04874339},
	{cf = CFrame.new(-3.020763, 133.463379, -6.383564, -0.789243, -0.196350, -0.581845, 0.000038, 0.947488, -0.319791, 0.614082, -0.252415, -0.747791), fov = 40.0000, dt = 0.04258923},
	{cf = CFrame.new(-3.032895, 133.447571, -6.409367, -0.789333, -0.195909, -0.581870, 0.000040, 0.947709, -0.319137, 0.613965, -0.251928, -0.748050), fov = 40.0000, dt = 0.03816592},
	{cf = CFrame.new(-3.040983, 133.437012, -6.426571, -0.789393, -0.195616, -0.581887, 0.000041, 0.947856, -0.318700, 0.613888, -0.251604, -0.748223), fov = 40.0000, dt = 0.03657815},
	{cf = CFrame.new(-3.049072, 133.426468, -6.443773, -0.789454, -0.195322, -0.581904, 0.000042, 0.948002, -0.318264, 0.613810, -0.251279, -0.748396), fov = 40.0000, dt = 0.03567192},
	{cf = CFrame.new(-3.055455, 133.419296, -6.455065, -0.789285, -0.195110, -0.582205, 0.000042, 0.948156, -0.317805, 0.614028, -0.250862, -0.748357), fov = 40.0000, dt = 0.03434185},
	{cf = CFrame.new(-3.061840, 133.412109, -6.466354, -0.789115, -0.194897, -0.582505, 0.000041, 0.948310, -0.317345, 0.614245, -0.250446, -0.748318), fov = 40.0000, dt = 0.03268562},
	{cf = CFrame.new(-3.068224, 133.404938, -6.477646, -0.788946, -0.194685, -0.582805, 0.000040, 0.948464, -0.316886, 0.614463, -0.250029, -0.748279), fov = 40.0000, dt = 0.02943046},
	{cf = CFrame.new(-3.076004, 133.396530, -6.490726, -0.788675, -0.194431, -0.583256, 0.000037, 0.948662, -0.316292, 0.614810, -0.249473, -0.748179), fov = 40.0000, dt = 0.03120731},
	{cf = CFrame.new(-3.085179, 133.386902, -6.505598, -0.788303, -0.194137, -0.583858, 0.000034, 0.948905, -0.315563, 0.615288, -0.248779, -0.748018), fov = 40.0000, dt = 0.03154716},
	{cf = CFrame.new(-3.094356, 133.377258, -6.520468, -0.787930, -0.193841, -0.584459, 0.000030, 0.949147, -0.314834, 0.615765, -0.248084, -0.747856), fov = 40.0000, dt = 0.02942831},
	{cf = CFrame.new(-3.103531, 133.367630, -6.535339, -0.787557, -0.193545, -0.585059, 0.000025, 0.949388, -0.314105, 0.616242, -0.247390, -0.747693), fov = 40.0000, dt = 0.02760892},
	{cf = CFrame.new(-3.108119, 133.362808, -6.542774, -0.787371, -0.193397, -0.585359, 0.000023, 0.949509, -0.313740, 0.616480, -0.247043, -0.747611), fov = 40.0114, dt = 0.02937038},
	{cf = CFrame.new(-3.103988, 133.364944, -6.537548, -0.787365, -0.193394, -0.585367, 0.000023, 0.949512, -0.313731, 0.616487, -0.247034, -0.747608), fov = 40.3072, dt = 0.03120469},
	{cf = CFrame.new(-3.075069, 133.379929, -6.500973, -0.787327, -0.193371, -0.585427, 0.000022, 0.949533, -0.313668, 0.616536, -0.246972, -0.747589), fov = 41.4224, dt = 0.02416608},
	{cf = CFrame.new(-3.043569, 133.396240, -6.461132, -0.787286, -0.193345, -0.585491, 0.000022, 0.949555, -0.313599, 0.616589, -0.246905, -0.747567), fov = 42.4579, dt = 0.02382346},
	{cf = CFrame.new(-2.930991, 133.454529, -6.318745, -0.787137, -0.193255, -0.585720, 0.000020, 0.949637, -0.313354, 0.616778, -0.246664, -0.747490), fov = 45.8261, dt = 0.02522800},
	{cf = CFrame.new(-2.843718, 133.499725, -6.208363, -0.787022, -0.193185, -0.585898, 0.000018, 0.949699, -0.313163, 0.616925, -0.246477, -0.747431), fov = 48.2954, dt = 0.02297900},
	{cf = CFrame.new(-2.591708, 133.630219, -5.889624, -0.786689, -0.192982, -0.586411, 0.000013, 0.949881, -0.312613, 0.617349, -0.245937, -0.747258), fov = 55.1457, dt = 0.01819662},
	{cf = CFrame.new(-2.420777, 133.718735, -5.673431, -0.786464, -0.192844, -0.586760, 0.000010, 0.950003, -0.312240, 0.617637, -0.245571, -0.747141), fov = 59.6632, dt = 0.02899669},
	{cf = CFrame.new(-2.420777, 133.718735, -5.673431, -0.786464, -0.192844, -0.586760, 0.000010, 0.950003, -0.312240, 0.617637, -0.245571, -0.747141), fov = 59.6632, dt = 0.02110923},
	{cf = CFrame.new(-2.420777, 133.718735, -5.673431, -0.786464, -0.192844, -0.586760, 0.000010, 0.950003, -0.312240, 0.617637, -0.245571, -0.747141), fov = 59.6632, dt = 0.01921015},
	{cf = CFrame.new(-2.420777, 133.718735, -5.673431, -0.786464, -0.192844, -0.586760, 0.000010, 0.950003, -0.312240, 0.617637, -0.245571, -0.747141), fov = 59.6632, dt = 0.02210608},
	{cf = CFrame.new(-2.420777, 133.718735, -5.673431, -0.786464, -0.192844, -0.586760, 0.000010, 0.950003, -0.312240, 0.617637, -0.245571, -0.747141), fov = 59.6632, dt = 0.02407169},
	{cf = CFrame.new(-2.420777, 133.718735, -5.673431, -0.786464, -0.192844, -0.586760, 0.000010, 0.950003, -0.312240, 0.617637, -0.245571, -0.747141), fov = 59.6632, dt = 0.02670623},
	{cf = CFrame.new(-2.420777, 133.718735, -5.673431, -0.786464, -0.192844, -0.586760, 0.000010, 0.950003, -0.312240, 0.617637, -0.245571, -0.747141), fov = 59.6632, dt = 0.02469838},
	{cf = CFrame.new(-2.420777, 133.718735, -5.673431, -0.786464, -0.192844, -0.586760, 0.000010, 0.950003, -0.312240, 0.617637, -0.245571, -0.747141), fov = 59.6632, dt = 0.02477054},
	{cf = CFrame.new(-2.420777, 133.718735, -5.673431, -0.786464, -0.192844, -0.586760, 0.000010, 0.950003, -0.312240, 0.617637, -0.245571, -0.747141), fov = 59.6632, dt = 0.02258638},
	{cf = CFrame.new(-2.420777, 133.718735, -5.673431, -0.786464, -0.192844, -0.586760, 0.000010, 0.950003, -0.312240, 0.617637, -0.245571, -0.747141), fov = 59.6632, dt = 0.02218039},
	{cf = CFrame.new(-2.420777, 133.718735, -5.673431, -0.786464, -0.192844, -0.586760, 0.000010, 0.950003, -0.312240, 0.617637, -0.245571, -0.747141), fov = 59.6632, dt = 0.02632031},
	{cf = CFrame.new(-2.420777, 133.718735, -5.673431, -0.786464, -0.192844, -0.586760, 0.000010, 0.950003, -0.312240, 0.617637, -0.245571, -0.747141), fov = 59.6632, dt = 0.01911408},
	{cf = CFrame.new(-2.420777, 133.718735, -5.673431, -0.786464, -0.192844, -0.586760, 0.000010, 0.950003, -0.312240, 0.617637, -0.245571, -0.747141), fov = 59.6632, dt = 0.02699762},
	{cf = CFrame.new(-2.420777, 133.718735, -5.673431, -0.786464, -0.192844, -0.586760, 0.000010, 0.950003, -0.312240, 0.617637, -0.245571, -0.747141), fov = 59.6632, dt = 0.02936331},
	{cf = CFrame.new(-2.420777, 133.718735, -5.673431, -0.786464, -0.192844, -0.586760, 0.000010, 0.950003, -0.312240, 0.617637, -0.245571, -0.747141), fov = 39.0000, dt = 0.02478285},
	{cf = CFrame.new(-2.420777, 133.718735, -5.673431, -0.786463, -0.012021, -0.617520, 0.000010, 0.999810, -0.019476, 0.617637, -0.015323, -0.786314), fov = 39.0000, dt = 0.02642738},
	{cf = CFrame.new(-2.420777, 133.718735, -5.673431, -0.786464, 0.070101, -0.613646, 0.000010, 0.993540, 0.113487, 0.617637, 0.089247, -0.781383), fov = 39.0000, dt = 0.01903939},
	{cf = CFrame.new(-2.420777, 133.718735, -5.673431, -0.786464, 0.210078, -0.580812, 0.000010, 0.940382, 0.340120, 0.617637, 0.267486, -0.739578), fov = 39.0000, dt = 0.02675746},
	{cf = CFrame.new(-2.420777, 133.718735, -5.673431, -0.786464, 0.360102, -0.501798, 0.000010, 0.812457, 0.583022, 0.617637, 0.458520, -0.638971), fov = 39.0000, dt = 0.03227815},
	{cf = CFrame.new(-2.420777, 133.718735, -5.673431, -0.786463, 0.430896, -0.442497, 0.000010, 0.716444, 0.697644, 0.617637, 0.548668, -0.563461), fov = 39.0000, dt = 0.02685754},
	{cf = CFrame.new(-2.420777, 133.718735, -5.673431, -0.786463, 0.483704, -0.384064, 0.000010, 0.621839, 0.783145, 0.617637, 0.615911, -0.489058), fov = 39.0000, dt = 0.02720400},
	{cf = CFrame.new(-2.420777, 133.718735, -5.673431, -0.786463, 0.499956, -0.362656, 0.000010, 0.587177, 0.809458, 0.617637, 0.636606, -0.461798), fov = 39.0000, dt = 0.01713692},
	{cf = CFrame.new(-2.420777, 133.718735, -5.673431, -0.786463, 0.511393, -0.346341, 0.000010, 0.560763, 0.827976, 0.617637, 0.651170, -0.441025), fov = 39.0000, dt = 0.01526708},
	{cf = CFrame.new(-2.420777, 133.718735, -5.673431, -0.786464, 0.522260, -0.329726, 0.000010, 0.533862, 0.845572, 0.617637, 0.665008, -0.419868), fov = 39.0000, dt = 0.01569762},
	{cf = CFrame.new(-2.420777, 133.718735, -5.673431, -0.786464, 0.531053, -0.315369, 0.000010, 0.510617, 0.859808, 0.617637, 0.676205, -0.401587), fov = 39.0000, dt = 0.01489077},
	{cf = CFrame.new(-2.420777, 133.718735, -5.673431, -0.786464, 0.543296, -0.293776, 0.000010, 0.475656, 0.879632, 0.617637, 0.691795, -0.374091), fov = 39.0000, dt = 0.01868615},
	{cf = CFrame.new(-2.420777, 133.718735, -5.673431, -0.786464, 0.556816, -0.267267, 0.000010, 0.432736, 0.901520, 0.617637, 0.709010, -0.340337), fov = 39.0000, dt = 0.02147285},
	{cf = CFrame.new(-2.420777, 133.718735, -5.673431, -0.786463, 0.565815, -0.247646, 0.000010, 0.400969, 0.916092, 0.617637, 0.720470, -0.315353), fov = 39.0000, dt = 0.01930962},
	{cf = CFrame.new(-2.420777, 133.718735, -5.673431, -0.786463, 0.578770, -0.215639, 0.000010, 0.349147, 0.937068, 0.617637, 0.736968, -0.274597), fov = 39.0000, dt = 0.02591015},
	{cf = CFrame.new(-2.420777, 133.718735, -5.673431, -0.786463, 0.584138, -0.200644, 0.000010, 0.324870, 0.945759, 0.617637, 0.743803, -0.255504), fov = 39.0000, dt = 0.01891323},
	{cf = CFrame.new(-2.420777, 133.718735, -5.673431, -0.786464, 0.590492, -0.181093, 0.000010, 0.293215, 0.956047, 0.617637, 0.751894, -0.230609), fov = 39.0000, dt = 0.02261623},
	{cf = CFrame.new(-2.420777, 133.718735, -5.673431, -0.786463, 0.593280, -0.171737, 0.000010, 0.278067, 0.960562, 0.617637, 0.755445, -0.218695), fov = 39.0000, dt = 0.01645854},
	{cf = CFrame.new(-2.420777, 133.718735, -5.673431, -0.786463, 0.597686, -0.155713, 0.000010, 0.252124, 0.967695, 0.617637, 0.761055, -0.198292), fov = 39.0000, dt = 0.02242585},
	{cf = CFrame.new(-2.420777, 133.718735, -5.673431, -0.786463, 0.600512, -0.144433, 0.000010, 0.233860, 0.972270, 0.617637, 0.764654, -0.183928), fov = 39.0000, dt = 0.01989838},
