local Players=game:GetService('Players')
local RunService=game:GetService('RunService')
local player=Players.LocalPlayer
local camera=workspace.CurrentCamera
local root=player.Character:WaitForChild('HumanoidRootPart')
camera.CameraType=Enum.CameraType.Scriptable
local frames={
{cf=CFrame.new(-18.315392,-29793.191406,8.713301,-0.996998,-0.077421,-0.000030,-0.046181,0.594395,0.802846,-0.062139,0.800438,-0.596186),fov=70.000000,dt=0.014203},
{cf=CFrame.new(-18.315392,-29793.191406,8.713301,-0.996998,-0.077421,-0.000030,-0.046181,0.594395,0.802846,-0.062139,0.800438,-0.596186),fov=70.000000,dt=0.101705},
{cf=CFrame.new(-18.293594,-29793.167969,8.807381,-0.996613,-0.082235,-0.000300,-0.049471,0.596628,0.800992,-0.065690,0.798294,-0.598675),fov=70.000000,dt=0.066777},
{cf=CFrame.new(-18.184610,-29793.042969,9.277777,-0.994350,-0.106140,-0.001345,-0.065921,0.607538,0.791550,-0.083198,0.787167,-0.611103),fov=70.000000,dt=0.014521},
{cf=CFrame.new(-18.032034,-29792.871094,9.936331,-0.990219,-0.139507,-0.002244,-0.089385,0.621945,0.777943,-0.107133,0.770534,-0.628331),fov=70.000000,dt=0.019556},
{cf=CFrame.new(-17.901253,-29792.722656,10.500805,-0.985785,-0.167998,-0.002415,-0.109835,0.633481,0.765923,-0.127144,0.755300,-0.642928),fov=70.000000,dt=0.017030},
{cf=CFrame.new(-17.770472,-29792.574219,11.065278,-0.980522,-0.196398,-0.002050,-0.130594,0.644126,0.753689,-0.146702,0.739276,-0.657228),fov=70.000000,dt=0.017596},
{cf=CFrame.new(-17.639692,-29792.425781,11.629752,-0.974458,-0.224568,-0.001184,-0.151607,0.653957,0.741185,-0.165672,0.722433,-0.671300),fov=70.000000,dt=0.016361},
{cf=CFrame.new(-17.490877,-29792.232422,12.379725,-0.971523,-0.236943,0.001251,-0.163649,0.674800,0.719628,-0.171355,0.698930,-0.694359),fov=70.000000,dt=0.019290},
{cf=CFrame.new(-17.411219,-29792.091797,12.938881,-0.976632,-0.214896,0.003268,-0.151836,0.700644,0.697168,-0.152108,0.680380,-0.716900),fov=70.000000,dt=0.009749},
{cf=CFrame.new(-17.291731,-29791.882812,13.777614,-0.983376,-0.181517,0.004881,-0.132868,0.737618,0.662016,-0.123768,0.650362,-0.749474),fov=70.000000,dt=0.017694},
{cf=CFrame.new(-17.152327,-29791.638672,14.756135,-0.989820,-0.142250,0.004736,-0.108809,0.777739,0.619098,-0.091750,0.612280,-0.785299),fov=70.000000,dt=0.017650},
{cf=CFrame.new(-17.052753,-29791.464844,15.455080,-0.993469,-0.114057,0.003311,-0.090385,0.804323,0.587278,-0.069646,0.583143,-0.809378),fov=70.000000,dt=0.014095},
{cf=CFrame.new(-16.933266,-29791.253906,16.293810,-0.996772,-0.080285,-0.000012,-0.067166,0.833806,0.547956,-0.043983,0.546188,-0.836507),fov=70.000000,dt=0.017031},
{cf=CFrame.new(-16.956514,-29791.154297,17.033972,-0.997920,-0.064450,0.001468,-0.054394,0.853999,0.517424,-0.034601,0.516268,-0.855728),fov=70.000000,dt=0.016238},
{cf=CFrame.new(-16.979763,-29791.052734,17.774128,-0.998818,-0.048559,0.002290,-0.041320,0.872852,0.486233,-0.025610,0.485563,-0.873826),fov=70.000000,dt=0.016808},
{cf=CFrame.new(-16.999138,-29790.968750,18.390926,-0.999371,-0.035361,0.002583,-0.030216,0.887545,0.459730,-0.018549,0.459362,-0.888055),fov=70.000000,dt=0.016064},
{cf=CFrame.new(-17.022387,-29790.869141,19.131084,-0.999808,-0.019460,0.002355,-0.016587,0.903908,0.427405,-0.010446,0.427283,-0.904057),fov=70.000000,dt=0.016459},
{cf=CFrame.new(-17.049511,-29790.751953,19.994602,-0.999999,-0.000901,0.001403,-0.000284,0.921232,0.389015,-0.001643,0.389014,-0.921231),fov=70.000000,dt=0.017848},
{cf=CFrame.new(-17.068886,-29790.667969,20.611401,-0.999924,0.012329,0.000284,0.011599,0.932440,0.361140,0.004187,0.361116,-0.932512),fov=70.000000,dt=0.015307},
{cf=CFrame.new(-17.162483,-29790.500000,21.583447,-0.999902,0.014021,-0.000042,0.013202,0.942507,0.333925,0.004722,0.333892,-0.942600),fov=70.000000,dt=0.017697},
{cf=CFrame.new(-17.237251,-29790.376953,22.290686,-0.999911,0.013311,-0.000116,0.012593,0.948715,0.315881,0.004315,0.315851,-0.948799),fov=70.000000,dt=0.015961},
{cf=CFrame.new(-17.326973,-29790.226562,23.139374,-0.999924,0.012318,-0.000069,0.011754,0.955734,0.293996,0.003687,0.293973,-0.955807),fov=70.000000,dt=0.016495},
{cf=CFrame.new(-17.416697,-29790.076172,23.988058,-0.999936,0.011341,-0.000084,0.010890,0.962237,0.271995,0.003165,0.271976,-0.962299),fov=70.000000,dt=0.016758},
{cf=CFrame.new(-17.506418,-29789.927734,24.836744,-0.999946,0.010450,-0.000066,0.010102,0.968244,0.249801,0.002674,0.249787,-0.968297),fov=70.000000,dt=0.016644},
{cf=CFrame.new(-17.611094,-29789.751953,25.826872,-0.999957,0.009294,0.000011,0.009061,0.974597,0.223784,0.002069,0.223774,-0.974639),fov=70.000000,dt=0.017693},
{cf=CFrame.new(-17.708136,-29789.652344,26.375036,-1.000000,-0.000058,-0.000267,-0.000114,0.976956,0.213442,0.000248,0.213442,-0.976956),fov=70.000000,dt=0.016185},
{cf=CFrame.new(-17.805178,-29789.550781,26.923197,-0.999956,-0.009404,-0.000531,-0.009316,0.979117,0.203085,-0.001390,0.203081,-0.979161),fov=70.000000,dt=0.017561},
{cf=CFrame.new(-17.902220,-29789.451172,27.471355,-0.999824,-0.018760,-0.000610,-0.018526,0.981097,0.192629,-0.003015,0.192606,-0.981272),fov=70.000000,dt=0.016460},
{cf=CFrame.new(-17.999262,-29789.349609,28.019514,-0.999604,-0.028116,-0.000590,-0.027753,0.982861,0.182245,-0.004544,0.182189,-0.983253),fov=70.000000,dt=0.016085},
{cf=CFrame.new(-18.096304,-29789.250000,28.567671,-0.999298,-0.037470,-0.000470,-0.036994,0.984443,0.171765,-0.005973,0.171662,-0.985138),fov=70.000000,dt=0.016590},
{cf=CFrame.new(-18.193346,-29789.148438,29.115833,-0.998904,-0.046814,-0.000337,-0.046255,0.985825,0.161274,-0.007218,0.161112,-0.986910),fov=70.000000,dt=0.016665},
{cf=CFrame.new(-18.290388,-29789.046875,29.663990,-0.998422,-0.056160,-0.000020,-0.055521,0.986995,0.150862,-0.008452,0.150625,-0.988555),fov=70.000000,dt=0.016751},
{cf=CFrame.new(-18.482660,-29789.009766,30.426128,-0.997367,-0.072514,-0.000464,-0.071902,0.988076,0.136144,-0.009414,0.135819,-0.990689),fov=70.000000,dt=0.016534},
{cf=CFrame.new(-18.642887,-29788.976562,31.061241,-0.996293,-0.086020,-0.000681,-0.085443,0.988621,0.123805,-0.009977,0.123405,-0.992306),fov=70.000000,dt=0.015606},
{cf=CFrame.new(-18.835159,-29788.937500,31.823381,-0.994757,-0.102269,-0.000760,-0.101741,0.988816,0.109052,-0.010401,0.108558,-0.994036),fov=70.000000,dt=0.017144},
{cf=CFrame.new(-19.027431,-29788.898438,32.585518,-0.992953,-0.118505,-0.000512,-0.118025,0.988523,0.094295,-0.010668,0.093690,-0.995544),fov=70.000000,dt=0.016417},
{cf=CFrame.new(-19.251749,-29788.853516,33.474670,-0.990520,-0.137371,-0.000042,-0.136966,0.987576,0.077036,-0.010541,0.076311,-0.997028),fov=70.000000,dt=0.017505},
{cf=CFrame.new(-19.422161,-29788.910156,34.074142,-0.990816,-0.135217,0.000001,-0.134861,0.988205,0.072543,-0.009810,0.071877,-0.997365),fov=70.000000,dt=0.017004},
{cf=CFrame.new(-19.564171,-29788.957031,34.573689,-0.991050,-0.133494,0.000060,-0.133174,0.988706,0.068743,-0.009236,0.068120,-0.997635),fov=70.000000,dt=0.016022},
{cf=CFrame.new(-19.762987,-29789.023438,35.273056,-0.991383,-0.130995,0.000056,-0.130726,0.989379,0.063555,-0.008381,0.063000,-0.997978),fov=70.000000,dt=0.017803},
{cf=CFrame.new(-19.933399,-29789.080078,35.872520,-0.991654,-0.128926,0.000068,-0.128697,0.989924,0.059060,-0.007682,0.058558,-0.998255),fov=70.000000,dt=0.016198},
{cf=CFrame.new(-20.103811,-29789.134766,36.471977,-0.991932,-0.126770,-0.000014,-0.126582,0.990455,0.054558,-0.006903,0.054120,-0.998511),fov=70.000000,dt=0.018226},
{cf=CFrame.new(-20.274225,-29789.191406,37.071434,-0.992194,-0.124703,-0.000021,-0.124547,0.990950,0.050061,-0.006222,0.049673,-0.998746),fov=70.000000,dt=0.015557},
{cf=CFrame.new(-20.413298,-29789.312500,37.463593,-0.994044,-0.108981,0.000119,-0.108856,0.992953,0.046850,-0.005224,0.046558,-0.998902),fov=70.000000,dt=0.018322},
{cf=CFrame.new(-20.552370,-29789.431641,37.855751,-0.995636,-0.093327,0.000292,-0.093225,0.994688,0.043644,-0.004363,0.043426,-0.999047),fov=70.000000,dt=0.015450},
{cf=CFrame.new(-20.760981,-29789.611328,38.443977,-0.997560,-0.069811,0.000285,-0.069747,0.996810,0.038785,-0.002992,0.038670,-0.999248),fov=70.000000,dt=0.024078},
{cf=CFrame.new(-20.853695,-29789.691406,38.705418,-0.998241,-0.059292,0.000292,-0.059242,0.997569,0.036705,-0.002468,0.036624,-0.999326),fov=70.000000,dt=0.013172},
{cf=CFrame.new(-21.015947,-29789.832031,39.162933,-0.999163,-0.040917,0.000190,-0.040888,0.998622,0.032895,-0.001536,0.032860,-0.999459),fov=70.000000,dt=0.019040},
{cf=CFrame.new(-21.108662,-29789.912109,39.424370,-0.999538,-0.030388,0.000136,-0.030369,0.999064,0.030819,-0.001072,0.030801,-0.999525),fov=70.000000,dt=0.011542},
{cf=CFrame.new(-21.281582,-29790.076172,40.028648,-0.999917,-0.012863,0.000001,-0.012858,0.999562,0.026672,-0.000344,0.026669,-0.999644),fov=70.000000,dt=0.020146},
{cf=CFrame.new(-21.416969,-29790.248047,40.877174,-0.999985,-0.005525,0.000023,-0.005523,0.999723,0.022874,-0.000150,0.022874,-0.999739),fov=70.000000,dt=0.023572},
{cf=CFrame.new(-21.535435,-29790.400391,41.619621,-1.000000,0.000863,0.000008,0.000863,0.999808,0.019594,0.000008,0.019594,-0.999808),fov=70.000000,dt=0.019591},
{cf=CFrame.new(-21.620052,-29790.507812,42.149944,-0.999986,0.005352,0.000046,0.005352,0.999837,0.017264,0.000046,0.017264,-0.999851),fov=70.000000,dt=0.012495},
{cf=CFrame.new(-21.687746,-29790.595703,42.574207,-0.999959,0.009064,-0.000016,0.009063,0.999840,0.015451,0.000156,0.015451,-0.999881),fov=70.000000,dt=0.011354},
{cf=CFrame.new(-21.743900,-29790.693359,43.106853,-0.999914,0.013121,-0.000000,0.013120,0.999828,0.013121,0.000172,0.013120,-0.999914),fov=70.000000,dt=0.014102},
{cf=CFrame.new(-21.674664,-29790.763672,43.757179,-0.999878,0.015624,-0.000002,0.015623,0.999820,0.010790,0.000171,0.010789,-0.999942),fov=70.000000,dt=0.017646},
{cf=CFrame.new(-21.570810,-29790.869141,44.732662,-0.999813,0.019335,-0.000016,0.019335,0.999787,0.007251,0.000156,0.007250,-0.999974),fov=70.000000,dt=0.024139},
{cf=CFrame.new(-21.501575,-29790.939453,45.382980,-0.999762,0.021838,0.000054,0.021838,0.999749,0.004920,0.000054,0.004920,-0.999988),fov=70.000000,dt=0.016461},
{cf=CFrame.new(-21.432339,-29791.009766,46.033298,-0.999706,0.024255,0.000031,0.024255,0.999702,0.002589,0.000031,0.002589,-0.999997),fov=70.000000,dt=0.016664},
{cf=CFrame.new(-21.251095,-29790.949219,46.672470,-0.999584,0.028829,0.000026,0.028829,0.999583,0.001813,0.000026,0.001813,-0.999998),fov=70.000000,dt=0.014672},
{cf=CFrame.new(-20.829325,-29790.724609,47.798866,-0.999249,0.038751,0.000035,0.038751,0.999247,0.001812,0.000035,0.001812,-0.999998),fov=70.000000,dt=0.020869},
{cf=CFrame.new(-20.565718,-29790.583984,48.502857,-0.998989,0.044962,0.000041,0.044962,0.998987,0.001812,0.000041,0.001812,-0.999998),fov=70.000000,dt=0.014679},
{cf=CFrame.new(-20.249390,-29790.416016,49.347645,-0.998627,0.052380,-0.000039,0.052379,0.998626,0.001814,0.000134,0.001810,-0.999998),fov=70.000000,dt=0.016403},
{cf=CFrame.new(-19.985783,-29790.275391,50.051636,-0.998282,0.058588,-0.000033,0.058587,0.998281,0.001815,0.000139,0.001809,-0.999998),fov=70.000000,dt=0.015270},
{cf=CFrame.new(-19.452690,-29789.957031,51.412556,-0.997987,0.063415,-0.000029,0.063415,0.997986,0.001815,0.000144,0.001809,-0.999998),fov=70.000000,dt=0.030311},
{cf=CFrame.new(-19.124628,-29789.753906,52.233765,-0.997927,0.064363,-0.000028,0.064363,0.997925,0.001815,0.000145,0.001809,-0.999998),fov=70.000000,dt=0.017897},
{cf=CFrame.new(-18.843431,-29789.578125,52.937656,-0.997876,0.065139,-0.000027,0.065138,0.997875,0.001815,0.000145,0.001809,-0.999998),fov=70.000000,dt=0.016977},
{cf=CFrame.new(-18.562235,-29789.402344,53.641552,-0.997825,0.065914,-0.000026,0.065914,0.997824,0.001815,0.000146,0.001809,-0.999998),fov=70.000000,dt=0.016061},
{cf=CFrame.new(-18.234173,-29789.199219,54.462753,-0.997763,0.066862,-0.000026,0.066862,0.997761,0.001815,0.000147,0.001809,-0.999999),fov=70.000000,dt=0.019579},
{cf=CFrame.new(-18.062483,-29789.154297,55.177898,-0.997859,0.065397,-0.000027,0.065397,0.997858,0.001815,0.000146,0.001809,-0.999998),fov=70.000000,dt=0.019144},
{cf=CFrame.new(-17.906565,-29789.183594,56.138931,-0.998085,0.061863,-0.000030,0.061863,0.998083,0.001815,0.000142,0.001809,-0.999998),fov=70.000000,dt=0.021541},
{cf=CFrame.new(-17.809116,-29789.201172,56.739574,-0.998216,0.059708,-0.000032,0.059708,0.998214,0.001815,0.000140,0.001809,-0.999999),fov=70.000000,dt=0.013438},
{cf=CFrame.new(-17.672689,-29789.226562,57.580471,-0.998397,0.056605,-0.000035,0.056604,0.998395,0.001814,0.000138,0.001810,-0.999998),fov=70.000000,dt=0.019357},
{cf=CFrame.new(-17.575241,-29789.244141,58.181114,-0.998517,0.054449,-0.000037,0.054449,0.998515,0.001814,0.000136,0.001810,-0.999998),fov=70.000000,dt=0.014252},
{cf=CFrame.new(-17.456053,-29789.330078,59.021889,-0.998681,0.051345,-0.000040,0.051345,0.998679,0.001814,0.000133,0.001810,-0.999998),fov=70.000000,dt=0.017661},
{cf=CFrame.new(-17.356354,-29789.414062,59.742531,-0.998815,0.048671,-0.000042,0.048671,0.998813,0.001814,0.000130,0.001810,-0.999999),fov=70.000000,dt=0.017764},
{cf=CFrame.new(-17.190187,-29789.554688,60.943611,-0.999023,0.044186,0.000040,0.044186,0.999022,0.001812,0.000040,0.001812,-0.999998),fov=70.000000,dt=0.028640},
{cf=CFrame.new(-17.090488,-29789.638672,61.664249,-0.999138,0.041512,0.000038,0.041512,0.999136,0.001812,0.000038,0.001812,-0.999998),fov=70.000000,dt=0.016686},
{cf=CFrame.new(-17.024214,-29789.687500,62.321167,-0.999352,0.035990,0.000033,0.035990,0.999350,0.001812,0.000033,0.001812,-0.999998),fov=70.000000,dt=0.012950},
{cf=CFrame.new(-16.958130,-29789.728516,63.154572,-0.999640,0.026844,0.000024,0.026844,0.999638,0.001813,0.000024,0.001813,-0.999999),fov=70.000000,dt=0.015869},
{cf=CFrame.new(-16.881033,-29789.779297,64.126877,-0.999870,0.016142,0.000015,0.016142,0.999868,0.001813,0.000015,0.001813,-0.999999),fov=70.000000,dt=0.021778},
{cf=CFrame.new(-16.803936,-29789.828125,65.099182,-0.999986,0.005352,0.000005,0.005352,0.999984,0.001813,0.000005,0.001813,-0.999998),fov=70.000000,dt=0.017971},
{cf=CFrame.new(-16.726839,-29789.878906,66.071480,-0.999986,-0.005352,-0.000005,-0.005352,0.999984,0.001813,-0.000005,0.001813,-0.999998),fov=70.000000,dt=0.018641},
{cf=CFrame.new(-16.701395,-29789.806641,66.679039,-0.999962,-0.008718,-0.000008,-0.008718,0.999960,0.001813,-0.000008,0.001813,-0.999999),fov=70.000000,dt=0.014398},
{cf=CFrame.new(-16.681038,-29789.748047,67.165085,-0.999934,-0.011481,-0.000010,-0.011481,0.999932,0.001813,-0.000010,0.001813,-0.999999),fov=70.000000,dt=0.011658},
{cf=CFrame.new(-16.650505,-29789.662109,67.894157,-0.999878,-0.015624,-0.000014,-0.015624,0.999876,0.001813,-0.000014,0.001813,-0.999998),fov=70.000000,dt=0.015287},
{cf=CFrame.new(-16.625061,-29789.589844,68.501717,-0.999820,-0.018990,-0.000017,-0.018990,0.999818,0.001813,-0.000017,0.001813,-0.999998),fov=70.000000,dt=0.016433},
{cf=CFrame.new(-16.594526,-29789.501953,69.230774,-0.999733,-0.023133,-0.000021,-0.023133,0.999731,0.001813,-0.000021,0.001813,-0.999999),fov=70.000000,dt=0.015024},
{cf=CFrame.new(-16.625965,-29789.414062,70.100151,-0.999633,-0.027103,-0.000025,-0.027103,0.999631,0.001813,-0.000025,0.001813,-0.999998),fov=70.000000,dt=0.017032},
{cf=CFrame.new(-16.729553,-29789.349609,70.866821,-0.999559,-0.029691,-0.000027,-0.029691,0.999557,0.001813,-0.000027,0.001813,-0.999998),fov=70.000000,dt=0.012258},
{cf=CFrame.new(-16.910831,-29789.240234,72.208458,-0.999413,-0.034265,-0.000031,-0.034265,0.999411,0.001812,-0.000031,0.001812,-0.999998),fov=70.000000,dt=0.017920},
{cf=CFrame.new(-17.040316,-29789.162109,73.166763,-0.999298,-0.037457,-0.000034,-0.037457,0.999297,0.001812,-0.000034,0.001812,-0.999998),fov=70.000000,dt=0.014793},
{cf=CFrame.new(-17.221596,-29789.050781,74.508423,-0.999117,-0.042030,-0.000038,-0.042030,0.999115,0.001812,-0.000038,0.001812,-0.999998),fov=70.000000,dt=0.020289},
{cf=CFrame.new(-17.351080,-29788.972656,75.466736,-0.998977,-0.045221,-0.000041,-0.045221,0.998975,0.001812,-0.000041,0.001812,-0.999998),fov=70.000000,dt=0.012507},
{cf=CFrame.new(-17.506462,-29788.876953,76.616722,-0.998794,-0.049102,0.000042,-0.049102,0.998792,0.001814,-0.000131,0.001810,-0.999998),fov=70.000000,dt=0.015917},
{cf=CFrame.new(-17.687656,-29788.869141,77.602272,-0.999054,-0.043496,-0.000039,-0.043496,0.999052,0.001812,-0.000039,0.001812,-0.999998),fov=70.000000,dt=0.016319},
{cf=CFrame.new(-17.929249,-29788.855469,78.916374,-0.999352,-0.035990,-0.000033,-0.035990,0.999350,0.001812,-0.000033,0.001812,-0.999998),fov=70.000000,dt=0.024169},
{cf=CFrame.new(-18.110443,-29788.847656,79.901947,-0.999538,-0.030382,-0.000028,-0.030382,0.999537,0.001813,-0.000028,0.001813,-0.999998),fov=70.000000,dt=0.016211},
{cf=CFrame.new(-18.231239,-29788.841797,80.558998,-0.999644,-0.026671,-0.000024,-0.026671,0.999643,0.001813,-0.000024,0.001813,-0.999998),fov=70.000000,dt=0.009529},
{cf=CFrame.new(-18.412434,-29788.832031,81.544556,-0.999780,-0.020975,-0.000019,-0.020975,0.999778,0.001813,-0.000019,0.001813,-0.999998),fov=70.000000,dt=0.017836},
{cf=CFrame.new(-18.593628,-29788.822266,82.530121,-0.999882,-0.015365,-0.000014,-0.015365,0.999880,0.001813,-0.000014,0.001813,-0.999998),fov=70.000000,dt=0.015870},
{cf=CFrame.new(-18.774824,-29788.812500,83.515678,-0.999953,-0.009754,-0.000009,-0.009754,0.999951,0.001813,-0.000009,0.001813,-0.999999),fov=70.000000,dt=0.017264},
{cf=CFrame.new(-18.931158,-29788.902344,84.615845,-0.999949,-0.010100,-0.000009,-0.010100,0.999947,0.001813,-0.000009,0.001813,-0.999998),fov=70.000000,dt=0.017294},
{cf=CFrame.new(-19.087492,-29788.990234,85.716003,-0.999946,-0.010358,-0.000009,-0.010358,0.999945,0.001813,-0.000009,0.001813,-0.999998),fov=70.000000,dt=0.015465},
{cf=CFrame.new(-19.321995,-29789.121094,87.366219,-0.999941,-0.010876,-0.000010,-0.010876,0.999939,0.001813,-0.000010,0.001813,-0.999998),fov=70.000000,dt=0.025635},
{cf=CFrame.new(-19.452272,-29789.195312,88.283020,-0.999938,-0.011135,-0.000010,-0.011135,0.999936,0.001813,-0.000010,0.001813,-0.999998),fov=70.000000,dt=0.014918},
{cf=CFrame.new(-19.556496,-29789.253906,89.016457,-0.999935,-0.011394,-0.000010,-0.011394,0.999933,0.001813,-0.000010,0.001813,-0.999998),fov=70.000000,dt=0.010699},
{cf=CFrame.new(-19.712830,-29789.341797,90.116608,-0.999932,-0.011653,-0.000011,-0.011653,0.999930,0.001813,-0.000011,0.001813,-0.999998),fov=70.000000,dt=0.017477},
{cf=CFrame.new(-19.999443,-29789.503906,92.133545,-0.999925,-0.012257,-0.000011,-0.012257,0.999923,0.001813,-0.000011,0.001813,-0.999998),fov=70.000000,dt=0.030378},
{cf=CFrame.new(-20.003466,-29789.527344,93.155045,-0.999979,-0.006474,-0.000006,-0.006474,0.999977,0.001813,-0.000006,0.001813,-0.999998),fov=70.000000,dt=0.018445},
{cf=CFrame.new(-19.985106,-29789.535156,93.853500,-0.999999,-0.001640,-0.000001,-0.001640,0.999997,0.001813,-0.000001,0.001813,-0.999999),fov=70.000000,dt=0.012806},
{cf=CFrame.new(-19.970417,-29789.541016,94.412262,-0.999998,0.002331,0.000002,0.002331,0.999996,0.001813,0.000002,0.001813,-0.999999),fov=70.000000,dt=0.012010},
{cf=CFrame.new(-19.944712,-29789.550781,95.390091,-0.999959,0.009150,0.000008,0.009150,0.999956,0.001813,0.000008,0.001813,-0.999999),fov=70.000000,dt=0.019508},
{cf=CFrame.new(-19.926350,-29789.558594,96.088531,-0.999902,0.013984,0.000013,0.013984,0.999901,0.001813,0.000013,0.001813,-0.999998),fov=70.000000,dt=0.012802},
{cf=CFrame.new(-19.907990,-29789.564453,96.786987,-0.999823,0.018817,0.000017,0.018817,0.999821,0.001813,0.000017,0.001813,-0.999999),fov=70.000000,dt=0.013951},
{cf=CFrame.new(-19.889629,-29789.572266,97.485451,-0.999718,0.023737,0.000022,0.023737,0.999717,0.001813,0.000022,0.001813,-0.999998),fov=70.000000,dt=0.013875},
{cf=CFrame.new(-19.871267,-29789.580078,98.183907,-0.999592,0.028570,0.000026,0.028570,0.999590,0.001813,0.000026,0.001813,-0.999998),fov=70.000000,dt=0.015957},
{cf=CFrame.new(-19.849236,-29789.587891,99.022049,-0.999407,0.034437,0.000031,0.034437,0.999405,0.001812,0.000031,0.001812,-0.999998),fov=70.000000,dt=0.016220},
{cf=CFrame.new(-19.827202,-29789.595703,99.860161,-0.999188,0.040304,0.000037,0.040304,0.999186,0.001812,0.000037,0.001812,-0.999998),fov=70.000000,dt=0.017374},
{cf=CFrame.new(-19.761681,-29789.537109,100.820549,-0.999098,0.042461,0.000038,0.042461,0.999097,0.001812,0.000038,0.001812,-0.999998),fov=70.000000,dt=0.013987},
{cf=CFrame.new(-19.656843,-29789.441406,102.357147,-0.998946,0.045911,0.000042,0.045911,0.998944,0.001812,0.000042,0.001812,-0.999998),fov=70.000000,dt=0.021419},
{cf=CFrame.new(-19.591322,-29789.382812,103.317513,-0.998840,0.048154,-0.000043,0.048154,0.998838,0.001814,0.000130,0.001810,-0.999998),fov=70.000000,dt=0.014262},
{cf=CFrame.new(-19.512695,-29789.310547,104.469948,-0.998712,0.050741,-0.000040,0.050741,0.998710,0.001814,0.000132,0.001810,-0.999998),fov=70.000000,dt=0.014679},
{cf=CFrame.new(-19.434069,-29789.238281,105.622406,-0.998573,0.053414,-0.000038,0.053414,0.998571,0.001814,0.000135,0.001810,-0.999999),fov=70.000000,dt=0.016500},
{cf=CFrame.new(-19.289919,-29789.107422,107.735222,-0.998308,0.058156,-0.000034,0.058156,0.998306,0.001815,0.000139,0.001809,-0.999999),fov=70.000000,dt=0.030427},
{cf=CFrame.new(-19.224396,-29789.046875,108.695587,-0.998174,0.060398,-0.000032,0.060398,0.998173,0.001815,0.000141,0.001809,-0.999998),fov=70.000000,dt=0.015280},
{cf=CFrame.new(-19.171352,-29789.017578,109.267876,-0.998180,0.060312,-0.000032,0.060312,0.998178,0.001815,0.000141,0.001809,-0.999998),fov=70.000000,dt=0.009568},
{cf=CFrame.new(-19.037174,-29788.988281,110.208588,-0.998455,0.055570,-0.000036,0.055570,0.998453,0.001814,0.000137,0.001810,-0.999998),fov=70.000000,dt=0.012751},
{cf=CFrame.new(-18.849325,-29788.945312,111.525581,-0.998807,0.048844,-0.000042,0.048844,0.998805,0.001814,0.000131,0.001810,-0.999999),fov=70.000000,dt=0.019473},
{cf=CFrame.new(-18.715147,-29788.914062,112.466293,-0.999027,0.044100,0.000040,0.044100,0.999025,0.001812,0.000040,0.001812,-0.999998),fov=70.000000,dt=0.014205},
{cf=CFrame.new(-18.554132,-29788.878906,113.595139,-0.999262,0.038406,0.000035,0.038406,0.999261,0.001812,0.000035,0.001812,-0.999998),fov=70.000000,dt=0.014879},
{cf=CFrame.new(-18.419954,-29788.847656,114.535858,-0.999433,0.033661,0.000031,0.033661,0.999432,0.001813,0.000031,0.001813,-0.999998),fov=70.000000,dt=0.016312},
{cf=CFrame.new(-18.232105,-29788.804688,115.852852,-0.999635,0.027016,0.000024,0.027016,0.999633,0.001813,0.000024,0.001813,-0.999998),fov=70.000000,dt=0.019126},
{cf=CFrame.new(-18.071093,-29788.769531,116.981682,-0.999775,0.021234,0.000019,0.021234,0.999773,0.001813,0.000019,0.001813,-0.999999),fov=70.000000,dt=0.016851},
{cf=CFrame.new(-18.009979,-29788.804688,118.519775,-0.999810,0.019508,0.000018,0.019508,0.999808,0.001813,0.000018,0.001813,-0.999998),fov=70.000000,dt=0.017671},
{cf=CFrame.new(-17.966330,-29788.830078,119.618408,-0.999833,0.018299,0.000017,0.018299,0.999831,0.001813,0.000017,0.001813,-0.999998),fov=70.000000,dt=0.014600},
{cf=CFrame.new(-17.905218,-29788.865234,121.156487,-0.999863,0.016573,0.000015,0.016573,0.999861,0.001813,0.000015,0.001813,-0.999998),fov=70.000000,dt=0.018405},
{cf=CFrame.new(-17.852837,-29788.894531,122.474838,-0.999887,0.015020,0.000014,0.015020,0.999886,0.001813,0.000014,0.001813,-0.999998),fov=70.000000,dt=0.016531},
{cf=CFrame.new(-17.800455,-29788.925781,123.793190,-0.999908,0.013552,0.000012,0.013552,0.999907,0.001813,0.000012,0.001813,-0.999998),fov=70.000000,dt=0.016968},
{cf=CFrame.new(-17.748074,-29788.955078,125.111542,-0.999927,0.012085,0.000011,0.012085,0.999925,0.001813,0.000011,0.001813,-0.999998),fov=70.000000,dt=0.018466},
{cf=CFrame.new(-17.678232,-29788.996094,126.869339,-0.999949,0.010100,0.000009,0.010100,0.999947,0.001813,0.000009,0.001813,-0.999998),fov=70.000000,dt=0.020637},
{cf=CFrame.new(-17.634581,-29789.019531,127.967964,-0.999962,0.008805,0.000008,0.008805,0.999960,0.001813,0.000008,0.001813,-0.999999),fov=70.000000,dt=0.014911},
{cf=CFrame.new(-17.599659,-29789.041016,128.846863,-0.999969,0.007855,0.000007,0.007855,0.999968,0.001813,0.000007,0.001813,-0.999999),fov=70.000000,dt=0.011298},
{cf=CFrame.new(-17.541903,-29789.101562,130.000336,-0.999991,0.004143,0.000004,0.004143,0.999990,0.001813,0.000004,0.001813,-0.999998),fov=70.000000,dt=0.016177},
{cf=CFrame.new(-17.484146,-29789.164062,131.153809,-1.000000,0.000345,0.000000,0.000345,0.999998,0.001813,0.000000,0.001813,-0.999998),fov=70.000000,dt=0.017714},
{cf=CFrame.new(-17.416763,-29789.234375,132.499512,-0.999992,-0.003971,-0.000004,-0.003971,0.999990,0.001813,-0.000004,0.001813,-0.999998),fov=70.000000,dt=0.019407},
{cf=CFrame.new(-17.359005,-29789.296875,133.652985,-0.999970,-0.007683,-0.000007,-0.007683,0.999969,0.001813,-0.000007,0.001813,-0.999998),fov=70.000000,dt=0.016769},
{cf=CFrame.new(-17.310875,-29789.347656,134.614197,-0.999942,-0.010790,-0.000010,-0.010790,0.999940,0.001813,-0.000010,0.001813,-0.999998),fov=70.000000,dt=0.012584},
{cf=CFrame.new(-17.253119,-29789.408203,135.767685,-0.999895,-0.014502,-0.000013,-0.014502,0.999893,0.001813,-0.000013,0.001813,-0.999998),fov=70.000000,dt=0.017215},
{cf=CFrame.new(-17.195360,-29789.470703,136.921127,-0.999835,-0.018213,-0.000017,-0.018213,0.999833,0.001813,-0.000017,0.001813,-0.999999),fov=70.000000,dt=0.017089},
{cf=CFrame.new(-17.137604,-29789.531250,138.074600,-0.999760,-0.021924,-0.000020,-0.021924,0.999758,0.001813,-0.000020,0.001813,-0.999998),fov=70.000000,dt=0.016108},
{cf=CFrame.new(-17.079847,-29789.591797,139.228012,-0.999672,-0.025636,-0.000023,-0.025636,0.999670,0.001813,-0.000023,0.001813,-0.999999),fov=70.000000,dt=0.017447},
{cf=CFrame.new(-17.111597,-29789.541016,140.303024,-0.999667,-0.025808,-0.000023,-0.025808,0.999665,0.001813,-0.000023,0.001813,-0.999998),fov=70.000000,dt=0.016592},
{cf=CFrame.new(-17.153929,-29789.472656,141.736298,-0.999660,-0.026067,-0.000024,-0.026067,0.999659,0.001813,-0.000024,0.001813,-0.999998),fov=70.000000,dt=0.021481},
{cf=CFrame.new(-17.175095,-29789.439453,142.452927,-0.999656,-0.026240,-0.000024,-0.026240,0.999654,0.001813,-0.000024,0.001813,-0.999998),fov=70.000000,dt=0.011959},
{cf=CFrame.new(-17.206844,-29789.386719,143.527908,-0.999651,-0.026412,-0.000024,-0.026412,0.999649,0.001813,-0.000024,0.001813,-0.999998),fov=70.000000,dt=0.015446},
{cf=CFrame.new(-17.238594,-29789.335938,144.602875,-0.999647,-0.026585,-0.000024,-0.026585,0.999645,0.001813,-0.000024,0.001813,-0.999999),fov=70.000000,dt=0.018053},
{cf=CFrame.new(-17.302094,-29789.232422,146.752823,-0.999635,-0.027016,-0.000024,-0.027016,0.999633,0.001813,-0.000024,0.001813,-0.999998),fov=70.000000,dt=0.032803},
{cf=CFrame.new(-17.339134,-29789.173828,148.006927,-0.999631,-0.027189,-0.000025,-0.027189,0.999629,0.001813,-0.000025,0.001813,-0.999999),fov=70.000000,dt=0.017869},
{cf=CFrame.new(-17.370884,-29789.123047,149.081879,-0.999623,-0.027448,-0.000025,-0.027448,0.999622,0.001813,-0.000025,0.001813,-0.999998),fov=70.000000,dt=0.017001},
{cf=CFrame.new(-17.397341,-29789.080078,149.977676,-0.999621,-0.027534,-0.000025,-0.027534,0.999619,0.001813,-0.000025,0.001813,-0.999998),fov=70.000000,dt=0.013458},
{cf=CFrame.new(-17.533882,-29789.019531,151.746399,-0.999656,-0.026240,-0.000024,-0.026240,0.999654,0.001813,-0.000024,0.001813,-0.999998),fov=70.000000,dt=0.028314},
{cf=CFrame.new(-17.717266,-29789.005859,152.960464,-0.999724,-0.023478,-0.000021,-0.023478,0.999723,0.001813,-0.000021,0.001813,-0.999998),fov=70.000000,dt=0.020175},
{cf=CFrame.new(-17.822058,-29788.998047,153.654205,-0.999760,-0.021924,-0.000020,-0.021924,0.999758,0.001813,-0.000020,0.001813,-0.999998),fov=70.000000,dt=0.011293},
{cf=CFrame.new(-17.953049,-29788.988281,154.521393,-0.999801,-0.019939,-0.000018,-0.019939,0.999800,0.001813,-0.000018,0.001813,-0.999998),fov=70.000000,dt=0.013555},
{cf=CFrame.new(-18.110235,-29788.974609,155.562012,-0.999845,-0.017609,-0.000016,-0.017609,0.999843,0.001813,-0.000016,0.001813,-0.999998),fov=70.000000,dt=0.017100},
{cf=CFrame.new(-18.267422,-29788.962891,156.602615,-0.999885,-0.015192,-0.000014,-0.015192,0.999883,0.001813,-0.000014,0.001813,-0.999998),fov=70.000000,dt=0.016563},
{cf=CFrame.new(-18.398413,-29788.953125,157.469788,-0.999912,-0.013293,-0.000012,-0.013293,0.999910,0.001813,-0.000012,0.001813,-0.999999),fov=70.000000,dt=0.014349},
{cf=CFrame.new(-18.529402,-29788.943359,158.336960,-0.999936,-0.011308,-0.000010,-0.011308,0.999934,0.001813,-0.000010,0.001813,-0.999998),fov=70.000000,dt=0.013811},
{cf=CFrame.new(-18.791380,-29788.921875,160.071320,-0.999973,-0.007424,-0.000007,-0.007424,0.999971,0.001813,-0.000007,0.001813,-0.999999),fov=70.000000,dt=0.026006},
{cf=CFrame.new(-18.898054,-29788.951172,160.909332,-0.999981,-0.006129,-0.000006,-0.006129,0.999980,0.001813,-0.000006,0.001813,-0.999998),fov=70.000000,dt=0.015887},
{cf=CFrame.new(-18.988516,-29789.005859,161.727905,-0.999986,-0.005352,-0.000005,-0.005352,0.999984,0.001813,-0.000005,0.001813,-0.999998),fov=70.000000,dt=0.013639},
{cf=CFrame.new(-19.115164,-29789.082031,162.873901,-0.999991,-0.004230,-0.000004,-0.004230,0.999989,0.001813,-0.000004,0.001813,-0.999999),fov=70.000000,dt=0.017829},
{cf=CFrame.new(-19.241812,-29789.158203,164.019897,-0.999995,-0.003108,-0.000003,-0.003108,0.999994,0.001813,-0.000003,0.001813,-0.999998),fov=70.000000,dt=0.020544},
{cf=CFrame.new(-19.332273,-29789.212891,164.838470,-0.999998,-0.002331,-0.000002,-0.002331,0.999996,0.001813,-0.000002,0.001813,-0.999999),fov=70.000000,dt=0.013950},
{cf=CFrame.new(-19.404644,-29789.255859,165.493317,-0.999999,-0.001726,-0.000002,-0.001726,0.999997,0.001813,-0.000002,0.001813,-0.999998),fov=70.000000,dt=0.012015},
{cf=CFrame.new(-19.513199,-29789.320312,166.475571,-1.000000,-0.000777,-0.000001,-0.000777,0.999998,0.001813,-0.000001,0.001813,-0.999998),fov=70.000000,dt=0.014968},
{cf=CFrame.new(-19.606882,-29789.355469,167.595062,-1.000000,0.000000,0.000000,0.000000,0.999998,0.001813,0.000000,0.001813,-0.999998),fov=70.000000,dt=0.020187},
{cf=CFrame.new(-19.616541,-29789.294922,168.497833,-1.000000,0.000000,0.000000,0.000000,0.999998,0.001813,0.000000,0.001813,-0.999998),fov=70.000000,dt=0.016616},
{cf=CFrame.new(-19.626198,-29789.236328,169.400589,-1.000000,0.000000,0.000000,0.000000,0.999998,0.001813,0.000000,0.001813,-0.999998),fov=70.000000,dt=0.016776},
{cf=CFrame.new(-19.634247,-29789.187500,170.152893,-1.000000,0.000000,0.000000,0.000000,0.999998,0.001813,0.000000,0.001813,-0.999998),fov=70.000000,dt=0.012329},
{cf=CFrame.new(-19.642296,-29789.136719,170.905197,-1.000000,0.000000,0.000000,0.000000,0.999998,0.001813,0.000000,0.001813,-0.999998),fov=70.000000,dt=0.015471},
{cf=CFrame.new(-19.651955,-29789.078125,171.807968,-1.000000,0.000000,0.000000,0.000000,0.999998,0.001813,0.000000,0.001813,-0.999998),fov=70.000000,dt=0.017708},
{cf=CFrame.new(-19.663223,-29789.007812,172.861176,-1.000000,0.000000,0.000000,0.000000,0.999998,0.001813,0.000000,0.001813,-0.999998),fov=70.000000,dt=0.018750},
{cf=CFrame.new(-19.671272,-29788.958984,173.613449,-1.000000,0.000000,0.000000,0.000000,0.999998,0.001813,0.000000,0.001813,-0.999998),fov=70.000000,dt=0.014365},
{cf=CFrame.new(-19.694862,-29788.958984,174.600845,-1.000000,0.000000,0.000000,0.000000,0.999998,0.001813,0.000000,0.001813,-0.999998),fov=70.000000,dt=0.020569},
{cf=CFrame.new(-19.712555,-29788.958984,175.341339,-1.000000,0.000000,0.000000,0.000000,0.999998,0.001813,0.000000,0.001813,-0.999998),fov=70.000000,dt=0.018022},
{cf=CFrame.new(-19.727299,-29788.958984,175.958420,-1.000000,0.000000,0.000000,0.000000,0.999998,0.001813,0.000000,0.001813,-0.999998),fov=70.000000,dt=0.012213},
{cf=CFrame.new(-19.742043,-29788.958984,176.575516,-1.000000,0.000000,0.000000,0.000000,0.999998,0.001813,0.000000,0.001813,-0.999998),fov=70.000000,dt=0.013741},
{cf=CFrame.new(-19.765633,-29788.958984,177.562897,-1.000000,0.000000,0.000000,0.000000,0.999998,0.001813,0.000000,0.001813,-0.999998),fov=70.000000,dt=0.024582},
{cf=CFrame.new(-19.789223,-29788.958984,178.550232,-1.000000,0.000000,0.000000,0.000000,0.999998,0.001813,0.000000,0.001813,-0.999998),fov=70.000000,dt=0.020334},
{cf=CFrame.new(-19.801018,-29788.958984,179.043900,-1.000000,0.000000,0.000000,0.000000,0.999998,0.001813,0.000000,0.001813,-0.999998),fov=70.000000,dt=0.010452},
{cf=CFrame.new(-19.812813,-29788.958984,179.537552,-1.000000,0.000000,0.000000,0.000000,0.999998,0.001813,0.000000,0.001813,-0.999998),fov=70.000000,dt=0.011581},
{cf=CFrame.new(-19.720131,-29788.958984,181.254532,-1.000000,0.000000,0.000000,0.000000,0.999998,0.001813,0.000000,0.001813,-0.999998),fov=70.000000,dt=0.023172},
{cf=CFrame.new(-19.639034,-29788.958984,182.756866,-1.000000,0.000000,0.000000,0.000000,0.999998,0.001813,0.000000,0.001813,-0.999998),fov=70.000000,dt=0.019045},
{cf=CFrame.new(-19.581108,-29788.958984,183.829941,-1.000000,0.000000,0.000000,0.000000,0.999998,0.001813,0.000000,0.001813,-0.999998),fov=70.000000,dt=0.014239},
{cf=CFrame.new(-19.523182,-29788.958984,184.903015,-1.000000,0.000000,0.000000,0.000000,0.999998,0.001813,0.000000,0.001813,-0.999998),fov=70.000000,dt=0.012762},
{cf=CFrame.new(-19.465256,-29788.958984,185.976105,-1.000000,0.000000,0.000000,0.000000,0.999998,0.001813,0.000000,0.001813,-0.999998),fov=70.000000,dt=0.016008},
{cf=CFrame.new(-19.395744,-29788.958984,187.263794,-1.000000,0.000000,0.000000,0.000000,0.999998,0.001813,0.000000,0.001813,-0.999998),fov=70.000000,dt=0.016751},
{cf=CFrame.new(-19.306324,-29788.958984,188.443604,-1.000000,0.000000,0.000000,0.000000,0.999998,0.001813,0.000000,0.001813,-0.999998),fov=70.000000,dt=0.019019},
{cf=CFrame.new(-19.204132,-29788.958984,189.791946,-1.000000,0.000000,0.000000,0.000000,0.999998,0.001813,0.000000,0.001813,-0.999998),fov=70.000000,dt=0.021349},
{cf=CFrame.new(-19.127487,-29788.958984,190.803207,-1.000000,0.000000,0.000000,0.000000,0.999998,0.001813,0.000000,0.001813,-0.999998),fov=70.000000,dt=0.017752},
{cf=CFrame.new(-19.038067,-29788.958984,191.982956,-1.000000,0.000000,0.000000,0.000000,0.999998,0.001813,0.000000,0.001813,-0.999998),fov=70.000000,dt=0.017825},
{cf=CFrame.new(-18.969973,-29788.958984,193.041779,-1.000000,0.000000,0.000000,0.000000,0.999998,0.001813,0.000000,0.001813,-0.999998),fov=70.000000,dt=0.013203},
{cf=CFrame.new(-18.913242,-29788.958984,194.004120,-1.000000,0.000000,0.000000,0.000000,0.999998,0.001813,0.000000,0.001813,-0.999998),fov=70.000000,dt=0.012420},
{cf=CFrame.new(-18.771421,-29788.958984,196.409958,-1.000000,0.000000,0.000000,0.000000,0.999998,0.001813,0.000000,0.001813,-0.999998),fov=70.000000,dt=0.027614},
{cf=CFrame.new(-18.686327,-29788.958984,197.853439,-1.000000,0.000000,0.000000,0.000000,0.999998,0.001813,0.000000,0.001813,-0.999998),fov=70.000000,dt=0.016291},
{cf=CFrame.new(-18.601234,-29788.958984,199.296921,-1.000000,0.000000,0.000000,0.000000,0.999998,0.001813,0.000000,0.001813,-0.999998),fov=70.000000,dt=0.016489},
{cf=CFrame.new(-18.558687,-29788.958984,200.018661,-1.000000,0.000000,0.000000,0.000000,0.999998,0.001813,0.000000,0.001813,-0.999998),fov=70.000000,dt=0.009754},
{cf=CFrame.new(-18.464186,-29788.958984,201.850418,-1.000000,0.000000,0.000000,0.000000,0.999998,0.001813,0.000000,0.001813,-0.999998),fov=70.000000,dt=0.022571},
{cf=CFrame.new(-18.407528,-29788.958984,203.154541,-1.000000,0.000000,0.000000,0.000000,0.999998,0.001813,0.000000,0.001813,-0.999998),fov=70.000000,dt=0.014552},
{cf=CFrame.new(-18.379198,-29788.958984,203.806580,-1.000000,0.000000,0.000000,0.000000,0.999998,0.001813,0.000000,0.001813,-0.999998),fov=70.000000,dt=0.009653},
{cf=CFrame.new(-18.331982,-29788.958984,204.893356,-1.000000,0.000000,0.000000,0.000000,0.999998,0.001813,0.000000,0.001813,-0.999998),fov=70.000000,dt=0.013641},
{cf=CFrame.new(-18.275322,-29788.958984,206.197479,-1.000000,0.000000,0.000000,0.000000,0.999998,0.001813,0.000000,0.001813,-0.999998),fov=70.000000,dt=0.017706},
{cf=CFrame.new(-18.232847,-29788.958984,207.882416,-1.000000,0.000000,0.000000,0.000000,0.999998,0.001813,0.000000,0.001813,-0.999998),fov=70.000000,dt=0.020066},
{cf=CFrame.new(-18.268309,-29788.958984,208.834595,-1.000000,0.000000,0.000000,0.000000,0.999998,0.001813,0.000000,0.001813,-0.999998),fov=70.000000,dt=0.015420},
{cf=CFrame.new(-18.310862,-29788.958984,209.977188,-1.000000,0.000000,0.000000,0.000000,0.999998,0.001813,0.000000,0.001813,-0.999998),fov=70.000000,dt=0.015097},
{cf=CFrame.new(-18.346323,-29788.958984,210.929321,-1.000000,0.000000,0.000000,0.000000,0.999998,0.001813,0.000000,0.001813,-0.999998),fov=70.000000,dt=0.015265},
{cf=CFrame.new(-18.391478,-29788.958984,212.422867,-1.000000,0.000000,0.000000,0.000000,0.999998,0.001813,0.000000,0.001813,-0.999998),fov=70.000000,dt=0.024922},
{cf=CFrame.new(-18.398420,-29788.958984,213.358948,-1.000000,0.000000,0.000000,0.000000,0.999998,0.001813,0.000000,0.001813,-0.999998),fov=70.000000,dt=0.021428},
{cf=CFrame.new(-18.402758,-29788.958984,213.944000,-1.000000,0.000000,0.000000,0.000000,0.999998,0.001813,0.000000,0.001813,-0.999998),fov=70.000000,dt=0.015054},
{cf=CFrame.new(-18.406229,-29788.958984,214.412033,-1.000000,0.000000,0.000000,0.000000,0.999998,0.001813,0.000000,0.001813,-0.999998),fov=70.000000,dt=0.010528},
{cf=CFrame.new(-18.414906,-29788.958984,215.582062,-1.000000,0.000000,0.000000,0.000000,0.999998,0.001813,0.000000,0.001813,-0.999998),fov=70.000000,dt=0.027843},
{cf=CFrame.new(-18.424465,-29788.958984,216.289169,-1.000000,0.000000,0.000000,0.000000,0.999998,0.001813,0.000000,0.001813,-0.999998),fov=70.000000,dt=0.017982},
{cf=CFrame.new(-18.431293,-29788.958984,216.794205,-1.000000,0.000000,0.000000,0.000000,0.999998,0.001813,0.000000,0.001813,-0.999998),fov=70.000000,dt=0.014364},
{cf=CFrame.new(-18.439487,-29788.958984,217.400177,-1.000000,0.000000,0.000000,0.000000,0.999998,0.001813,0.000000,0.001813,-0.999998),fov=70.000000,dt=0.016490},
{cf=CFrame.new(-18.438721,-29788.958984,217.917084,-1.000000,0.000000,0.000000,0.000000,0.999998,0.001813,0.000000,0.001813,-0.999998),fov=70.000000,dt=0.027343},
{cf=CFrame.new(-18.440094,-29788.958984,218.142273,-1.000000,0.000000,0.000000,0.000000,0.999998,0.001813,0.000000,0.001813,-0.999998),fov=70.000000,dt=0.019359},
{cf=CFrame.new(-18.442127,-29788.958984,218.208359,-1.000000,0.000000,0.000000,0.000000,0.999998,0.001813,0.000000,0.001813,-0.999998),fov=70.000000,dt=0.012800},
{cf=CFrame.new(-18.443348,-29788.958984,218.261108,-1.000000,0.000000,0.000000,0.000000,0.999998,0.001813,0.000000,0.001813,-0.999998),fov=70.000000,dt=0.011225},
{cf=CFrame.new(-18.443348,-29788.958984,218.326752,-1.000000,0.000000,0.000000,0.000000,0.999998,0.001813,0.000000,0.001813,-0.999998),fov=70.000000,dt=0.013802},
{cf=CFrame.new(-18.443348,-29788.958984,218.405396,-1.000000,0.000000,0.000000,0.000000,0.999998,0.001813,0.000000,0.001813,-0.999998),fov=70.000000,dt=0.017687},
{cf=CFrame.new(-18.443348,-29788.958984,218.444702,-1.000000,0.000000,0.000000,0.000000,0.999998,0.001813,0.000000,0.001813,-0.999998),fov=70.000000,dt=0.051513},
{cf=CFrame.new(-18.443348,-29788.958984,218.444702,-1.000000,0.000000,0.000000,0.000000,0.999998,0.001813,0.000000,0.001813,-0.999998),fov=70.000000,dt=0.124785},
{cf=CFrame.new(-18.443348,-29788.958984,218.444702,-1.000000,0.000000,0.000000,0.000000,0.999998,0.001813,0.000000,0.001813,-0.999998),fov=70.000000,dt=0.111245},
{cf=CFrame.new(-18.443348,-29788.958984,218.444702,-1.000000,0.000000,0.000000,0.000000,0.999998,0.001813,0.000000,0.001813,-0.999998),fov=70.000000,dt=0.107209},
{cf=CFrame.new(-18.443348,-29788.958984,218.444702,-1.000000,0.000000,0.000000,0.000000,0.999998,0.001813,0.000000,0.001813,-0.999998),fov=70.000000,dt=0.112539},
{cf=CFrame.new(-18.443348,-29788.958984,218.444702,-1.000000,0.000000,0.000000,0.000000,0.999998,0.001813,0.000000,0.001813,-0.999998),fov=70.000000,dt=0.110726},
{cf=CFrame.new(-18.443348,-29788.958984,218.444702,-1.000000,0.000000,0.000000,0.000000,0.999998,0.001813,0.000000,0.001813,-0.999998),fov=70.000000,dt=0.113711},
{cf=CFrame.new(-18.443348,-29788.958984,218.444702,-1.000000,0.000000,0.000000,0.000000,0.999998,0.001813,0.000000,0.001813,-0.999998),fov=70.000000,dt=0.100666},
