-- Uh Oh
local Players = game:GetService('Players')
local RunService = game:GetService('RunService')

local player = Players.LocalPlayer
local camera = workspace.CurrentCamera

local root = player.Character:WaitForChild('HumanoidRootPart')

camera.CameraType = Enum.CameraType.Scriptable

local frames = {
	{mode='PLAYER',cf=CFrame.new(35.894409,28.857025,-24.577759,-0.220731,-0.255125,0.941376,0.247150,0.919050,0.307025,-0.943501,0.300431,-0.139809),fov=51.428570,dt=0.040540},
	{mode='PLAYER',cf=CFrame.new(25.506790,17.736359,-16.806808,-0.169725,-0.167927,0.971079,0.228008,0.951948,0.204469,-0.958752,0.256117,-0.123281),fov=45.714287,dt=0.052361},
	{mode='PLAYER',cf=CFrame.new(19.131012,11.137695,-12.370239,-0.163095,-0.114918,0.979895,0.195667,0.969698,0.146289,-0.967013,0.215592,-0.135668),fov=42.857143,dt=0.046051},
	{mode='PLAYER',cf=CFrame.new(14.545563,6.974640,-9.828339,-0.199062,-0.082896,0.976475,0.142215,0.983424,0.112478,-0.969613,0.161259,-0.183973),fov=40.000000,dt=0.045262},
	{mode='PLAYER',cf=CFrame.new(10.710785,4.088989,-8.067062,-0.260963,-0.030334,0.964872,0.076203,0.995740,0.051915,-0.962336,0.087074,-0.257540),fov=40.000000,dt=0.054019},
	{mode='PLAYER',cf=CFrame.new(7.736603,2.124481,-7.235321,-0.347301,0.100554,0.932347,0.012138,0.994633,-0.102750,-0.937675,-0.024368,-0.346658),fov=40.000000,dt=0.045687},
	{mode='PLAYER',cf=CFrame.new(5.582275,1.391296,-6.182770,-0.310217,0.272202,0.910863,-0.112042,0.940986,-0.319363,-0.944040,-0.201127,-0.261412),fov=40.000000,dt=0.045836},
	{mode='PLAYER',cf=CFrame.new(4.890656,0.639618,-5.726074,-0.271157,0.348048,0.897405,-0.037766,0.927770,-0.371236,-0.961794,-0.134555,-0.238427),fov=40.000000,dt=0.043299},
	{mode='PLAYER',cf=CFrame.new(4.439636,0.236206,-5.621338,-0.349918,0.239968,0.905523,-0.081179,0.955230,-0.284510,-0.933256,-0.173065,-0.314772),fov=45.000000,dt=0.048985},
	{mode='PLAYER',cf=CFrame.new(4.109375,-0.060669,-5.170944,-0.336801,0.292446,0.895009,-0.075507,0.939093,-0.335265,-0.938543,-0.180497,-0.294206),fov=48.333332,dt=0.048883},
	{mode='PLAYER',cf=CFrame.new(4.307358,-1.314117,-2.303207,0.315190,0.820015,0.477735,0.102622,0.470993,-0.876147,-0.943464,0.325179,0.064300),fov=63.333328,dt=0.061449},
	{mode='PLAYER',cf=CFrame.new(4.507568,-1.552002,-1.618240,0.384800,0.833682,0.396109,0.078471,0.398051,-0.914001,-0.919658,0.382791,0.087750),fov=68.965523,dt=0.037712},
	{mode='PLAYER',cf=CFrame.new(4.743484,-1.739990,-1.184952,0.503691,0.722637,0.473382,0.051832,0.521703,-0.851551,-0.862327,0.453455,0.225322),fov=66.896545,dt=0.044376},
	{mode='PLAYER',cf=CFrame.new(4.869400,-1.838654,-0.820694,0.489254,0.663199,0.566390,0.044476,0.629607,-0.775640,-0.871007,0.404675,0.278541),fov=65.862068,dt=0.043625},
	{mode='PLAYER',cf=CFrame.new(4.913452,-1.862122,-0.532730,0.485522,0.605591,0.630498,0.072230,0.690954,-0.719281,-0.871235,0.394768,0.291731),fov=64.310333,dt=0.052150},
	{mode='PLAYER',cf=CFrame.new(4.975098,-1.456604,-0.579941,0.521260,0.525824,0.672159,0.106739,0.741270,-0.662665,-0.846696,0.417167,0.330268),fov=63.015545,dt=0.039021},
	{mode='PLAYER',cf=CFrame.new(4.984863,-1.694550,-0.477203,0.545821,0.465171,0.696918,0.098555,0.790328,-0.604706,-0.832085,0.398746,0.385533),fov=60.682892,dt=0.037178},
	{mode='PLAYER',cf=CFrame.new(5.231461,-2.449585,-0.109253,0.591181,0.467388,0.657308,-0.017697,0.822294,-0.568787,-0.806345,0.324624,0.494396),fov=59.127781,dt=0.036730},
	{mode='PLAYER',cf=CFrame.new(5.155243,-2.039520,-0.367310,0.493262,0.392705,0.776193,0.032549,0.883341,-0.467600,-0.869272,0.255914,0.422936),fov=57.572674,dt=0.034674},
	{mode='PLAYER',cf=CFrame.new(5.159302,-1.960938,-0.321259,0.425960,0.320667,0.846009,0.017013,0.932079,-0.361856,-0.904582,0.168529,0.391572),fov=52.596344,dt=0.036387},
	{mode='PLAYER',cf=CFrame.new(5.138794,-2.166595,-0.251968,0.373617,0.330123,0.866850,-0.009258,0.935806,-0.352393,-0.927537,0.123635,0.352690),fov=48.397560,dt=0.035245},
	{mode='PLAYER',cf=CFrame.new(5.326035,-2.134186,-0.167953,0.315770,0.270025,0.909602,0.011798,0.957459,-0.288327,-0.948762,0.101776,0.299152),fov=44.198780,dt=0.045983},
	{mode='PLAYER',cf=CFrame.new(5.554962,-2.168365,-0.066803,0.240139,0.195991,0.950747,0.032109,0.977267,-0.209568,-0.970207,0.080853,0.228387),fov=42.000000,dt=0.034709},
	{mode='PLAYER',cf=CFrame.new(5.729538,-2.221588,-0.016129,0.206754,0.144562,0.967654,0.051838,0.986016,-0.158381,-0.977019,0.082908,0.196369),fov=45.999996,dt=0.056900},
	{mode='PLAYER',cf=CFrame.new(5.911148,-2.287628,0.015793,0.191352,0.095583,0.976856,0.077628,0.990656,-0.112139,-0.978447,0.097290,0.182144),fov=50.000000,dt=0.045345},
	{mode='PLAYER',cf=CFrame.new(7.708893,-2.368683,0.042374,0.018921,0.064693,0.997726,0.096021,0.993174,-0.066219,-0.995199,0.097056,0.012580),fov=63.333328,dt=0.032688},
	{mode='PLAYER',cf=CFrame.new(8.017685,-2.433655,-2.651596,-0.129394,0.095101,0.987022,0.001721,0.995410,-0.095683,-0.991592,-0.010682,-0.128964),fov=70.000000,dt=0.061142},
	{mode='PLAYER',cf=CFrame.new(8.017670,-19.540131,-2.651611,-0.129394,0.095101,0.987022,0.001721,0.995410,-0.095683,-0.991592,-0.010682,-0.128964),fov=70.000000,dt=0.051583},
	{mode='PLAYER',cf=CFrame.new(8.017670,-32.445465,-2.651611,-0.129394,0.095101,0.987022,0.001721,0.995410,-0.095683,-0.991592,-0.010682,-0.128964),fov=70.000000,dt=0.025175},
	{mode='PLAYER',cf=CFrame.new(8.017670,-38.281006,-2.651611,-0.129394,0.095101,0.987022,0.001721,0.995410,-0.095683,-0.991592,-0.010682,-0.128964),fov=70.000000,dt=0.026511},
	{mode='PLAYER',cf=CFrame.new(8.017670,-44.119659,-2.651611,-0.129394,0.095101,0.987022,0.001721,0.995410,-0.095683,-0.991592,-0.010682,-0.128964),fov=70.000000,dt=0.023711},
	{mode='PLAYER',cf=CFrame.new(8.017685,-49.088379,-2.651611,-0.129394,0.095101,0.987022,0.001721,0.995410,-0.095683,-0.991592,-0.010682,-0.128964),fov=70.000000,dt=0.026533},
	{mode='PLAYER',cf=CFrame.new(8.017685,-54.378510,-2.651596,-0.129394,0.095101,0.987022,0.001721,0.995410,-0.095683,-0.991592,-0.010682,-0.128964),fov=70.000000,dt=0.022594},
	{mode='PLAYER',cf=CFrame.new(8.017670,-58.669373,-2.651611,-0.129394,0.095101,0.987022,0.001721,0.995410,-0.095683,-0.991592,-0.010682,-0.128964),fov=70.000000,dt=0.029734},
	{mode='PLAYER',cf=CFrame.new(234.266113,9499.364258,-165.173401,-0.890066,-0.000000,0.455832,-0.000000,1.000000,0.000000,-0.455832,0.000000,-0.890066),fov=70.000000,dt=0.029315},
	{mode='PLAYER',cf=CFrame.new(234.266113,9494.377930,-165.173401,-0.890066,-0.000000,0.455832,-0.000000,1.000000,0.000000,-0.455832,0.000000,-0.890066),fov=70.000000,dt=0.030156},
	{mode='PLAYER',cf=CFrame.new(234.266068,9489.541992,-165.173340,-0.890066,-0.000000,0.455832,-0.000000,1.000000,0.000000,-0.455832,0.000000,-0.890066),fov=70.000000,dt=0.026749},
	{mode='PLAYER',cf=CFrame.new(234.266113,9485.487305,-165.173401,-0.890066,-0.000000,0.455832,-0.000000,1.000000,0.000000,-0.455832,0.000000,-0.890066),fov=70.000000,dt=0.031162},
	{mode='PLAYER',cf=CFrame.new(234.266083,9481.027344,-165.173340,-0.890066,-0.000000,0.455832,-0.000000,1.000000,0.000000,-0.455832,0.000000,-0.890066),fov=70.000000,dt=0.036240},
	{mode='PLAYER',cf=CFrame.new(234.266113,9476.174805,-165.173401,-0.890066,-0.000000,0.455832,-0.000000,1.000000,0.000000,-0.455832,0.000000,-0.890066),fov=70.000000,dt=0.029997},
	{mode='WORLD',cf=CFrame.new(0.000000,10000.000000,0.000000,1.000000,0.000000,0.000000,0.000000,1.000000,0.000000,0.000000,0.000000,1.000000),fov=70.000000,dt=0.057082},
	{mode='WORLD',cf=CFrame.new(0.000000,10000.000000,0.000000,1.000000,0.000000,0.000000,0.000000,1.000000,0.000000,0.000000,0.000000,1.000000),fov=70.000000,dt=0.064338},
	{mode='WORLD',cf=CFrame.new(0.000000,10000.000000,0.000000,1.000000,0.000000,0.000000,0.000000,1.000000,0.000000,0.000000,0.000000,1.000000),fov=70.000000,dt=0.046175},
	{mode='WORLD',cf=CFrame.new(0.000000,10000.000000,0.000000,1.000000,0.000000,0.000000,0.000000,1.000000,0.000000,0.000000,0.000000,1.000000),fov=70.000000,dt=0.064991},
	{mode='WORLD',cf=CFrame.new(0.000000,10000.000000,0.000000,1.000000,0.000000,0.000000,0.000000,1.000000,0.000000,0.000000,0.000000,1.000000),fov=70.000000,dt=0.040865},
	{mode='WORLD',cf=CFrame.new(0.000000,10000.000000,0.000000,1.000000,0.000000,0.000000,0.000000,1.000000,0.000000,0.000000,0.000000,1.000000),fov=70.000000,dt=0.022641},
	{mode='WORLD',cf=CFrame.new(0.000000,10000.000000,0.000000,1.000000,0.000000,0.000000,0.000000,1.000000,0.000000,0.000000,0.000000,1.000000),fov=70.000000,dt=0.028279},
	{mode='WORLD',cf=CFrame.new(0.000000,10000.000000,0.000000,1.000000,0.000000,0.000000,0.000000,1.000000,0.000000,0.000000,0.000000,1.000000),fov=70.000000,dt=0.036340},
	{mode='WORLD',cf=CFrame.new(0.000000,10000.000000,0.000000,1.000000,0.000000,0.000000,0.000000,1.000000,0.000000,0.000000,0.000000,1.000000),fov=70.000000,dt=0.024779},
	{mode='WORLD',cf=CFrame.new(0.000000,10000.000000,0.000000,1.000000,0.000000,0.000000,0.000000,1.000000,0.000000,0.000000,0.000000,1.000000),fov=70.000000,dt=0.014914},
	{mode='WORLD',cf=CFrame.new(0.000000,10000.000000,0.000000,1.000000,0.000000,0.000000,0.000000,1.000000,0.000000,0.000000,0.000000,1.000000),fov=70.000000,dt=0.020027},
	{mode='WORLD',cf=CFrame.new(0.000000,10000.000000,0.000000,1.000000,0.000000,0.000000,0.000000,1.000000,0.000000,0.000000,0.000000,1.000000),fov=70.000000,dt=0.021958},
	{mode='WORLD',cf=CFrame.new(0.000000,10000.000000,0.000000,1.000000,0.000000,0.000000,0.000000,1.000000,0.000000,0.000000,0.000000,1.000000),fov=70.000000,dt=0.032420},
	{mode='WORLD',cf=CFrame.new(0.000000,10000.000000,0.000000,1.000000,0.000000,0.000000,0.000000,1.000000,0.000000,0.000000,0.000000,1.000000),fov=70.000000,dt=0.043282},
	{mode='WORLD',cf=CFrame.new(0.000000,10000.000000,0.000000,1.000000,0.000000,0.000000,0.000000,1.000000,0.000000,0.000000,0.000000,1.000000),fov=70.000000,dt=0.030634},
	{mode='WORLD',cf=CFrame.new(0.000000,10000.000000,0.000000,1.000000,0.000000,0.000000,0.000000,1.000000,0.000000,0.000000,0.000000,1.000000),fov=70.000000,dt=0.028282},
	{mode='WORLD',cf=CFrame.new(0.000000,10000.000000,0.000000,1.000000,0.000000,0.000000,0.000000,1.000000,0.000000,0.000000,0.000000,1.000000),fov=70.000000,dt=0.024288},
	{mode='WORLD',cf=CFrame.new(0.000000,10000.000000,0.000000,1.000000,0.000000,0.000000,0.000000,1.000000,0.000000,0.000000,0.000000,1.000000),fov=70.000000,dt=0.026985},
	{mode='WORLD',cf=CFrame.new(0.000000,10000.000000,0.000000,1.000000,0.000000,0.000000,0.000000,1.000000,0.000000,0.000000,0.000000,1.000000),fov=70.000000,dt=0.014725},
	{mode='WORLD',cf=CFrame.new(0.000000,10000.000000,0.000000,1.000000,0.000000,0.000000,0.000000,1.000000,0.000000,0.000000,0.000000,1.000000),fov=70.000000,dt=0.018188},
	{mode='WORLD',cf=CFrame.new(0.000000,10000.000000,0.000000,1.000000,0.000000,0.000000,0.000000,1.000000,0.000000,0.000000,0.000000,1.000000),fov=70.000000,dt=0.018208},
	{mode='WORLD',cf=CFrame.new(0.000000,10000.000000,0.000000,1.000000,0.000000,0.000000,0.000000,1.000000,0.000000,0.000000,0.000000,1.000000),fov=70.000000,dt=0.025540},
	{mode='WORLD',cf=CFrame.new(0.000000,10000.000000,0.000000,1.000000,0.000000,0.000000,0.000000,1.000000,0.000000,0.000000,0.000000,1.000000),fov=70.000000,dt=0.022754},
	{mode='WORLD',cf=CFrame.new(0.000000,10000.000000,0.000000,1.000000,0.000000,0.000000,0.000000,1.000000,0.000000,0.000000,0.000000,1.000000),fov=70.000000,dt=0.025165},
	{mode='WORLD',cf=CFrame.new(0.000000,10000.000000,0.000000,1.000000,0.000000,0.000000,0.000000,1.000000,0.000000,0.000000,0.000000,1.000000),fov=70.000000,dt=0.017789},
	{mode='WORLD',cf=CFrame.new(0.000000,10000.000000,0.000000,1.000000,0.000000,0.000000,0.000000,1.000000,0.000000,0.000000,0.000000,1.000000),fov=70.000000,dt=0.024141},
	{mode='WORLD',cf=CFrame.new(0.000000,10000.000000,0.000000,1.000000,0.000000,0.000000,0.000000,1.000000,0.000000,0.000000,0.000000,1.000000),fov=70.000000,dt=0.024380},
	{mode='WORLD',cf=CFrame.new(0.000000,10000.000000,0.000000,1.000000,0.000000,0.000000,0.000000,1.000000,0.000000,0.000000,0.000000,1.000000),fov=70.000000,dt=0.022823},
	{mode='WORLD',cf=CFrame.new(0.000000,10000.000000,0.000000,1.000000,0.000000,0.000000,0.000000,1.000000,0.000000,0.000000,0.000000,1.000000),fov=70.000000,dt=0.021839},
	{mode='WORLD',cf=CFrame.new(0.000000,10000.000000,0.000000,1.000000,0.000000,0.000000,0.000000,1.000000,0.000000,0.000000,0.000000,1.000000),fov=70.000000,dt=0.021092},
	{mode='WORLD',cf=CFrame.new(0.000000,10000.000000,0.000000,1.000000,0.000000,0.000000,0.000000,1.000000,0.000000,0.000000,0.000000,1.000000),fov=70.000000,dt=0.021076},
	{mode='WORLD',cf=CFrame.new(0.000000,10000.000000,0.000000,1.000000,0.000000,0.000000,0.000000,1.000000,0.000000,0.000000,0.000000,1.000000),fov=70.000000,dt=0.039273},
	{mode='WORLD',cf=CFrame.new(0.000000,10000.000000,0.000000,1.000000,0.000000,0.000000,0.000000,1.000000,0.000000,0.000000,0.000000,1.000000),fov=70.000000,dt=0.023563},
	{mode='WORLD',cf=CFrame.new(0.000000,10000.000000,0.000000,1.000000,0.000000,0.000000,0.000000,1.000000,0.000000,0.000000,0.000000,1.000000),fov=70.000000,dt=0.021143},
	{mode='WORLD',cf=CFrame.new(0.000000,10000.000000,0.000000,1.000000,0.000000,0.000000,0.000000,1.000000,0.000000,0.000000,0.000000,1.000000),fov=70.000000,dt=0.021086},
	{mode='WORLD',cf=CFrame.new(0.000000,10000.000000,0.000000,1.000000,0.000000,0.000000,0.000000,1.000000,0.000000,0.000000,0.000000,1.000000),fov=70.000000,dt=0.015898},
	{mode='WORLD',cf=CFrame.new(0.000000,10000.000000,0.000000,1.000000,0.000000,0.000000,0.000000,1.000000,0.000000,0.000000,0.000000,1.000000),fov=70.000000,dt=0.016744},
	{mode='WORLD',cf=CFrame.new(0.000000,10000.000000,0.000000,1.000000,0.000000,0.000000,0.000000,1.000000,0.000000,0.000000,0.000000,1.000000),fov=70.000000,dt=0.019214},
	{mode='WORLD',cf=CFrame.new(0.000000,10000.000000,0.000000,1.000000,0.000000,0.000000,0.000000,1.000000,0.000000,0.000000,0.000000,1.000000),fov=70.000000,dt=0.025322},
	{mode='WORLD',cf=CFrame.new(0.000000,10000.000000,0.000000,1.000000,0.000000,0.000000,0.000000,1.000000,0.000000,0.000000,0.000000,1.000000),fov=70.000000,dt=0.022042},
	{mode='WORLD',cf=CFrame.new(0.000000,10000.000000,0.000000,1.000000,0.000000,0.000000,0.000000,1.000000,0.000000,0.000000,0.000000,1.000000),fov=70.000000,dt=0.022661},
	{mode='WORLD',cf=CFrame.new(0.000000,10000.000000,0.000000,1.000000,0.000000,0.000000,0.000000,1.000000,0.000000,0.000000,0.000000,1.000000),fov=70.000000,dt=0.022782},
	{mode='WORLD',cf=CFrame.new(0.000000,10000.000000,0.000000,1.000000,0.000000,0.000000,0.000000,1.000000,0.000000,0.000000,0.000000,1.000000),fov=70.000000,dt=0.019401},
	{mode='WORLD',cf=CFrame.new(0.000000,10000.000000,0.000000,1.000000,0.000000,0.000000,0.000000,1.000000,0.000000,0.000000,0.000000,1.000000),fov=70.000000,dt=0.024077},
	{mode='WORLD',cf=CFrame.new(0.000000,10000.000000,0.000000,1.000000,0.000000,0.000000,0.000000,1.000000,0.000000,0.000000,0.000000,1.000000),fov=70.000000,dt=0.024804},
	{mode='WORLD',cf=CFrame.new(0.000000,10000.000000,0.000000,1.000000,0.000000,0.000000,0.000000,1.000000,0.000000,0.000000,0.000000,1.000000),fov=70.000000,dt=0.020041},
	{mode='WORLD',cf=CFrame.new(0.000000,10000.000000,0.000000,1.000000,0.000000,0.000000,0.000000,1.000000,0.000000,0.000000,0.000000,1.000000),fov=70.000000,dt=0.018701},
	{mode='WORLD',cf=CFrame.new(0.000000,10000.000000,0.000000,1.000000,0.000000,0.000000,0.000000,1.000000,0.000000,0.000000,0.000000,1.000000),fov=70.000000,dt=0.025546},
	{mode='WORLD',cf=CFrame.new(0.000000,10000.000000,0.000000,1.000000,0.000000,0.000000,0.000000,1.000000,0.000000,0.000000,0.000000,1.000000),fov=70.000000,dt=0.024926},
	{mode='WORLD',cf=CFrame.new(0.000000,10000.000000,0.000000,1.000000,0.000000,0.000000,0.000000,1.000000,0.000000,0.000000,0.000000,1.000000),fov=70.000000,dt=0.035270},
	{mode='WORLD',cf=CFrame.new(0.000000,10000.000000,0.000000,1.000000,0.000000,0.000000,0.000000,1.000000,0.000000,0.000000,0.000000,1.000000),fov=70.000000,dt=0.020792},
	{mode='WORLD',cf=CFrame.new(0.000000,10000.000000,0.000000,1.000000,0.000000,0.000000,0.000000,1.000000,0.000000,0.000000,0.000000,1.000000),fov=70.000000,dt=0.020648},
	{mode='WORLD',cf=CFrame.new(0.000000,10000.000000,0.000000,1.000000,0.000000,0.000000,0.000000,1.000000,0.000000,0.000000,0.000000,1.000000),fov=70.000000,dt=0.023465},
	{mode='WORLD',cf=CFrame.new(0.000000,10000.000000,0.000000,1.000000,0.000000,0.000000,0.000000,1.000000,0.000000,0.000000,0.000000,1.000000),fov=70.000000,dt=0.026861},
	{mode='WORLD',cf=CFrame.new(0.000000,10000.000000,0.000000,1.000000,0.000000,0.000000,0.000000,1.000000,0.000000,0.000000,0.000000,1.000000),fov=70.000000,dt=0.030979},
	{mode='WORLD',cf=CFrame.new(0.000000,10000.000000,0.000000,1.000000,0.000000,0.000000,0.000000,1.000000,0.000000,0.000000,0.000000,1.000000),fov=70.000000,dt=0.019985},
	{mode='WORLD',cf=CFrame.new(0.000000,10000.000000,0.000000,1.000000,0.000000,0.000000,0.000000,1.000000,0.000000,0.000000,0.000000,1.000000),fov=70.000000,dt=0.025389},
	{mode='WORLD',cf=CFrame.new(0.000000,10000.000000,0.000000,1.000000,0.000000,0.000000,0.000000,1.000000,0.000000,0.000000,0.000000,1.000000),fov=70.000000,dt=0.024134},
	{mode='WORLD',cf=CFrame.new(0.000000,10000.000000,0.000000,1.000000,0.000000,0.000000,0.000000,1.000000,0.000000,0.000000,0.000000,1.000000),fov=70.000000,dt=0.024506},
	{mode='WORLD',cf=CFrame.new(0.000000,10000.000000,0.000000,1.000000,0.000000,0.000000,0.000000,1.000000,0.000000,0.000000,0.000000,1.000000),fov=70.000000,dt=0.027815},
	{mode='WORLD',cf=CFrame.new(0.000000,10000.000000,0.000000,1.000000,0.000000,0.000000,0.000000,1.000000,0.000000,0.000000,0.000000,1.000000),fov=70.000000,dt=0.018754},
	{mode='WORLD',cf=CFrame.new(0.000000,10000.000000,0.000000,1.000000,0.000000,0.000000,0.000000,1.000000,0.000000,0.000000,0.000000,1.000000),fov=70.000000,dt=0.025169},
	{mode='WORLD',cf=CFrame.new(0.000000,10000.000000,0.000000,1.000000,0.000000,0.000000,0.000000,1.000000,0.000000,0.000000,0.000000,1.000000),fov=70.000000,dt=0.024596},
	{mode='WORLD',cf=CFrame.new(0.000000,10000.000000,0.000000,1.000000,0.000000,0.000000,0.000000,1.000000,0.000000,0.000000,0.000000,1.000000),fov=70.000000,dt=0.028249},
	{mode='WORLD',cf=CFrame.new(0.000000,10000.000000,0.000000,1.000000,0.000000,0.000000,0.000000,1.000000,0.000000,0.000000,0.000000,1.000000),fov=70.000000,dt=0.023302},
	{mode='WORLD',cf=CFrame.new(0.000000,10000.000000,0.000000,1.000000,0.000000,0.000000,0.000000,1.000000,0.000000,0.000000,0.000000,1.000000),fov=70.000000,dt=0.024965},
	{mode='WORLD',cf=CFrame.new(0.000000,10000.000000,0.000000,1.000000,0.000000,0.000000,0.000000,1.000000,0.000000,0.000000,0.000000,1.000000),fov=70.000000,dt=0.024296},
	{mode='WORLD',cf=CFrame.new(0.000000,10000.000000,0.000000,1.000000,0.000000,0.000000,0.000000,1.000000,0.000000,0.000000,0.000000,1.000000),fov=70.000000,dt=0.026259},
	{mode='WORLD',cf=CFrame.new(0.000000,10000.000000,0.000000,1.000000,0.000000,0.000000,0.000000,1.000000,0.000000,0.000000,0.000000,1.000000),fov=70.000000,dt=0.026868},
	{mode='WORLD',cf=CFrame.new(0.000000,10000.000000,0.000000,1.000000,0.000000,0.000000,0.000000,1.000000,0.000000,0.000000,0.000000,1.000000),fov=70.000000,dt=0.026161},
	{mode='WORLD',cf=CFrame.new(0.000000,10000.000000,0.000000,1.000000,0.000000,0.000000,0.000000,1.000000,0.000000,0.000000,0.000000,1.000000),fov=70.000000,dt=0.026915},
	{mode='WORLD',cf=CFrame.new(0.000000,10000.000000,0.000000,1.000000,0.000000,0.000000,0.000000,1.000000,0.000000,0.000000,0.000000,1.000000),fov=70.000000,dt=0.018345},
	{mode='WORLD',cf=CFrame.new(0.000000,10000.000000,0.000000,1.000000,0.000000,0.000000,0.000000,1.000000,0.000000,0.000000,0.000000,1.000000),fov=70.000000,dt=0.013112},
	{mode='WORLD',cf=CFrame.new(0.000000,10000.000000,0.000000,1.000000,0.000000,0.000000,0.000000,1.000000,0.000000,0.000000,0.000000,1.000000),fov=70.000000,dt=0.018224},
	{mode='WORLD',cf=CFrame.new(0.000000,10000.000000,0.000000,1.000000,0.000000,0.000000,0.000000,1.000000,0.000000,0.000000,0.000000,1.000000),fov=70.000000,dt=0.021732},
	{mode='WORLD',cf=CFrame.new(0.000000,10000.000000,0.000000,1.000000,0.000000,0.000000,0.000000,1.000000,0.000000,0.000000,0.000000,1.000000),fov=70.000000,dt=0.025134},
	{mode='WORLD',cf=CFrame.new(0.000000,10000.000000,0.000000,1.000000,0.000000,0.000000,0.000000,1.000000,0.000000,0.000000,0.000000,1.000000),fov=70.000000,dt=0.021542},
	{mode='WORLD',cf=CFrame.new(0.000000,10000.000000,0.000000,1.000000,0.000000,0.000000,0.000000,1.000000,0.000000,0.000000,0.000000,1.000000),fov=70.000000,dt=0.022210},
	{mode='WORLD',cf=CFrame.new(0.000000,10000.000000,0.000000,1.000000,0.000000,0.000000,0.000000,1.000000,0.000000,0.000000,0.000000,1.000000),fov=70.000000,dt=0.022059},
	{mode='WORLD',cf=CFrame.new(0.000000,10000.000000,0.000000,1.000000,0.000000,0.000000,0.000000,1.000000,0.000000,0.000000,0.000000,1.000000),fov=70.000000,dt=0.024088},
	{mode='WORLD',cf=CFrame.new(0.000000,10000.000000,0.000000,1.000000,0.000000,0.000000,0.000000,1.000000,0.000000,0.000000,0.000000,1.000000),fov=70.000000,dt=0.021012},
	{mode='WORLD',cf=CFrame.new(0.000000,10000.000000,0.000000,1.000000,0.000000,0.000000,0.000000,1.000000,0.000000,0.000000,0.000000,1.000000),fov=70.000000,dt=0.022452},
	{mode='WORLD',cf=CFrame.new(0.000000,10000.000000,0.000000,1.000000,0.000000,0.000000,0.000000,1.000000,0.000000,0.000000,0.000000,1.000000),fov=70.000000,dt=0.023883},
	{mode='WORLD',cf=CFrame.new(0.000000,10000.000000,0.000000,1.000000,0.000000,0.000000,0.000000,1.000000,0.000000,0.000000,0.000000,1.000000),fov=70.000000,dt=0.022254},
	{mode='WORLD',cf=CFrame.new(0.000000,10000.000000,0.000000,1.000000,0.000000,0.000000,0.000000,1.000000,0.000000,0.000000,0.000000,1.000000),fov=70.000000,dt=0.018414},
	{mode='WORLD',cf=CFrame.new(0.000000,10000.000000,0.000000,1.000000,0.000000,0.000000,0.000000,1.000000,0.000000,0.000000,0.000000,1.000000),fov=70.000000,dt=0.031045},
	{mode='WORLD',cf=CFrame.new(0.000000,10000.000000,0.000000,1.000000,0.000000,0.000000,0.000000,1.000000,0.000000,0.000000,0.000000,1.000000),fov=70.000000,dt=0.022539},
	{mode='WORLD',cf=CFrame.new(0.000000,10000.000000,0.000000,1.000000,0.000000,0.000000,0.000000,1.000000,0.000000,0.000000,0.000000,1.000000),fov=70.000000,dt=0.016089},
	{mode='WORLD',cf=CFrame.new(0.000000,10000.000000,0.000000,1.000000,0.000000,0.000000,0.000000,1.000000,0.000000,0.000000,0.000000,1.000000),fov=70.000000,dt=0.018208},
	{mode='WORLD',cf=CFrame.new(0.000000,10000.000000,0.000000,1.000000,0.000000,0.000000,0.000000,1.000000,0.000000,0.000000,0.000000,1.000000),fov=70.000000,dt=0.022818},
	{mode='WORLD',cf=CFrame.new(0.000000,10000.000000,0.000000,1.000000,0.000000,0.000000,0.000000,1.000000,0.000000,0.000000,0.000000,1.000000),fov=70.000000,dt=0.021135},
	{mode='WORLD',cf=CFrame.new(0.000000,10000.000000,0.000000,1.000000,0.000000,0.000000,0.000000,1.000000,0.000000,0.000000,0.000000,1.000000),fov=70.000000,dt=0.026496},
	{mode='WORLD',cf=CFrame.new(0.000000,10000.000000,0.000000,1.000000,0.000000,0.000000,0.000000,1.000000,0.000000,0.000000,0.000000,1.000000),fov=70.000000,dt=0.025567},
	{mode='WORLD',cf=CFrame.new(0.000000,10000.000000,0.000000,1.000000,0.000000,0.000000,0.000000,1.000000,0.000000,0.000000,0.000000,1.000000),fov=70.000000,dt=0.017953},
	{mode='WORLD',cf=CFrame.new(0.000000,10000.000000,0.000000,1.000000,0.000000,0.000000,0.000000,1.000000,0.000000,0.000000,0.000000,1.000000),fov=70.000000,dt=0.020308},
	{mode='WORLD',cf=CFrame.new(0.000000,10000.000000,0.000000,1.000000,0.000000,0.000000,0.000000,1.000000,0.000000,0.000000,0.000000,1.000000),fov=70.000000,dt=0.022146},
	{mode='WORLD',cf=CFrame.new(0.000000,10000.000000,0.000000,1.000000,0.000000,0.000000,0.000000,1.000000,0.000000,0.000000,0.000000,1.000000),fov=70.000000,dt=0.022979},
	{mode='WORLD',cf=CFrame.new(0.000000,10000.000000,0.000000,1.000000,0.000000,0.000000,0.000000,1.000000,0.000000,0.000000,0.000000,1.000000),fov=70.000000,dt=0.020760},
	{mode='WORLD',cf=CFrame.new(0.000000,10000.000000,0.000000,1.000000,0.000000,0.000000,0.000000,1.000000,0.000000,0.000000,0.000000,1.000000),fov=70.000000,dt=0.027400},
	{mode='WORLD',cf=CFrame.new(0.000000,10000.000000,0.000000,1.000000,0.000000,0.000000,0.000000,1.000000,0.000000,0.000000,0.000000,1.000000),fov=70.000000,dt=0.022117},
	{mode='WORLD',cf=CFrame.new(0.000000,10000.000000,0.000000,1.000000,0.000000,0.000000,0.000000,1.000000,0.000000,0.000000,0.000000,1.000000),fov=70.000000,dt=0.026062},
	{mode='WORLD',cf=CFrame.new(0.000000,10000.000000,0.000000,1.000000,0.000000,0.000000,0.000000,1.000000,0.000000,0.000000,0.000000,1.000000),fov=70.000000,dt=0.025203},
	{mode='WORLD',cf=CFrame.new(0.000000,10000.000000,0.000000,1.000000,0.000000,0.000000,0.000000,1.000000,0.000000,0.000000,0.000000,1.000000),fov=70.000000,dt=0.025796},
	{mode='WORLD',cf=CFrame.new(0.000000,10000.000000,0.000000,1.000000,0.000000,0.000000,0.000000,1.000000,0.000000,0.000000,0.000000,1.000000),fov=70.000000,dt=0.027901},
	{mode='WORLD',cf=CFrame.new(0.000000,10000.000000,0.000000,1.000000,0.000000,0.000000,0.000000,1.000000,0.000000,0.000000,0.000000,1.000000),fov=70.000000,dt=0.031524},
	{mode='WORLD',cf=CFrame.new(0.000000,10000.000000,0.000000,1.000000,0.000000,0.000000,0.000000,1.000000,0.000000,0.000000,0.000000,1.000000),fov=70.000000,dt=0.026844},
	{mode='WORLD',cf=CFrame.new(0.000000,10000.000000,0.000000,1.000000,0.000000,0.000000,0.000000,1.000000,0.000000,0.000000,0.000000,1.000000),fov=70.000000,dt=0.027897},
	{mode='WORLD',cf=CFrame.new(0.000000,10000.000000,0.000000,1.000000,0.000000,0.000000,0.000000,1.000000,0.000000,0.000000,0.000000,1.000000),fov=70.000000,dt=0.026182},
	{mode='WORLD',cf=CFrame.new(0.000000,10000.000000,0.000000,1.000000,0.000000,0.000000,0.000000,1.000000,0.000000,0.000000,0.000000,1.000000),fov=70.000000,dt=0.032970},
	{mode='WORLD',cf=CFrame.new(0.000000,10000.000000,0.000000,1.000000,0.000000,0.000000,0.000000,1.000000,0.000000,0.000000,0.000000,1.000000),fov=70.000000,dt=0.024310},
	{mode='WORLD',cf=CFrame.new(0.000000,10000.000000,0.000000,1.000000,0.000000,0.000000,0.000000,1.000000,0.000000,0.000000,0.000000,1.000000),fov=70.000000,dt=0.021052},
	{mode='WORLD',cf=CFrame.new(0.000000,10000.000000,0.000000,1.000000,0.000000,0.000000,0.000000,1.000000,0.000000,0.000000,0.000000,1.000000),fov=70.000000,dt=0.018678},
	{mode='WORLD',cf=CFrame.new(0.000000,10000.000000,0.000000,1.000000,0.000000,0.000000,0.000000,1.000000,0.000000,0.000000,0.000000,1.000000),fov=70.000000,dt=0.030035},
	{mode='WORLD',cf=CFrame.new(0.000000,10000.000000,0.000000,1.000000,0.000000,0.000000,0.000000,1.000000,0.000000,0.000000,0.000000,1.000000),fov=70.000000,dt=0.033683},
	{mode='WORLD',cf=CFrame.new(0.000000,10000.000000,0.000000,1.000000,0.000000,0.000000,0.000000,1.000000,0.000000,0.000000,0.000000,1.000000),fov=70.000000,dt=0.034555},
	{mode='WORLD',cf=CFrame.new(0.000000,10000.000000,0.000000,1.000000,0.000000,0.000000,0.000000,1.000000,0.000000,0.000000,0.000000,1.000000),fov=70.000000,dt=0.058071},
	{mode='WORLD',cf=CFrame.new(0.000000,10000.000000,0.000000,1.000000,0.000000,0.000000,0.000000,1.000000,0.000000,0.000000,0.000000,1.000000),fov=70.000000,dt=0.067020},
	{mode='WORLD',cf=CFrame.new(0.000000,10000.000000,0.000000,1.000000,0.000000,0.000000,0.000000,1.000000,0.000000,0.000000,0.000000,1.000000),fov=70.000000,dt=0.029901},
	{mode='WORLD',cf=CFrame.new(0.000000,10000.000000,0.000000,1.000000,0.000000,0.000000,0.000000,1.000000,0.000000,0.000000,0.000000,1.000000),fov=70.000000,dt=0.029015},
	{mode='WORLD',cf=CFrame.new(0.000000,10000.000000,0.000000,1.000000,0.000000,0.000000,0.000000,1.000000,0.000000,0.000000,0.000000,1.000000),fov=70.000000,dt=0.027862},
	{mode='WORLD',cf=CFrame.new(0.000000,10000.000000,0.000000,1.000000,0.000000,0.000000,0.000000,1.000000,0.000000,0.000000,0.000000,1.000000),fov=70.000000,dt=0.037112},
	{mode='WORLD',cf=CFrame.new(0.000000,10000.000000,0.000000,1.000000,0.000000,0.000000,0.000000,1.000000,0.000000,0.000000,0.000000,1.000000),fov=70.000000,dt=0.040442},
	{mode='WORLD',cf=CFrame.new(0.000000,10000.000000,0.000000,1.000000,0.000000,0.000000,0.000000,1.000000,0.000000,0.000000,0.000000,1.000000),fov=70.000000,dt=0.020958},
	{mode='WORLD',cf=CFrame.new(0.000000,10000.000000,0.000000,1.000000,0.000000,0.000000,0.000000,1.000000,0.000000,0.000000,0.000000,1.000000),fov=70.000000,dt=0.027778},
	{mode='WORLD',cf=CFrame.new(0.000000,10000.000000,0.000000,1.000000,0.000000,0.000000,0.000000,1.000000,0.000000,0.000000,0.000000,1.000000),fov=70.000000,dt=0.029009},
	{mode='WORLD',cf=CFrame.new(0.000000,10000.000000,0.000000,1.000000,0.000000,0.000000,0.000000,1.000000,0.000000,0.000000,0.000000,1.000000),fov=70.000000,dt=0.032825},
	{mode='WORLD',cf=CFrame.new(0.000000,10000.000000,0.000000,1.000000,0.000000,0.000000,0.000000,1.000000,0.000000,0.000000,0.000000,1.000000),fov=70.000000,dt=0.028057},
	{mode='WORLD',cf=CFrame.new(0.000000,10000.000000,0.000000,1.000000,0.000000,0.000000,0.000000,1.000000,0.000000,0.000000,0.000000,1.000000),fov=70.000000,dt=0.028179},
	{mode='PLAYER',cf=CFrame.new(234.266068,9410.961914,-165.173340,-0.890066,0.000000,0.455832,0.000000,1.000000,0.000000,-0.455832,0.000000,-0.890066),fov=70.000000,dt=0.025496},
	{mode='PLAYER',cf=CFrame.new(234.266068,9410.961914,-165.173340,-0.890066,0.000000,0.455832,0.000000,1.000000,0.000000,-0.455832,0.000000,-0.890066),fov=70.000000,dt=0.032209},
	{mode='PLAYER',cf=CFrame.new(234.266068,9410.961914,-165.173340,-0.890066,0.000000,0.455832,0.000000,1.000000,0.000000,-0.455832,0.000000,-0.890066),fov=70.000000,dt=0.026426},
	{mode='PLAYER',cf=CFrame.new(234.266068,9410.961914,-165.173340,-0.890066,0.000000,0.455832,0.000000,1.000000,0.000000,-0.455832,0.000000,-0.890066),fov=70.000000,dt=0.028346},
	{mode='PLAYER',cf=CFrame.new(234.266068,9410.961914,-165.173340,-0.890066,0.000000,0.455832,0.000000,1.000000,0.000000,-0.455832,0.000000,-0.890066),fov=70.000000,dt=0.026311},
	{mode='PLAYER',cf=CFrame.new(234.266068,9410.961914,-165.173340,-0.890066,0.000000,0.455832,0.000000,1.000000,0.000000,-0.455832,0.000000,-0.890066),fov=70.000000,dt=0.021502},
	{mode='PLAYER',cf=CFrame.new(234.266068,9410.961914,-165.173340,-0.890066,0.000000,0.455832,0.000000,1.000000,0.000000,-0.455832,0.000000,-0.890066),fov=70.000000,dt=0.021557},
	{mode='PLAYER',cf=CFrame.new(234.266068,9410.961914,-165.173340,-0.890066,0.000000,0.455832,0.000000,1.000000,0.000000,-0.455832,0.000000,-0.890066),fov=70.000000,dt=0.020256},
	{mode='PLAYER',cf=CFrame.new(234.266068,9410.961914,-165.173340,-0.890066,0.000000,0.455832,0.000000,1.000000,0.000000,-0.455832,0.000000,-0.890066),fov=70.000000,dt=0.025579},
	{mode='PLAYER',cf=CFrame.new(234.266068,9410.961914,-165.173340,-0.890066,0.000000,0.455832,0.000000,1.000000,0.000000,-0.455832,0.000000,-0.890066),fov=70.000000,dt=0.039745},
	{mode='PLAYER',cf=CFrame.new(234.266068,9410.961914,-165.173340,-0.890066,0.000000,0.455832,0.000000,1.000000,0.000000,-0.455832,0.000000,-0.890066),fov=70.000000,dt=0.054132},
	{mode='PLAYER',cf=CFrame.new(234.266068,9410.961914,-165.173340,-0.890066,0.000000,0.455832,0.000000,1.000000,0.000000,-0.455832,0.000000,-0.890066),fov=70.000000,dt=0.038400},
	{mode='PLAYER',cf=CFrame.new(234.266068,9410.961914,-165.173340,-0.890066,0.000000,0.455832,0.000000,1.000000,0.000000,-0.455832,0.000000,-0.890066),fov=70.000000,dt=0.024010},
	{mode='PLAYER',cf=CFrame.new(-3.343735,0.402100,-4.180496,-0.861023,0.011264,-0.508441,0.034445,0.998750,-0.036206,0.507398,-0.048688,-0.860335),fov=70.000000,dt=0.031977},
	{mode='PLAYER',cf=CFrame.new(-3.362839,0.394836,-4.187424,-0.860302,0.011090,-0.509662,0.034626,0.998726,-0.036717,0.508606,-0.049235,-0.859590),fov=20.000000,dt=0.031379},
	{mode='PLAYER',cf=CFrame.new(-3.401047,0.380249,-4.201294,-0.858857,0.010739,-0.512103,0.034990,0.998675,-0.037739,0.511019,-0.050331,-0.858094),fov=20.799997,dt=0.065087},
	{mode='PLAYER',cf=CFrame.new(-3.445557,0.363342,-4.221039,-0.856943,0.010382,-0.515305,0.035511,0.998610,-0.038935,0.514185,-0.051664,-0.856121),fov=21.600000,dt=0.078443},
	{mode='PLAYER',cf=CFrame.new(-3.478989,0.351135,-4.252411,-0.854473,0.010359,-0.519391,0.036335,0.998544,-0.039860,0.518223,-0.052931,-0.853606),fov=23.200001,dt=0.057861},
	{mode='PLAYER',cf=CFrame.new(-3.497650,0.344788,-4.285004,-0.852143,0.010570,-0.523201,0.037190,0.998491,-0.040398,0.521985,-0.053883,-0.851251),fov=24.799999,dt=0.039812},
	{mode='PLAYER',cf=CFrame.new(-3.506607,0.341980,-4.309906,-0.850438,0.010808,-0.525963,0.037842,0.998456,-0.040669,0.524711,-0.054490,-0.849534),fov=25.993938,dt=0.040048},
	{mode='PLAYER',cf=CFrame.new(-3.511642,0.340637,-4.330826,-0.849037,0.011042,-0.528218,0.038387,0.998429,-0.040830,0.526937,-0.054942,-0.848126),fov=27.184849,dt=0.056093},
	{mode='PLAYER',cf=CFrame.new(-3.515945,0.339478,-4.349686,-0.847772,0.011255,-0.530240,0.038878,0.998404,-0.040966,0.528933,-0.055345,-0.846857),fov=27.959089,dt=0.057560},
	{mode='PLAYER',cf=CFrame.new(-3.523102,0.337585,-4.381119,-0.845655,0.011610,-0.533603,0.039698,0.998362,-0.041192,0.532251,-0.056017,-0.844731),fov=29.468182,dt=0.038250},
	{mode='PLAYER',cf=CFrame.new(-3.528839,0.336060,-4.406281,-0.843951,0.011892,-0.536287,0.040356,0.998329,-0.041371,0.534899,-0.056557,-0.843021),fov=30.512121,dt=0.032500},
	{mode='PLAYER',cf=CFrame.new(-3.532669,0.335083,-4.423050,-0.842811,0.012079,-0.538073,0.040796,0.998306,-0.041489,0.536661,-0.056918,-0.841876),fov=31.178789,dt=0.039416},
	{mode='PLAYER',cf=CFrame.new(-3.536957,0.333923,-4.441910,-0.841523,0.012290,-0.540080,0.041291,0.998280,-0.041621,0.538640,-0.057325,-0.840584),fov=31.799999,dt=0.043045},
	{mode='PLAYER',cf=CFrame.new(-3.541718,0.332642,-4.462875,-0.840087,0.012523,-0.542306,0.041842,0.998251,-0.041767,0.540835,-0.057779,-0.839142),fov=32.421211,dt=0.042686},
	{mode='PLAYER',cf=CFrame.new(-3.546982,0.331299,-4.485916,-0.838500,0.012778,-0.544751,0.042450,0.998218,-0.041925,0.543245,-0.058279,-0.837549),fov=33.332581,dt=0.047001},
	{mode='PLAYER',cf=CFrame.new(-3.552231,0.329895,-4.508972,-0.836906,0.013032,-0.547190,0.043058,0.998186,-0.042083,0.545649,-0.058780,-0.835949),fov=34.242424,dt=0.076352},
	{mode='PLAYER',cf=CFrame.new(-3.559402,0.328003,-4.540405,-0.834721,0.013377,-0.550509,0.043890,0.998141,-0.042295,0.548920,-0.059467,-0.833757),fov=35.454544,dt=0.063600},
	{mode='PLAYER',cf=CFrame.new(-3.567047,0.325989,-4.573944,-0.832376,0.013743,-0.554040,0.044780,0.998092,-0.042519,0.552398,-0.060202,-0.831403),fov=36.662983,dt=0.057441},
	{mode='PLAYER',cf=CFrame.new(-3.574524,0.323975,-4.607452,-0.830028,0.014093,-0.557542,0.045658,0.998042,-0.042745,0.555848,-0.060935,-0.829047),fov=37.860374,dt=0.079123},
	{mode='PLAYER',cf=CFrame.new(-3.581528,0.321899,-4.640884,-0.827711,0.014404,-0.560968,0.046507,0.997992,-0.042995,0.559223,-0.061676,-0.826720),fov=38.985954,dt=0.041943},
	{mode='PLAYER',cf=CFrame.new(-3.586777,0.320129,-4.670029,-0.825753,0.014612,-0.563842,0.047199,0.997948,-0.043261,0.562053,-0.062335,-0.824748),fov=39.812183,dt=0.054903},
	{mode='PLAYER',cf=CFrame.new(-3.589066,0.318359,-4.696701,-0.824161,0.014622,-0.566166,0.047692,0.997908,-0.043653,0.564343,-0.062978,-0.823134),fov=40.478214,dt=0.064053},
	{mode='PLAYER',cf=CFrame.new(-3.589706,0.316711,-4.721085,-0.822823,0.014525,-0.568112,0.048062,0.997871,-0.044098,0.566262,-0.063589,-0.821769),fov=41.089020,dt=0.055741},
	{mode='PLAYER',cf=CFrame.new(-3.584030,0.314514,-4.748627,-0.821849,0.013959,-0.569534,0.048121,0.997828,-0.044984,0.567669,-0.064376,-0.820736),fov=41.850010,dt=0.040621},
	{mode='PLAYER',cf=CFrame.new(-3.576950,0.312622,-4.771896,-0.821216,0.013317,-0.570461,0.048044,0.997791,-0.045869,0.568590,-0.065076,-0.820043),fov=42.407402,dt=0.054955},
	{mode='PLAYER',cf=CFrame.new(-3.564651,0.310852,-4.790359,-0.821282,0.012331,-0.570389,0.047605,0.997761,-0.046975,0.568533,-0.065733,-0.820030),fov=42.777782,dt=0.035668},
	{mode='PLAYER',cf=CFrame.new(-3.547958,0.308655,-4.812225,-0.821538,0.011012,-0.570046,0.046966,0.997723,-0.048412,0.568215,-0.066545,-0.820185),fov=43.319576,dt=0.028921},
	{mode='PLAYER',cf=CFrame.new(-3.536301,0.307312,-4.824692,-0.821865,0.010108,-0.569592,0.046479,0.997699,-0.049360,0.567783,-0.067042,-0.820444),fov=43.680779,dt=0.030232},
	{mode='PLAYER',cf=CFrame.new(-3.522049,0.305908,-4.836792,-0.822427,0.009024,-0.568799,0.045842,0.997674,-0.050455,0.567020,-0.067570,-0.820928),fov=44.012180,dt=0.030415},
	{mode='PLAYER',cf=CFrame.new(-3.507812,0.304443,-4.848877,-0.822988,0.007941,-0.568002,0.045203,0.997647,-0.051548,0.566257,-0.068099,-0.821411),fov=44.313770,dt=0.033111},
	{mode='PLAYER',cf=CFrame.new(-3.491211,0.302856,-4.862640,-0.823657,0.006681,-0.567048,0.044453,0.997615,-0.052815,0.565343,-0.068708,-0.821989),fov=44.615364,dt=0.103704},
	{mode='PLAYER',cf=CFrame.new(-3.470016,0.300903,-4.877777,-0.824638,0.005087,-0.565637,0.043457,0.997574,-0.054384,0.563989,-0.069428,-0.822859),fov=44.850471,dt=0.034129},
	{mode='PLAYER',cf=CFrame.new(-3.432175,0.297546,-4.904648,-0.826390,0.002245,-0.563093,0.041670,0.997494,-0.057177,0.561554,-0.070715,-0.824413),fov=45.153336,dt=0.048400},
	{mode='PLAYER',cf=CFrame.new(-3.410156,0.295593,-4.919662,-0.827434,0.000597,-0.561562,0.040617,0.997444,-0.058788,0.560091,-0.071452,-0.825344),fov=45.253181,dt=0.038439},
	{mode='PLAYER',cf=CFrame.new(-3.378342,0.292786,-4.941330,-0.828937,-0.001779,-0.559338,0.039093,0.997365,-0.061108,0.557973,-0.072521,-0.826684),fov=45.382324,dt=0.028765},
	{mode='PLAYER',cf=CFrame.new(-3.358688,0.291077,-4.954666,-0.829866,-0.003247,-0.557953,0.038146,0.997313,-0.062540,0.556657,-0.073183,-0.827512),fov=45.461540,dt=0.032033},
	{mode='PLAYER',cf=CFrame.new(-3.341293,0.289612,-4.965897,-0.830681,-0.004506,-0.556730,0.037338,0.997265,-0.063783,0.555495,-0.073771,-0.828241),fov=45.538460,dt=0.027980},
	{mode='PLAYER',cf=CFrame.new(-3.323914,0.288147,-4.977142,-0.831494,-0.005763,-0.555503,0.036529,0.997215,-0.065024,0.554330,-0.074360,-0.828968),fov=45.605480,dt=0.029659},
	{mode='PLAYER',cf=CFrame.new(-3.306519,0.286682,-4.988373,-0.832305,-0.007018,-0.554272,0.035719,0.997162,-0.066264,0.553164,-0.074950,-0.829693),fov=45.672497,dt=0.028733},
	{mode='PLAYER',cf=CFrame.new(-3.288406,0.285339,-4.997955,-0.833142,-0.008170,-0.552998,0.035003,0.997107,-0.067467,0.551950,-0.075566,-0.830446),fov=45.706009,dt=0.048087},
	{mode='PLAYER',cf=CFrame.new(-3.269760,0.284180,-5.006271,-0.833998,-0.009245,-0.551690,0.034355,0.997050,-0.068642,0.550697,-0.076201,-0.831219),fov=45.740841,dt=0.034570},
	{mode='PLAYER',cf=CFrame.new(-3.235107,0.282043,-5.021713,-0.835580,-0.011234,-0.549253,0.033149,0.996938,-0.070820,0.548367,-0.077383,-0.832649),fov=45.744808,dt=0.030918},
	{mode='PLAYER',cf=CFrame.new(-3.212646,0.281799,-5.021255,-0.836578,-0.011763,-0.547720,0.032996,0.996873,-0.071807,0.546852,-0.078145,-0.833574),fov=45.747452,dt=0.040294},
	{mode='PLAYER',cf=CFrame.new(-3.183777,0.281494,-5.020660,-0.837859,-0.012440,-0.545744,0.032797,0.996787,-0.073074,0.544900,-0.079124,-0.834759),fov=45.606491,dt=0.038327},
	{mode='PLAYER',cf=CFrame.new(-3.149857,0.281555,-5.015808,-0.839347,-0.012931,-0.543441,0.032811,0.996689,-0.074392,0.542604,-0.080271,-0.836144),fov=45.357910,dt=0.033449},
	{mode='PLAYER',cf=CFrame.new(-3.116928,0.283020,-4.998535,-0.840761,-0.012493,-0.541263,0.033582,0.996605,-0.075167,0.540364,-0.081374,-0.837487),fov=45.142670,dt=0.035629},
	{mode='PLAYER',cf=CFrame.new(-3.079895,0.284668,-4.979095,-0.842343,-0.011998,-0.538807,0.034445,0.996509,-0.076040,0.537839,-0.082611,-0.838990),fov=44.916283,dt=0.039166},
	{mode='PLAYER',cf=CFrame.new(-3.039154,0.287231,-4.951263,-0.844068,-0.010965,-0.536123,0.035805,0.996407,-0.076750,0.535039,-0.083978,-0.840643),fov=44.678761,dt=0.066515},
	{mode='PLAYER',cf=CFrame.new(-2.993805,0.290894,-4.912903,-0.845969,-0.009261,-0.533151,0.037784,0.996295,-0.077259,0.531891,-0.085503,-0.842485),fov=44.305279,dt=0.038878},
	{mode='PLAYER',cf=CFrame.new(-2.911194,0.297974,-4.840164,-0.849400,-0.005923,-0.527715,0.041575,0.996078,-0.078099,0.526109,-0.088277,-0.845823),fov=43.766422,dt=0.039857},
	{mode='PLAYER',cf=CFrame.new(-2.855927,0.303345,-4.786560,-0.851678,-0.003283,-0.524054,0.044464,0.995922,-0.078501,0.522174,-0.090160,-0.848059),fov=43.401337,dt=0.036671},
	{mode='PLAYER',cf=CFrame.new(-2.815811,0.307434,-4.746002,-0.853330,-0.001211,-0.521369,0.046703,0.995800,-0.078752,0.519274,-0.091551,-0.849689),fov=42.940598,dt=0.045168},
	{mode='PLAYER',cf=CFrame.new(-2.739532,0.315796,-4.667465,-0.856514,0.002985,-0.516115,0.051239,0.995535,-0.079275,0.513574,-0.094346,-0.852842),fov=42.249489,dt=0.039730},
	{mode='PLAYER',cf=CFrame.new(-2.682709,0.323792,-4.609329,-0.859343,0.006949,-0.511351,0.055769,0.995218,-0.080198,0.508349,-0.097436,-0.855621),fov=41.361988,dt=0.031393},
	{mode='PLAYER',cf=CFrame.new(-2.631744,0.331116,-4.557281,-0.861895,0.010591,-0.506976,0.059929,0.994903,-0.081099,0.503533,-0.100281,-0.858137),fov=40.474487,dt=0.036511},
	{mode='PLAYER',cf=CFrame.new(-2.580811,0.338501,-4.505219,-0.864414,0.014240,-0.502579,0.064071,0.994569,-0.082019,0.498682,-0.103099,-0.860632),fov=39.366249,dt=0.035242},
	{mode='PLAYER',cf=CFrame.new(-2.517090,0.350403,-4.441010,-0.868204,0.020101,-0.495799,0.070997,0.993931,-0.084028,0.491101,-0.108154,-0.864362),fov=37.670780,dt=0.032327},
	{mode='PLAYER',cf=CFrame.new(-2.460464,0.360962,-4.383926,-0.871506,0.025327,-0.489730,0.077111,0.993319,-0.085854,0.484284,-0.112586,-0.867637),fov=36.496323,dt=0.041479},
	{mode='PLAYER',cf=CFrame.new(-2.395782,0.373413,-4.318863,-0.875273,0.031495,-0.482601,0.084291,0.992539,-0.088101,0.476226,-0.117792,-0.871398),fov=35.318180,dt=0.040100},
	{mode='PLAYER',cf=CFrame.new(-2.320236,0.389343,-4.243332,-0.879848,0.039433,-0.473616,0.093550,0.991424,-0.091247,0.465956,-0.124590,-0.875992),fov=34.136360,dt=0.039596},
	{mode='PLAYER',cf=CFrame.new(-2.244705,0.405273,-4.167786,-0.884278,0.047401,-0.464548,0.102711,0.990215,-0.094474,0.455525,-0.131255,-0.880494),fov=32.363636,dt=0.039953},
	{mode='PLAYER',cf=CFrame.new(-2.175873,0.420105,-4.099060,-0.888198,0.054891,-0.456168,0.111247,0.988989,-0.097601,0.445788,-0.137436,-0.884525),fov=30.977272,dt=0.040211},
	{mode='PLAYER',cf=CFrame.new(-2.099152,0.436707,-4.022461,-0.892425,0.063335,-0.446728,0.120745,0.987511,-0.101206,0.434740,-0.144259,-0.888927),fov=28.693184,dt=0.080576},
	{mode='PLAYER',cf=CFrame.new(-2.015411,0.464355,-3.888748,-0.895953,0.071993,-0.438274,0.129500,0.986244,-0.102728,0.424850,-0.148796,-0.892951),fov=26.897728,dt=0.047458},
	{mode='PLAYER',cf=CFrame.new(-1.775192,0.592712,-3.247986,-0.900985,0.093726,-0.423604,0.146863,0.984631,-0.094513,0.408235,-0.147366,-0.900903),fov=24.250000,dt=0.060135},
	{mode='PLAYER',cf=CFrame.new(-1.580017,0.696960,-2.727341,-0.904692,0.111218,-0.411292,0.160913,0.983027,-0.088127,0.394510,-0.145910,-0.907233),fov=25.000000,dt=0.043851},
	{mode='PLAYER',cf=CFrame.new(-1.608688,0.950867,-1.799713,-0.912996,-0.021821,-0.407383,0.030943,0.991988,-0.122480,0.406792,-0.124429,-0.905007),fov=34.285709,dt=0.045427},
	{mode='PLAYER',cf=CFrame.new(-1.727478,1.224182,-1.134735,-0.842904,-0.118990,-0.524742,-0.056628,0.989443,-0.133403,0.535076,-0.082731,-0.840743),fov=39.500000,dt=0.031868},
	{mode='PLAYER',cf=CFrame.new(-1.827545,1.386353,-0.876007,-0.787884,-0.101922,-0.607330,-0.045328,0.993132,-0.107864,0.614153,-0.057455,-0.787093),fov=43.642857,dt=0.032109},
	{mode='PLAYER',cf=CFrame.new(-1.928970,1.493347,-0.792953,-0.761014,-0.027245,-0.648162,0.012869,0.998287,-0.057072,0.648607,-0.051773,-0.759360),fov=46.833332,dt=0.042794},
	{mode='PLAYER',cf=CFrame.new(-2.039398,1.587952,-0.726135,-0.731230,0.031515,-0.681402,0.052068,0.998596,-0.009690,0.680140,-0.042565,-0.731845),fov=49.071430,dt=0.035017},
	{mode='PLAYER',cf=CFrame.new(-2.175644,1.697266,-0.651642,-0.693169,0.097832,-0.714104,0.091058,0.994694,0.047884,0.715000,-0.031833,-0.698400),fov=51.267857,dt=0.031436},
	{mode='PLAYER',cf=CFrame.new(-2.280090,1.748657,-0.619003,-0.669884,0.123194,-0.732174,0.097693,0.992190,0.077561,0.736011,-0.019572,-0.676687),fov=52.500000,dt=0.041979},
	{mode='PLAYER',cf=CFrame.new(-2.392288,1.746582,-0.572739,-0.639101,0.143412,-0.755634,0.112696,0.989319,0.092447,0.760821,-0.026074,-0.648437),fov=53.291668,dt=0.053593},
	{mode='PLAYER',cf=CFrame.new(-2.535843,1.721008,-0.509033,-0.595952,0.165939,-0.785687,0.134822,0.985204,0.105813,0.791621,-0.042868,-0.609507),fov=53.875000,dt=0.042828},
	{mode='PLAYER',cf=CFrame.new(-2.743073,1.592957,-0.394119,-0.515427,0.183741,-0.837003,0.182341,0.977890,0.102383,0.837309,-0.099849,-0.537535),fov=53.791668,dt=0.032755},
	{mode='PLAYER',cf=CFrame.new(-2.785095,1.491760,-0.336731,-0.467220,0.177453,-0.866150,0.209338,0.973999,0.086627,0.859001,-0.140844,-0.492219),fov=54.541710,dt=0.037749},
	{mode='PLAYER',cf=CFrame.new(-2.807388,1.381042,-0.280457,-0.417211,0.164914,-0.893721,0.238001,0.968904,0.067683,0.877092,-0.184469,-0.443488),fov=56.291794,dt=0.034601},
	{mode='PLAYER',cf=CFrame.new(-2.761139,1.207092,-0.214340,-0.350606,0.130064,-0.927447,0.277908,0.960152,0.029592,0.894339,-0.247370,-0.372780),fov=58.916916,dt=0.037925},
	{mode='PLAYER',cf=CFrame.new(-2.748230,1.108887,-0.111404,-0.292010,0.089797,-0.952190,0.288326,0.957530,0.001880,0.911920,-0.273992,-0.305500),fov=60.667004,dt=0.031916},
	{mode='PLAYER',cf=CFrame.new(-2.739944,1.028076,-0.015076,-0.239821,0.051671,-0.969441,0.296310,0.954829,-0.022410,0.924492,-0.292629,-0.244299),fov=64.083504,dt=0.031538},
	{mode='PLAYER',cf=CFrame.new(-2.752243,0.997070,0.098740,-0.194200,0.015082,-0.980846,0.285758,0.957387,-0.041857,0.938418,-0.288413,-0.190234),fov=67.500000,dt=0.033346},
	{mode='PLAYER',cf=CFrame.new(-2.591141,1.007751,0.037598,-0.063375,-0.052503,-0.996608,0.218581,0.973639,-0.065192,0.973759,-0.221971,-0.050228),fov=65.000000,dt=0.035330},
	{mode='PLAYER',cf=CFrame.new(-2.430054,1.018433,-0.023544,0.070979,-0.112012,-0.991168,0.151934,0.983294,-0.100242,0.985838,-0.143477,0.086812),fov=62.500000,dt=0.050427},
	{mode='PLAYER',cf=CFrame.new(-2.442627,1.117676,-0.074371,0.134426,-0.138302,-0.981225,0.126940,0.984457,-0.121367,0.982759,-0.108242,0.149893),fov=61.874992,dt=0.046119},
	{mode='PLAYER',cf=CFrame.new(-2.531586,1.205994,-0.096085,0.181922,-0.161802,-0.969909,0.116158,0.982999,-0.142198,0.976428,-0.086794,0.197624),fov=60.937496,dt=0.044452},
	{mode='PLAYER',cf=CFrame.new(-2.651993,1.233826,-0.072647,0.195192,-0.173334,-0.965326,0.127503,0.980391,-0.150257,0.972442,-0.093753,0.213465),fov=60.000000,dt=0.058209},
	{mode='PLAYER',cf=CFrame.new(-2.739380,1.248108,-0.050598,0.207856,-0.181836,-0.961109,0.139015,0.978087,-0.154984,0.968230,-0.101395,0.228579),fov=60.000000,dt=0.052475},
	{mode='PLAYER',cf=CFrame.new(-2.825226,1.245300,-0.012634,0.251716,-0.196111,-0.947723,0.163132,0.973840,-0.158187,0.953953,-0.114786,0.277123),fov=56.363636,dt=0.048209},
	{mode='PLAYER',cf=CFrame.new(-2.829239,1.197205,0.021118,0.314466,-0.208836,-0.926012,0.189114,0.969729,-0.154474,0.930240,-0.126545,0.344440),fov=49.090904,dt=0.068374},
	{mode='PLAYER',cf=CFrame.new(-2.759842,1.067505,0.069885,0.425929,-0.228281,-0.875483,0.229982,0.963180,-0.139260,0.875038,-0.142030,0.462747),fov=41.818180,dt=0.065659},
	{mode='PLAYER',cf=CFrame.new(-2.506989,0.996033,-0.090118,0.651438,-0.246233,-0.717632,0.306436,0.950679,-0.048025,0.694064,-0.188623,0.694764),fov=62.500000,dt=0.064498},
	{mode='PLAYER',cf=CFrame.new(-2.426483,0.775879,0.619125,0.773333,-0.226060,-0.592329,0.320326,0.945571,0.057338,0.547127,-0.234080,0.803654),fov=70.000000,dt=0.037938},
	{mode='PLAYER',cf=CFrame.new(-2.652054,0.519653,0.045654,0.749186,-0.118539,-0.651665,0.196359,0.979376,0.047593,0.632584,-0.163616,0.757012),fov=70.000000,dt=0.043746},
	{mode='PLAYER',cf=CFrame.new(-2.979736,0.699341,0.148972,0.697362,-0.131832,-0.704490,0.152448,0.987729,-0.033929,0.700318,-0.083737,0.708902),fov=70.000000,dt=0.043496},
	{mode='PLAYER',cf=CFrame.new(-3.191513,0.737671,0.728363,0.721289,-0.176507,-0.669766,0.228472,0.973494,-0.010503,0.653867,-0.145447,0.742498),fov=70.000000,dt=0.038585},
	{mode='PLAYER',cf=CFrame.new(-3.422989,0.660461,1.109512,0.749674,-0.210470,-0.627448,0.289620,0.956813,0.025086,0.595071,-0.200527,0.778254),fov=70.000000,dt=0.045652},
	{mode='PLAYER',cf=CFrame.new(-3.754440,0.534546,1.295868,0.772890,-0.211380,-0.598297,0.296059,0.954091,0.045372,0.561239,-0.212199,0.799989),fov=70.000000,dt=0.047213},
	{mode='PLAYER',cf=CFrame.new(-4.404495,0.419373,1.411591,0.700186,-0.199832,-0.685424,0.135538,0.979778,-0.147192,0.700977,0.010161,0.713111),fov=70.000000,dt=0.044466},
	{mode='PLAYER',cf=CFrame.new(-4.673660,0.556458,1.447342,0.650309,-0.128216,-0.748771,0.040827,0.990128,-0.134087,0.758572,0.056628,0.649124),fov=70.000000,dt=0.047955},
	{mode='PLAYER',cf=CFrame.new(-4.871063,0.413879,1.483002,0.683609,-0.117608,-0.720310,0.067714,0.992895,-0.097850,0.726700,0.018116,0.686715),fov=70.000000,dt=0.044652},
	{mode='PLAYER',cf=CFrame.new(-5.036240,0.391357,1.438492,0.671736,-0.062039,-0.738188,0.017608,0.997543,-0.067813,0.740581,0.032554,0.671178),fov=70.000000,dt=0.044274},
	{mode='PLAYER',cf=CFrame.new(-5.312820,0.443115,1.691727,0.630712,-0.057222,-0.773903,0.009658,0.997779,-0.065904,0.775956,0.034093,0.629864),fov=70.000000,dt=0.042725},
	{mode='PLAYER',cf=CFrame.new(-5.371384,0.417969,1.928329,0.612785,-0.057036,-0.788188,0.019419,0.998178,-0.057134,0.790011,0.019705,0.612776),fov=70.000000,dt=0.044238},
	{mode='PLAYER',cf=CFrame.new(-5.476608,0.407898,2.064758,0.614567,-0.061513,-0.786463,0.037882,0.998106,-0.048465,0.787955,-0.000008,0.615733),fov=70.000000,dt=0.057682},
	{mode='PLAYER',cf=CFrame.new(-5.417419,0.360107,2.130936,0.624118,-0.069199,-0.778259,0.060903,0.997348,-0.039839,0.778953,-0.022534,0.626677),fov=70.000000,dt=0.046832},
	{mode='PLAYER',cf=CFrame.new(-5.349472,0.425171,2.346634,0.639112,-0.079482,-0.764995,0.085977,0.995795,-0.031633,0.764292,-0.045555,0.643259),fov=70.000000,dt=0.048014},
	{mode='PLAYER',cf=CFrame.new(-5.171967,0.417480,2.433533,0.652372,-0.089474,-0.752599,0.108090,0.993840,-0.024459,0.750151,-0.065392,0.658025),fov=70.000000,dt=0.035506},
	{mode='PLAYER',cf=CFrame.new(-5.322479,0.368835,2.637939,0.661435,-0.097040,-0.743698,0.124183,0.992077,-0.019003,0.739650,-0.079785,0.668245),fov=70.000000,dt=0.044067},
	{mode='PLAYER',cf=CFrame.new(-5.088425,0.514771,2.725296,0.668529,-0.103697,-0.736420,0.137916,0.990341,-0.014251,0.730785,-0.092036,0.676374),fov=70.000000,dt=0.037229},
	{mode='PLAYER',cf=CFrame.new(-4.914291,0.617676,2.809402,0.678187,-0.112980,-0.726152,0.156271,0.987684,-0.007723,0.718082,-0.108239,0.687490),fov=70.000000,dt=0.034391},
	{mode='PLAYER',cf=CFrame.new(-5.073380,0.503723,2.855164,0.686343,-0.119884,-0.717329,0.168703,0.985661,-0.003313,0.707441,-0.118741,0.696727),fov=70.000000,dt=0.032660},
	{mode='PLAYER',cf=CFrame.new(-4.972580,0.698303,3.005508,0.695660,-0.126974,-0.707061,0.180396,0.983594,0.000854,0.695352,-0.128145,0.707152),fov=70.000000,dt=0.036239},
	{mode='PLAYER',cf=CFrame.new(-4.817719,0.641296,3.113953,0.710375,-0.135315,-0.690692,0.191252,0.981531,0.004409,0.677340,-0.135228,0.723135),fov=70.000000,dt=0.048984},
	{mode='PLAYER',cf=CFrame.new(-4.622604,0.690002,3.126038,0.725021,-0.142936,-0.673731,0.199841,0.979802,0.007183,0.659096,-0.139847,0.738942),fov=70.000000,dt=0.033382},
	{mode='PLAYER',cf=CFrame.new(-4.525009,0.654419,3.265579,0.750821,-0.154699,-0.642134,0.210172,0.977611,0.010225,0.626175,-0.142635,0.766524),fov=70.000000,dt=0.034184},
	{mode='PLAYER',cf=CFrame.new(-4.354767,0.676025,3.497391,0.769230,-0.161664,-0.618182,0.215078,0.976520,0.012257,0.601686,-0.142386,0.785939),fov=70.000000,dt=0.035550},
	{mode='PLAYER',cf=CFrame.new(-4.240540,0.561890,3.486633,0.790340,-0.167670,-0.589278,0.218230,0.975781,0.015047,0.572484,-0.140491,0.807790),fov=70.000000,dt=0.037990},
	{mode='PLAYER',cf=CFrame.new(-4.075653,0.812317,3.554504,0.813247,-0.168692,-0.556931,0.215462,0.976329,0.018898,0.540560,-0.135367,0.830344),fov=70.000000,dt=0.040302},
	{mode='PLAYER',cf=CFrame.new(-3.804138,0.799438,3.653854,0.839599,-0.165147,-0.517493,0.207017,0.978049,0.023747,0.502212,-0.127067,0.855358),fov=70.000000,dt=0.039603},
	{mode='PLAYER',cf=CFrame.new(-3.573792,0.933105,3.807831,0.865721,-0.153456,-0.476421,0.189792,0.981403,0.028766,0.463147,-0.115325,0.878746),fov=70.000000,dt=0.040343},
	{mode='PLAYER',cf=CFrame.new(-3.119965,1.043213,4.079025,0.892997,-0.137916,-0.428410,0.168230,0.985178,0.033511,0.417439,-0.101997,0.902963),fov=70.000000,dt=0.044380},
	{mode='PLAYER',cf=CFrame.new(-2.740860,0.953796,4.430069,0.918374,-0.118769,-0.377468,0.143185,0.988997,0.037183,0.368899,-0.088196,0.925276),fov=70.000000,dt=0.040741},
	{mode='PLAYER',cf=CFrame.new(-2.204483,1.064880,4.562851,0.942605,-0.098416,-0.319075,0.117582,0.992203,0.041322,0.312521,-0.076468,0.946828),fov=70.000000,dt=0.043889},
	{mode='PLAYER',cf=CFrame.new(-1.947250,1.209473,4.729538,0.961128,-0.080633,-0.264064,0.095820,0.994375,0.045123,0.258940,-0.068672,0.963449),fov=70.000000,dt=0.051418},
	{mode='PLAYER',cf=CFrame.new(-1.423752,1.141785,4.983643,0.973612,-0.069699,-0.217306,0.082637,0.995273,0.051020,0.212723,-0.067631,0.974769),fov=70.000000,dt=0.069190},
	{mode='PLAYER',cf=CFrame.new(-0.495956,1.133057,5.013580,0.991400,-0.050119,-0.120890,0.058090,0.996300,0.063337,0.117268,-0.069815,0.990643),fov=70.000000,dt=0.067215},
	{mode='PLAYER',cf=CFrame.new(0.489349,1.053711,4.791351,0.999218,-0.032800,-0.022064,0.034373,0.996576,0.075192,0.019522,-0.075891,0.996925),fov=70.000000,dt=0.056814},
	{mode='PLAYER',cf=CFrame.new(1.393066,1.243042,4.593948,0.996417,-0.014173,0.083380,0.007487,0.996770,0.079960,-0.084244,-0.079049,0.993305),fov=64.835312,dt=0.033895},
	{mode='PLAYER',cf=CFrame.new(1.968582,1.172546,4.264725,0.984066,0.003190,0.177772,-0.017291,0.996817,0.077830,-0.176958,-0.079664,0.980989),fov=60.961792,dt=0.032909},
	{mode='PLAYER',cf=CFrame.new(2.605774,1.108826,4.021484,0.970026,0.015437,0.242507,-0.034375,0.996661,0.074057,-0.240554,-0.080173,0.967319),fov=58.379448,dt=0.043946},
	{mode='PLAYER',cf=CFrame.new(2.994858,0.828857,3.885178,0.946296,0.030651,0.321845,-0.055313,0.996167,0.067763,-0.318534,-0.081926,0.944364),fov=55.797104,dt=0.056328},
	{mode='PLAYER',cf=CFrame.new(3.438568,0.882751,3.570847,0.920931,0.045065,0.387110,-0.074847,0.995253,0.062199,-0.382470,-0.086255,0.919933),fov=53.214756,dt=0.079743},
	{mode='PLAYER',cf=CFrame.new(4.095474,0.892151,2.645111,0.852725,0.076427,0.516739,-0.117810,0.991889,0.047708,-0.508902,-0.101559,0.854813),fov=48.050072,dt=0.064502},
	{mode='PLAYER',cf=CFrame.new(3.836319,0.707886,1.024292,0.735498,0.100150,0.670084,-0.138600,0.990340,0.004114,-0.663199,-0.095900,0.742274),fov=42.885372,dt=0.061013},
	{mode='PLAYER',cf=CFrame.new(2.769043,0.870178,-1.047638,0.554116,0.119804,0.823773,-0.117546,0.990935,-0.065047,-0.824099,-0.060787,0.563175),fov=40.000000,dt=0.041032},
	{mode='PLAYER',cf=CFrame.new(2.375961,0.848145,-2.287155,-0.366761,0.169269,0.914786,0.111566,0.984214,-0.137386,-0.923601,0.051672,-0.379857),fov=50.434784,dt=0.039242},
	{mode='PLAYER',cf=CFrame.new(2.218781,0.876587,-2.034988,-0.589114,0.178565,0.788073,0.266155,0.963735,-0.019406,-0.762959,0.198317,-0.615276),fov=57.391304,dt=0.039077},
	{mode='PLAYER',cf=CFrame.new(2.060379,0.854126,-1.753815,-0.654062,0.378959,0.654670,0.467833,0.882742,-0.043581,-0.594420,0.277772,-0.754657),fov=64.347824,dt=0.035165},
	{mode='PLAYER',cf=CFrame.new(2.014664,0.855591,-1.871689,-0.706168,0.379522,0.597737,0.412785,0.906573,-0.087948,-0.575270,0.184631,-0.796853),fov=74.782608,dt=0.044141},
	{mode='PLAYER',cf=CFrame.new(1.911163,0.690918,-2.058502,-0.751667,0.351645,0.557980,0.335121,0.932294,-0.136094,-0.568058,0.084693,-0.818619),fov=81.739128,dt=0.045572},
	{mode='PLAYER',cf=CFrame.new(1.783295,0.756470,-2.077377,-0.802350,0.285432,0.524179,0.224220,0.958055,-0.178481,-0.553136,-0.025673,-0.832695),fov=92.173920,dt=0.047548},
	{mode='PLAYER',cf=CFrame.new(1.725006,0.862183,-2.067322,-0.830103,0.227199,0.509224,0.143480,0.969507,-0.198670,-0.538834,-0.091853,-0.837390),fov=99.130440,dt=0.056469},
	{mode='PLAYER',cf=CFrame.new(1.671677,0.940186,-2.028580,-0.851644,0.163393,0.498001,0.058144,0.973754,-0.220053,-0.520885,-0.158451,-0.838792),fov=109.565216,dt=0.039028},
	{mode='PLAYER',cf=CFrame.new(1.561890,1.016602,-2.068893,-0.856695,0.102787,0.505477,-0.021744,0.971878,-0.234480,-0.515364,-0.211868,-0.830369),fov=120.000000,dt=0.040918},
	{mode='PLAYER',cf=CFrame.new(1.477417,1.075378,-2.099884,-0.858547,0.055808,0.509688,-0.082726,0.965958,-0.245116,-0.506016,-0.252609,-0.824704),fov=120.000000,dt=0.040279},
	{mode='PLAYER',cf=CFrame.new(1.341888,1.139465,-2.120712,-0.861688,0.021519,0.506982,-0.123446,0.960196,-0.250569,-0.492194,-0.278497,-0.824733),fov=120.000000,dt=0.039893},
	{mode='PLAYER',cf=CFrame.new(1.112854,1.208252,-2.118118,-0.870231,0.017715,0.492325,-0.119041,0.962178,-0.245037,-0.478045,-0.271846,-0.835208),fov=120.000000,dt=0.029318},
	{mode='PLAYER',cf=CFrame.new(0.909271,1.269348,-2.115814,-0.877627,0.014438,0.479125,-0.115220,0.963886,-0.240098,-0.465289,-0.265922,-0.844270),fov=120.000000,dt=0.029732},
	{mode='PLAYER',cf=CFrame.new(0.731125,1.322815,-2.113800,-0.883944,0.011652,0.467447,-0.111950,0.965341,-0.235762,-0.453993,-0.260731,-0.852003),fov=120.000000,dt=0.043860},
	{mode='PLAYER',cf=CFrame.new(0.663559,1.388855,-2.045303,-0.886795,0.003700,0.462148,-0.109492,0.969818,-0.217864,-0.449005,-0.243803,-0.859625),fov=120.000000,dt=0.057283},
	{mode='PLAYER',cf=CFrame.new(0.616638,1.453735,-1.969559,-0.889072,-0.004623,0.457744,-0.107339,0.974176,-0.198644,-0.445005,-0.225743,-0.866609),fov=120.000000,dt=0.046257},
	{mode='PLAYER',cf=CFrame.new(0.550400,1.506958,-1.924072,-0.902384,-0.018514,0.430535,-0.111645,0.975009,-0.192076,-0.416219,-0.221393,-0.881899),fov=120.000000,dt=0.043794},
	{mode='PLAYER',cf=CFrame.new(0.462372,1.488098,-2.007034,-0.937888,-0.044453,0.344078,-0.130606,0.964038,-0.231458,-0.321416,-0.262021,-0.909966),fov=120.000000,dt=0.082039},
	{mode='PLAYER',cf=CFrame.new(0.334320,1.460632,-2.127731,-0.973232,-0.087530,0.212503,-0.147972,0.946135,-0.287979,-0.175850,-0.311715,-0.933761),fov=120.000000,dt=0.050208},
	{mode='PLAYER',cf=CFrame.new(0.206284,1.433228,-2.248428,-0.987832,-0.135358,0.076585,-0.153547,0.927066,-0.342011,-0.024706,-0.349609,-0.936570),fov=120.000000,dt=0.029626},
	{mode='PLAYER',cf=CFrame.new(0.188721,1.462769,-2.887756,-0.980508,-0.196397,0.005620,-0.187040,0.924269,-0.332780,0.060162,-0.327345,-0.942988),fov=120.000000,dt=0.031630},
	{mode='PLAYER',cf=CFrame.new(-0.535202,1.337891,-3.002365,-0.846817,-0.243260,-0.472995,-0.060259,0.927437,-0.369094,0.528458,-0.284053,-0.800028),fov=120.000000,dt=0.050738},
	{mode='PLAYER',cf=CFrame.new(-2.462463,0.719849,-2.614944,0.396484,-0.228687,-0.889102,0.487671,0.872999,-0.007074,0.777803,-0.430784,0.457654),fov=40.000000,dt=0.029657},
	{mode='PLAYER',cf=CFrame.new(-2.405670,0.672668,-4.236954,0.325121,-0.214151,-0.921105,0.609771,0.791967,0.031102,0.722825,-0.571775,0.388068),fov=40.000000,dt=0.045419},
	{mode='PLAYER',cf=CFrame.new(-2.450348,0.629456,-4.533554,0.276101,-0.203628,-0.939310,0.494371,0.868192,-0.042895,0.824236,-0.452525,0.340377),fov=40.000000,dt=0.017481},
	{mode='PLAYER',cf=CFrame.new(-2.485001,0.597229,-4.581772,0.294736,-0.019186,-0.955386,0.475366,0.870254,0.129174,0.828950,-0.492230,0.265615),fov=40.000000,dt=0.015781},
	{mode='PLAYER',cf=CFrame.new(-2.497330,0.593506,-4.586136,0.259024,-0.035411,-0.965221,0.493684,0.863780,0.100795,0.830170,-0.502623,0.241221),fov=40.000000,dt=0.036540},
	{mode='PLAYER',cf=CFrame.new(-2.535492,0.579224,-4.605453,0.163994,-0.099636,-0.981416,0.545006,0.838411,0.005952,0.822237,-0.535854,0.191796),fov=40.000000,dt=0.035748},
}

local accumulated = 0
local index = 1
local smoothRootCF = root.CFrame

RunService:BindToRenderStep('FollowCinematic', Enum.RenderPriority.Camera.Value + 1, function(dt)

	accumulated += dt

	smoothRootCF = root.CFrame

	while frames[index] and accumulated >= frames[index].dt do

		accumulated -= frames[index].dt

		local f = frames[index]

		if f.mode == 'WORLD' then
			camera.CFrame = f.cf
		else
			camera.CFrame = smoothRootCF * f.cf
		end
		camera.FieldOfView = f.fov

		index += 1

	end

	if not frames[index] then
		RunService:UnbindFromRenderStep('FollowCinematic')
		camera.CameraType = Enum.CameraType.Custom
    camera.FieldOfView = 70
	end

end)
