local Players = game:GetService('Players')
local RunService = game:GetService('RunService')

local player = Players.LocalPlayer
local camera = workspace.CurrentCamera

local root = player.Character:WaitForChild('HumanoidRootPart')

camera.CameraType = Enum.CameraType.Scriptable

local frames = {
	{cf=CFrame.new(-2.888794,11.059099,1.769279,-0.202185,0.095292,-0.974700,0.047004,0.995052,0.087531,0.978219,-0.028118,-0.205664),fov=70.000000,dt=0.031536},
	{cf=CFrame.new(-3.348145,8.347672,2.979815,-0.114761,0.063035,-0.991391,0.066980,0.996205,0.055588,0.991133,-0.060024,-0.118548),fov=70.000000,dt=0.058786},
	{cf=CFrame.new(-3.576538,6.426363,3.985215,-0.057697,0.037043,-0.997647,0.104342,0.994062,0.030875,0.992866,-0.102315,-0.061219),fov=70.000000,dt=0.070255},
	{cf=CFrame.new(-3.584839,5.072029,4.354840,-0.027568,0.018315,-0.999452,0.138096,0.990315,0.014338,0.990035,-0.137625,-0.029830),fov=70.000000,dt=0.062916},
	{cf=CFrame.new(-3.440186,4.114639,4.229159,-0.017808,0.006107,-0.999823,0.166406,0.986053,0.003059,0.985897,-0.166322,-0.018576),fov=70.000000,dt=0.062879},
	{cf=CFrame.new(-2.627930,1.677341,1.144058,-0.034316,-0.018831,-0.999234,0.250635,0.967709,-0.026844,0.967473,-0.251364,-0.028488),fov=70.000000,dt=0.050320},
	{cf=CFrame.new(-2.280884,1.515118,0.199524,-0.069610,-0.013887,-0.997478,0.265027,0.963713,-0.031912,0.961726,-0.266579,-0.063404),fov=70.000000,dt=0.055443},
	{cf=CFrame.new(-2.107910,1.525291,0.059546,-0.101615,-0.007808,-0.994793,0.271088,0.961909,-0.035241,0.957176,-0.273257,-0.095628),fov=70.000000,dt=0.022677},
	{cf=CFrame.new(-2.045776,1.526310,0.033250,-0.119895,-0.004562,-0.992776,0.273993,0.961000,-0.037505,0.954229,-0.276511,-0.113970),fov=70.000000,dt=0.026576},
	{cf=CFrame.new(-1.998901,1.526411,0.020121,-0.135830,-0.002078,-0.990730,0.276274,0.960251,-0.039891,0.951432,-0.279131,-0.129857),fov=70.000000,dt=0.026403},
	{cf=CFrame.new(-1.962891,1.526421,0.011611,-0.148674,-0.000232,-0.988886,0.278056,0.959645,-0.042029,0.948989,-0.281215,-0.142610),fov=70.000000,dt=0.026293},
	{cf=CFrame.new(-1.930542,1.526022,0.004962,-0.160377,0.001241,-0.987055,0.279540,0.959116,-0.044214,0.946645,-0.283012,-0.154168),fov=70.000000,dt=0.025095},
	{cf=CFrame.new(-1.901245,1.525583,-0.000706,-0.171331,0.002486,-0.985211,0.280877,0.958620,-0.046427,0.944327,-0.284677,-0.164940),fov=70.000000,dt=0.021858},
	{cf=CFrame.new(-1.875000,1.525139,-0.005269,-0.181487,0.003469,-0.983387,0.282058,0.958162,-0.048674,0.942075,-0.286206,-0.174872),fov=70.000000,dt=0.027445},
	{cf=CFrame.new(-1.851318,1.524294,-0.008925,-0.190952,0.004281,-0.981590,0.283060,0.957751,-0.050888,0.939901,-0.287566,-0.184096),fov=70.000000,dt=0.026873},
	{cf=CFrame.new(-1.830078,1.523411,-0.012091,-0.199588,0.004834,-0.979868,0.284012,0.957348,-0.053127,0.937818,-0.288898,-0.192448),fov=70.000000,dt=0.023743},
	{cf=CFrame.new(-1.811157,1.522522,-0.014810,-0.207535,0.005272,-0.978213,0.284856,0.956975,-0.055277,0.935834,-0.290122,-0.200108),fov=70.000000,dt=0.026037},
	{cf=CFrame.new(-1.794922,1.520832,-0.017478,-0.214821,0.005551,-0.976638,0.285585,0.956634,-0.057380,0.933966,-0.291240,-0.207090),fov=70.000000,dt=0.026567},
	{cf=CFrame.new(-1.778809,1.518764,-0.020544,-0.222442,0.005799,-0.974929,0.286360,0.956263,-0.059648,0.931943,-0.292449,-0.214374),fov=70.000000,dt=0.026446},
	{cf=CFrame.new(-1.766602,1.516457,-0.023550,-0.228504,0.005871,-0.973525,0.287003,0.955947,-0.061600,0.930277,-0.293481,-0.220123),fov=70.000000,dt=0.022106},
	{cf=CFrame.new(-1.756226,1.514128,-0.026950,-0.233817,0.005939,-0.972263,0.287578,0.955662,-0.063321,0.928778,-0.294407,-0.225158),fov=70.000000,dt=0.025322},
	{cf=CFrame.new(-1.747681,1.510895,-0.031192,-0.238533,0.005951,-0.971116,0.288198,0.955367,-0.064935,0.927386,-0.295363,-0.229602),fov=70.000000,dt=0.027561},
	{cf=CFrame.new(-1.740479,1.507572,-0.036414,-0.242694,0.006028,-0.970084,0.288786,0.955094,-0.066313,0.926122,-0.296241,-0.233537),fov=70.000000,dt=0.026397},
	{cf=CFrame.new(-1.734253,1.502941,-0.043635,-0.246831,0.006160,-0.969039,0.289565,0.954762,-0.067688,0.924785,-0.297308,-0.237448),fov=70.000000,dt=0.024686},
	{cf=CFrame.new(-1.729858,1.498676,-0.051757,-0.249905,0.006367,-0.968249,0.290296,0.954471,-0.068650,0.923729,-0.298235,-0.240376),fov=70.000000,dt=0.027305},
	{cf=CFrame.new(-1.726318,1.493652,-0.061567,-0.252479,0.006631,-0.967580,0.291048,0.954188,-0.069407,0.922792,-0.299136,-0.242842),fov=70.000000,dt=0.020759},
	{cf=CFrame.new(-1.724609,1.488649,-0.071247,-0.254242,0.007015,-0.967115,0.291845,0.953915,-0.069803,0.922056,-0.299994,-0.244572),fov=70.000000,dt=0.021301},
	{cf=CFrame.new(-1.722900,1.482752,-0.084212,-0.255888,0.007572,-0.966677,0.292758,0.953619,-0.070026,0.921311,-0.300921,-0.246237),fov=70.000000,dt=0.023437},
	{cf=CFrame.new(-1.722046,1.476162,-0.099406,-0.257117,0.008348,-0.966344,0.293859,0.953286,-0.069952,0.920618,-0.301955,-0.247560),fov=70.000000,dt=0.025122},
	{cf=CFrame.new(-1.721436,1.469803,-0.114524,-0.257831,0.009183,-0.966146,0.294921,0.952980,-0.069646,0.920079,-0.302893,-0.248416),fov=70.000000,dt=0.023893},
	{cf=CFrame.new(-1.721191,1.461969,-0.134232,-0.258316,0.010400,-0.966005,0.296254,0.952616,-0.068965,0.919514,-0.303998,-0.249157),fov=70.000000,dt=0.021283},
	{cf=CFrame.new(-1.721069,1.454687,-0.153502,-0.258393,0.011590,-0.965970,0.297513,0.952282,-0.068158,0.919086,-0.305000,-0.249511),fov=70.000000,dt=0.022874},
	{cf=CFrame.new(-1.749390,1.275892,-0.364690,-0.192790,0.010341,-0.981186,0.302056,0.952014,-0.049317,0.933592,-0.305881,-0.186662),fov=70.000000,dt=0.023295},
	{cf=CFrame.new(-1.885986,0.443542,-1.307858,0.132685,0.001969,-0.991157,0.303829,0.951775,0.042563,0.943442,-0.306789,0.125688),fov=70.000000,dt=0.021641},
	{cf=CFrame.new(-1.956299,0.016060,-1.805716,0.298314,0.006236,-0.954447,0.302174,0.947926,0.100639,0.905373,-0.318431,0.280895),fov=70.000000,dt=0.028170},
	{cf=CFrame.new(-1.962524,-0.025789,-1.873500,0.315589,0.012597,-0.948812,0.315452,0.941648,0.117426,0.894926,-0.336363,0.293200),fov=70.000000,dt=0.031361},
	{cf=CFrame.new(-1.960449,-0.026976,-1.885379,0.315736,0.010338,-0.948791,0.325966,0.937901,0.118693,0.891099,-0.346749,0.292759),fov=70.000000,dt=0.022795},
	{cf=CFrame.new(-1.957642,-0.024694,-1.882366,0.315539,0.009713,-0.948863,0.325986,0.937980,0.118007,0.891161,-0.346552,0.292803),fov=70.000000,dt=0.066916},
	{cf=CFrame.new(-1.950317,-0.019363,-1.835974,0.315571,0.009677,-0.948853,0.309708,0.944137,0.112632,0.896937,-0.329410,0.294945),fov=70.000000,dt=0.085885},
	{cf=CFrame.new(-1.946289,-0.016733,-1.800940,0.315541,0.009665,-0.948863,0.293908,0.949779,0.107413,0.902249,-0.312771,0.296854),fov=70.000000,dt=0.068929},
	{cf=CFrame.new(-1.946045,-0.016470,-1.798837,0.315558,0.009631,-0.948857,0.287287,0.952049,0.105205,0.904372,-0.305793,0.297660),fov=70.000000,dt=0.090125},
	{cf=CFrame.new(-1.946899,-0.017244,-1.802326,0.315536,0.009660,-0.948864,0.282976,0.953493,0.103808,0.905738,-0.301261,0.298128),fov=70.000000,dt=0.031241},
	{cf=CFrame.new(-1.947510,-0.017622,-1.805971,0.315565,0.009691,-0.948855,0.280842,0.954195,0.103146,0.906392,-0.299028,0.298389),fov=70.000000,dt=0.022577},
	{cf=CFrame.new(-1.947876,-0.017859,-1.808237,0.315537,0.009672,-0.948864,0.279843,0.954527,0.102789,0.906711,-0.297967,0.298482),fov=70.000000,dt=0.028676},
	{cf=CFrame.new(-1.948486,-0.018183,-1.810966,0.315545,0.009659,-0.948861,0.279004,0.954804,0.102502,0.906966,-0.297080,0.298589),fov=70.000000,dt=0.028747},
	{cf=CFrame.new(-1.948975,-0.018616,-1.813635,0.315550,0.009674,-0.948860,0.278266,0.955043,0.102276,0.907191,-0.296309,0.298672),fov=70.000000,dt=0.025092},
	{cf=CFrame.new(-1.949585,-0.019058,-1.815501,0.315561,0.009660,-0.948856,0.277875,0.955172,0.102137,0.907308,-0.295894,0.298730),fov=70.000000,dt=0.022722},
	{cf=CFrame.new(-1.949829,-0.019403,-1.818088,0.315539,0.009678,-0.948863,0.277426,0.955317,0.102001,0.907452,-0.295425,0.298755),fov=70.000000,dt=0.026816},
	{cf=CFrame.new(-1.950317,-0.019537,-1.819946,0.315534,0.009661,-0.948865,0.277180,0.955399,0.101901,0.907529,-0.295160,0.298784),fov=70.000000,dt=0.022186},
	{cf=CFrame.new(-1.950562,-0.019951,-1.821733,0.315553,0.009637,-0.948859,0.276953,0.955475,0.101808,0.907592,-0.294915,0.298834),fov=70.000000,dt=0.019119},
	{cf=CFrame.new(-1.950928,-0.020292,-1.823211,0.315571,0.009654,-0.948853,0.276798,0.955523,0.101780,0.907633,-0.294760,0.298863),fov=70.000000,dt=0.024898},
	{cf=CFrame.new(-1.950928,-0.020426,-1.824458,0.315576,0.009659,-0.948851,0.276757,0.955535,0.101773,0.907644,-0.294718,0.298871),fov=70.000000,dt=0.026538},
	{cf=CFrame.new(-1.951294,-0.020439,-1.825583,0.315584,0.009645,-0.948849,0.276678,0.955562,0.101735,0.907666,-0.294631,0.298891),fov=70.000000,dt=0.022207},
	{cf=CFrame.new(-1.951294,-0.020741,-1.826195,0.315591,0.009674,-0.948846,0.276639,0.955572,0.101754,0.907675,-0.294600,0.298893),fov=70.000000,dt=0.019949},
	{cf=CFrame.new(-1.951294,-0.020870,-1.826756,0.315591,0.009677,-0.948846,0.276635,0.955572,0.101756,0.907676,-0.294597,0.298893),fov=70.000000,dt=0.028791},
	{cf=CFrame.new(-1.917480,-0.020884,-1.826814,0.315624,0.009075,-0.948841,0.285556,0.952692,0.104099,0.904898,-0.303803,0.298101),fov=70.000000,dt=0.025781},
	{cf=CFrame.new(-1.737793,-0.020885,-1.826820,0.315814,0.005909,-0.948803,0.332519,0.935872,0.116509,0.888647,-0.352290,0.293596),fov=70.000000,dt=0.010349},
	{cf=CFrame.new(-1.669922,-0.020885,-1.826819,0.315802,0.004694,-0.948814,0.350125,0.928838,0.121130,0.881863,-0.370456,0.291685),fov=70.000000,dt=0.049847},
	{cf=CFrame.new(-1.683594,-0.020885,-1.826818,0.315829,0.004584,-0.948805,0.348525,0.929521,0.120505,0.882487,-0.368741,0.291972),fov=70.000000,dt=0.051674},
	{cf=CFrame.new(-1.731079,-0.020885,-1.826818,0.315863,0.004549,-0.948794,0.339716,0.933151,0.117569,0.885903,-0.359456,0.293202),fov=70.000000,dt=0.045786},
	{cf=CFrame.new(-1.762573,-0.020885,-1.826820,0.315808,0.004542,-0.948812,0.331935,0.936270,0.114965,0.888867,-0.351251,0.294174),fov=70.000000,dt=0.054421},
	{cf=CFrame.new(-1.782593,-0.020885,-1.829619,0.315528,0.004614,-0.948905,0.324739,0.939083,0.112548,0.891620,-0.343658,0.294809),fov=70.000000,dt=0.067329},
	{cf=CFrame.new(-1.797485,-0.020885,-1.838598,0.315048,0.004696,-0.949064,0.320579,0.940687,0.111073,0.893294,-0.339244,0.294856),fov=70.000000,dt=0.078928},
	{cf=CFrame.new(-1.806763,-0.020884,-1.851192,0.314550,0.004782,-0.949229,0.318260,0.941576,0.110206,0.894298,-0.336767,0.294651),fov=70.000000,dt=0.080837},
	{cf=CFrame.new(-1.811768,-0.020887,-1.864750,0.314352,0.004850,-0.949294,0.314785,0.942877,0.109056,0.895597,-0.333105,0.294869),fov=70.000000,dt=0.039238},
	{cf=CFrame.new(-1.813477,-0.020885,-1.873504,0.314517,0.004822,-0.949240,0.309480,0.944828,0.107341,0.897386,-0.327531,0.295672),fov=70.000000,dt=0.025136},
	{cf=CFrame.new(-1.813965,-0.020885,-1.877480,0.314822,0.004769,-0.949139,0.304524,0.946615,0.105765,0.898973,-0.322332,0.296563),fov=70.000000,dt=0.025052},
	{cf=CFrame.new(-1.813965,-0.020885,-1.879276,0.315200,0.004687,-0.949014,0.299939,0.948239,0.104303,0.900381,-0.317522,0.297479),fov=70.000000,dt=0.035038},
	{cf=CFrame.new(-1.814087,-0.020885,-1.880455,0.315736,0.004567,-0.948836,0.292457,0.950835,0.101894,0.902652,-0.309665,0.298877),fov=70.000000,dt=0.028247},
	{cf=CFrame.new(-1.200562,0.498032,-1.784891,0.505522,-0.111710,-0.855552,0.169928,0.985053,-0.028213,0.845915,-0.131120,0.516948),fov=70.000000,dt=0.040845},
	{cf=CFrame.new(-0.927856,0.726694,-1.747038,0.585289,-0.153061,-0.796247,0.096167,0.988194,-0.119270,0.805102,-0.006766,0.593098),fov=70.000000,dt=0.022649},
	{cf=CFrame.new(-0.893921,0.753561,-1.765948,0.590535,-0.160781,-0.790834,0.058588,0.985908,-0.156692,0.804883,0.046199,0.591633),fov=70.000000,dt=0.024469},
	{cf=CFrame.new(-0.889282,0.757246,-1.786936,0.588394,-0.162432,-0.792091,0.048714,0.984956,-0.165796,0.807106,0.058967,0.587455),fov=70.000000,dt=0.022220},
	{cf=CFrame.new(-0.888062,0.757614,-1.805833,0.586649,-0.162837,-0.793302,0.046476,0.984731,-0.167761,0.808507,0.061547,0.585259),fov=70.000000,dt=0.028932},
	{cf=CFrame.new(-0.886353,0.757652,-1.827119,0.585953,-0.162916,-0.793799,0.046110,0.984698,-0.168058,0.809032,0.061872,0.584499),fov=70.000000,dt=0.026557},
	{cf=CFrame.new(-0.882812,0.757656,-1.849243,0.585568,-0.162962,-0.794074,0.046013,0.984687,-0.168149,0.809316,0.061924,0.584099),fov=70.000000,dt=0.022785},
	{cf=CFrame.new(-0.878662,0.757656,-1.867557,0.585328,-0.162914,-0.794261,0.045904,0.984693,-0.168146,0.809496,0.061961,0.583846),fov=70.000000,dt=0.020530},
	{cf=CFrame.new(-0.874023,0.757656,-1.881485,0.585164,-0.162915,-0.794382,0.045878,0.984693,-0.168150,0.809617,0.061950,0.583681),fov=70.000000,dt=0.032427},
	{cf=CFrame.new(-0.867065,0.757256,-1.898376,0.585007,-0.162955,-0.794489,0.045826,0.984683,-0.168223,0.809733,0.062003,0.583514),fov=70.000000,dt=0.015152},
	{cf=CFrame.new(-0.861084,0.757017,-1.910163,0.584890,-0.162947,-0.794576,0.045757,0.984682,-0.168250,0.809821,0.062050,0.583387),fov=70.000000,dt=0.030735},
	{cf=CFrame.new(-0.852417,0.756292,-1.924037,0.584798,-0.162958,-0.794642,0.045628,0.984671,-0.168349,0.809895,0.062192,0.583269),fov=70.000000,dt=0.017290},
	{cf=CFrame.new(-0.845215,0.755720,-1.933724,0.584747,-0.162919,-0.794687,0.045479,0.984669,-0.168403,0.809940,0.062331,0.583192),fov=70.000000,dt=0.030348},
	{cf=CFrame.new(-0.836426,0.755062,-1.943492,0.584756,-0.162899,-0.794685,0.045273,0.984657,-0.168528,0.809945,0.062570,0.583159),fov=70.000000,dt=0.019081},
	{cf=CFrame.new(-0.828979,0.754097,-1.950965,0.584698,-0.162901,-0.794727,0.045070,0.984642,-0.168670,0.809998,0.062803,0.583060),fov=70.000000,dt=0.023938},
	{cf=CFrame.new(-0.820923,0.753300,-1.957815,0.584708,-0.162868,-0.794727,0.044841,0.984631,-0.168795,0.810004,0.063059,0.583025),fov=70.000000,dt=0.019400},
	{cf=CFrame.new(-0.811646,0.751621,-1.964697,0.584727,-0.162866,-0.794713,0.044539,0.984607,-0.169012,0.810007,0.063430,0.582980),fov=70.000000,dt=0.025437},
	{cf=CFrame.new(-0.803345,0.750355,-1.969884,0.584752,-0.162825,-0.794703,0.044204,0.984589,-0.169204,0.810007,0.063813,0.582938),fov=70.000000,dt=0.024630},
	{cf=CFrame.new(-0.793823,0.748426,-1.975204,0.584781,-0.162797,-0.794687,0.043779,0.984561,-0.169479,0.810009,0.064318,0.582880),fov=70.000000,dt=0.018702},
	{cf=CFrame.new(-0.784424,0.745935,-1.979835,0.584823,-0.162746,-0.794668,0.043196,0.984525,-0.169839,0.810010,0.064999,0.582802),fov=70.000000,dt=0.023526},
	{cf=CFrame.new(-0.776367,0.743687,-1.983297,0.584861,-0.162675,-0.794654,0.042685,0.984498,-0.170122,0.810010,0.065577,0.582738),fov=70.000000,dt=0.022262},
	{cf=CFrame.new(-0.768799,0.741161,-1.986046,0.584898,-0.162654,-0.794631,0.042129,0.984457,-0.170500,0.810012,0.066248,0.582659),fov=70.000000,dt=0.028556},
	{cf=CFrame.new(-0.760376,0.737909,-1.988716,0.584953,-0.162570,-0.794608,0.041359,0.984410,-0.170955,0.810012,0.067136,0.582558),fov=70.000000,dt=0.024408},
	{cf=CFrame.new(-0.751953,0.734285,-1.991084,0.584959,-0.162490,-0.794619,0.040519,0.984357,-0.171462,0.810050,0.068101,0.582393),fov=70.000000,dt=0.020664},
	{cf=CFrame.new(-0.745483,0.730923,-1.992423,0.584996,-0.162410,-0.794609,0.039675,0.984302,-0.171973,0.810066,0.069077,0.582256),fov=70.000000,dt=0.024512},
	{cf=CFrame.new(-0.738647,0.726189,-1.993753,0.584995,-0.162325,-0.794627,0.038625,0.984231,-0.172622,0.810117,0.070290,0.582040),fov=70.000000,dt=0.023929},
	{cf=CFrame.new(-0.732666,0.721315,-1.994689,0.584999,-0.162205,-0.794648,0.037450,0.984154,-0.173318,0.810169,0.071631,0.581804),fov=70.000000,dt=0.023715},
	{cf=CFrame.new(-0.727539,0.715427,-1.995379,0.584937,-0.162121,-0.794711,0.036149,0.984057,-0.174140,0.810272,0.073133,0.581473),fov=70.000000,dt=0.022089},
	{cf=CFrame.new(-0.723755,0.710339,-1.995651,0.584879,-0.162030,-0.794772,0.034952,0.983969,-0.174880,0.810367,0.074505,0.581167),fov=70.000000,dt=0.021434},
	{cf=CFrame.new(-0.720459,0.703833,-1.995777,0.584773,-0.161918,-0.794873,0.033434,0.983855,-0.175817,0.810508,0.076237,0.580745),fov=70.000000,dt=0.026486},
	{cf=CFrame.new(-0.718872,0.697681,-1.996089,0.584671,-0.161794,-0.794973,0.031999,0.983748,-0.176679,0.810639,0.077860,0.580347),fov=70.000000,dt=0.021801},
	{cf=CFrame.new(-0.717896,0.690067,-1.996119,0.584481,-0.161684,-0.795135,0.030272,0.983609,-0.177757,0.810843,0.079825,0.579795),fov=70.000000,dt=0.019891},
	{cf=CFrame.new(-0.750122,0.673611,-1.965429,0.584284,-0.145127,-0.798468,-0.000150,0.983861,-0.178933,0.811550,0.104668,0.574832),fov=70.000000,dt=0.023742},
	{cf=CFrame.new(-0.819336,0.646667,-1.900669,0.581948,-0.110258,-0.805717,-0.062672,0.981739,-0.179612,0.810808,0.155021,0.564411),fov=70.000000,dt=0.025633},
	{cf=CFrame.new(-0.907837,0.616179,-1.821006,0.574680,-0.067258,-0.815610,-0.139392,0.974010,-0.178536,0.806420,0.216290,0.550369),fov=70.000000,dt=0.021652},
	{cf=CFrame.new(-0.945312,0.606131,-1.794345,0.568231,-0.051563,-0.821253,-0.166933,0.970059,-0.176408,0.805759,0.237334,0.542610),fov=70.000000,dt=0.030274},
	{cf=CFrame.new(-0.960449,0.608524,-1.798776,0.562534,-0.046824,-0.825447,-0.170527,0.970356,-0.171257,0.808997,0.237099,0.537874),fov=70.000000,dt=0.020938},
	{cf=CFrame.new(-0.968018,0.616364,-1.813418,0.558886,-0.041771,-0.828192,-0.168603,0.972145,-0.162809,0.811923,0.230627,0.536276),fov=70.000000,dt=0.029746},
	{cf=CFrame.new(-0.971313,0.623747,-1.827778,0.557003,-0.037124,-0.829681,-0.165300,0.974057,-0.154558,0.813895,0.223235,0.536416),fov=70.000000,dt=0.020083},
	{cf=CFrame.new(-0.972412,0.629084,-1.837711,0.556088,-0.033446,-0.830451,-0.162158,0.975621,-0.147877,0.815152,0.216897,0.537107),fov=70.000000,dt=0.016590},
	{cf=CFrame.new(-0.972778,0.632416,-1.843003,0.555611,-0.030524,-0.830882,-0.159388,0.976882,-0.142471,0.816023,0.211591,0.537900),fov=70.000000,dt=0.018709},
	{cf=CFrame.new(-0.972778,0.633749,-1.844035,0.555454,-0.028643,-0.831054,-0.157546,0.977681,-0.138996,0.816487,0.208135,0.538544),fov=70.000000,dt=0.022977},
	{cf=CFrame.new(-0.972778,0.634483,-1.844138,0.555420,-0.026717,-0.831141,-0.155653,0.978478,-0.135470,0.816873,0.204612,0.539308),fov=70.000000,dt=0.022752},
	{cf=CFrame.new(-0.972778,0.635057,-1.844148,0.555508,-0.024985,-0.831136,-0.153954,0.979176,-0.132333,0.817135,0.201469,0.540093),fov=70.000000,dt=0.022493},
	{cf=CFrame.new(-0.972778,0.636013,-1.844150,0.555740,-0.023262,-0.831031,-0.152168,0.979875,-0.129188,0.817311,0.198251,0.541016),fov=70.000000,dt=0.024310},
	{cf=CFrame.new(-0.972290,0.636709,-1.844151,0.556117,-0.022002,-0.830813,-0.150764,0.980394,-0.126879,0.817315,0.195817,0.541897),fov=70.000000,dt=0.021946},
	{cf=CFrame.new(-0.972290,0.637180,-1.844151,0.556716,-0.020823,-0.830442,-0.149272,0.980906,-0.124666,0.817181,0.193365,0.542978),fov=70.000000,dt=0.015999},
	{cf=CFrame.new(-0.972046,0.637426,-1.844151,0.557192,-0.020186,-0.830139,-0.148290,0.981216,-0.123392,0.817036,0.191854,0.543732),fov=70.000000,dt=0.024057},
	{cf=CFrame.new(-0.971802,0.637951,-1.844150,0.557859,-0.019594,-0.829705,-0.147257,0.981522,-0.122189,0.816768,0.190344,0.544665),fov=70.000000,dt=0.020925},
	{cf=CFrame.new(-0.971802,0.638504,-1.844150,0.558589,-0.019217,-0.829222,-0.146223,0.981793,-0.121253,0.816454,0.188982,0.545609),fov=70.000000,dt=0.018399},
	{cf=CFrame.new(-0.971436,0.638659,-1.844149,0.559444,-0.019097,-0.828648,-0.145189,0.982020,-0.120652,0.816053,0.187809,0.546613),fov=70.000000,dt=0.022818},
	{cf=CFrame.new(-0.971069,0.639273,-1.844150,0.560565,-0.019253,-0.827887,-0.143970,0.982239,-0.120326,0.815500,0.186641,0.547837),fov=70.000000,dt=0.022650},
	{cf=CFrame.new(-0.970947,0.639435,-1.844150,0.561541,-0.019535,-0.827218,-0.142958,0.982397,-0.120244,0.815006,0.185779,0.548864),fov=70.000000,dt=0.023026},
	{cf=CFrame.new(-0.970825,0.639851,-1.843749,0.562608,-0.020072,-0.826481,-0.141835,0.982539,-0.120413,0.814467,0.184969,0.549937),fov=70.000000,dt=0.024318},
	{cf=CFrame.new(-0.970581,0.639894,-1.843710,0.563884,-0.020942,-0.825588,-0.140433,0.982688,-0.120844,0.813826,0.184082,0.551181),fov=70.000000,dt=0.020138},
	{cf=CFrame.new(-0.970093,0.640297,-1.843706,0.565070,-0.021941,-0.824751,-0.139091,0.982805,-0.121442,0.813234,0.183339,0.552302),fov=70.000000,dt=0.023065},
	{cf=CFrame.new(-0.969604,0.640337,-1.843606,0.566200,-0.023114,-0.823944,-0.137640,0.982921,-0.122158,0.812695,0.182573,0.553348),fov=70.000000,dt=0.021736},
	{cf=CFrame.new(-0.969360,0.640640,-1.843294,0.567622,-0.024712,-0.822918,-0.135738,0.983061,-0.123149,0.812023,0.181603,0.554653),fov=70.000000,dt=0.020005},
	{cf=CFrame.new(-0.969238,0.640770,-1.843264,0.568862,-0.026275,-0.822013,-0.133942,0.983186,-0.124119,0.811453,0.180709,0.555777),fov=70.000000,dt=0.025595},
	{cf=CFrame.new(-0.968750,0.640783,-1.843162,0.570021,-0.028066,-0.821151,-0.131939,0.983320,-0.125197,0.810967,0.179706,0.556810),fov=70.000000,dt=0.015247},
	{cf=CFrame.new(-0.968506,0.640985,-1.842851,0.571216,-0.030046,-0.820250,-0.129670,0.983477,-0.126326,0.810492,0.178521,0.557882),fov=70.000000,dt=0.021067},
	{cf=CFrame.new(-0.968384,0.641205,-1.842520,0.572367,-0.032231,-0.819364,-0.127144,0.983654,-0.127510,0.810080,0.177160,0.558913),fov=70.000000,dt=0.032499},
	{cf=CFrame.new(-0.967896,0.641230,-1.842386,0.573930,-0.035439,-0.818137,-0.123273,0.983940,-0.129099,0.809573,0.174948,0.560344),fov=70.000000,dt=0.019796},
	{cf=CFrame.new(-0.967529,0.641232,-1.842076,0.575069,-0.038086,-0.817218,-0.119992,0.984186,-0.130305,0.809258,0.172994,0.561405),fov=70.000000,dt=0.017408},
	{cf=CFrame.new(-0.967407,0.641230,-1.841641,0.575941,-0.040357,-0.816494,-0.117126,0.984402,-0.131276,0.809057,0.171240,0.562231),fov=70.000000,dt=0.059226},
	{cf=CFrame.new(-0.966919,0.641630,-1.840899,0.578501,-0.048948,-0.814212,-0.105350,0.985354,-0.134088,0.808850,0.163347,0.564872),fov=70.000000,dt=0.060084},
	{cf=CFrame.new(-0.966431,0.641970,-1.839822,0.580346,-0.058257,-0.812284,-0.091375,0.986481,-0.136035,0.809228,0.153170,0.567177),fov=70.000000,dt=0.034280},
	{cf=CFrame.new(-0.966187,0.642204,-1.838818,0.581201,-0.066310,-0.811054,-0.078155,0.987519,-0.136743,0.809999,0.142863,0.568764),fov=70.000000,dt=0.038890},
	{cf=CFrame.new(-0.966187,0.642527,-1.837915,0.581535,-0.073188,-0.810223,-0.066044,0.988410,-0.136687,0.810837,0.132999,0.569961),fov=70.000000,dt=0.035201},
	{cf=CFrame.new(-0.979248,0.642960,-1.830827,0.580308,-0.080436,-0.810415,-0.050775,0.989601,-0.134579,0.812813,0.119246,0.570189),fov=70.000000,dt=0.033719},
	{cf=CFrame.new(-1.271606,0.643402,-1.691640,0.555637,-0.087848,-0.826771,0.007373,0.994884,-0.100755,0.831393,0.049887,0.553442),fov=70.000000,dt=0.030356},
	{cf=CFrame.new(-1.750488,0.643948,-1.460754,0.514340,-0.089085,-0.852947,0.091478,0.994615,-0.048719,0.852693,-0.052968,0.519720),fov=70.000000,dt=0.032792},
	{cf=CFrame.new(-2.409058,0.644901,-1.133520,0.456772,-0.080747,-0.885912,0.204609,0.978708,0.016291,0.865734,-0.188707,0.463568),fov=70.000000,dt=0.030913},
	{cf=CFrame.new(-2.976074,0.645996,-0.837237,0.407811,-0.066327,-0.910654,0.299877,0.951763,0.064971,0.862418,-0.299580,0.408029),fov=70.000000,dt=0.033285},
	{cf=CFrame.new(-3.417480,0.648106,-0.572845,0.371577,-0.052359,-0.926924,0.370423,0.923857,0.096306,0.851303,-0.379139,0.362679),fov=70.000000,dt=0.034971},
	{cf=CFrame.new(-3.554810,0.651016,-0.416727,0.363402,-0.051234,-0.930222,0.388328,0.915941,0.101258,0.846841,-0.398029,0.352751),fov=70.000000,dt=0.042766},
	{cf=CFrame.new(-3.608887,0.655006,-0.296835,0.364843,-0.054501,-0.929473,0.392258,0.914364,0.100357,0.844407,-0.401208,0.354977),fov=70.000000,dt=0.044933},
	{cf=CFrame.new(-3.647217,0.659906,-0.199858,0.369742,-0.058428,-0.927296,0.394148,0.913635,0.099592,0.841391,-0.402315,0.360839),fov=70.000000,dt=0.042615},
	{cf=CFrame.new(-3.679932,0.666294,-0.116770,0.377764,-0.062950,-0.923760,0.395218,0.913195,0.099391,0.837316,-0.402633,0.369851),fov=70.000000,dt=0.034685},
	{cf=CFrame.new(-3.699219,0.670933,-0.066869,0.385125,-0.066433,-0.920470,0.395622,0.912993,0.099636,0.833763,-0.402531,0.377899),fov=70.000000,dt=0.036921},
	{cf=CFrame.new(-3.715210,0.676296,-0.025684,0.394144,-0.070242,-0.916361,0.395536,0.912975,0.100145,0.829580,-0.401925,0.387626),fov=70.000000,dt=0.036899},
	{cf=CFrame.new(-3.727051,0.681332,0.005229,0.403730,-0.074044,-0.911877,0.395138,0.913074,0.100804,0.825148,-0.401015,0.397893),fov=70.000000,dt=0.042309},
	{cf=CFrame.new(-3.736206,0.686434,0.028918,0.414405,-0.078001,-0.906744,0.394302,0.913343,0.101637,0.820241,-0.399650,0.409250),fov=70.000000,dt=0.034878},
	{cf=CFrame.new(-3.741089,0.690544,0.041685,0.423026,-0.081163,-0.902476,0.393463,0.913635,0.102266,0.816233,-0.398352,0.418425),fov=70.000000,dt=0.033584},
	{cf=CFrame.new(-3.744263,0.693953,0.049862,0.431881,-0.084336,-0.897979,0.392270,0.914087,0.102812,0.812160,-0.396652,0.427859),fov=70.000000,dt=0.038051},
	{cf=CFrame.new(-3.745728,0.696495,0.053779,0.439816,-0.087205,-0.893844,0.390988,0.914597,0.103156,0.808511,-0.394852,0.436351),fov=70.000000,dt=0.043121},
	{cf=CFrame.new(-3.746460,0.697948,0.054971,0.446956,-0.089998,-0.890018,0.389538,0.915225,0.103074,0.805290,-0.392765,0.444122),fov=70.000000,dt=0.035171},
	{cf=CFrame.new(-3.746582,0.697994,0.055091,0.451748,-0.092088,-0.887380,0.388236,0.915831,0.102602,0.803242,-0.390863,0.449476),fov=70.000000,dt=0.039444},
	{cf=CFrame.new(-3.746582,0.696299,0.055303,0.455030,-0.093863,-0.885516,0.387042,0.916431,0.101745,0.801964,-0.389029,0.453332),fov=70.000000,dt=0.035602},
	{cf=CFrame.new(-3.746582,0.693529,0.055522,0.457088,-0.095125,-0.884320,0.385886,0.917021,0.100814,0.801350,-0.387328,0.455867),fov=70.000000,dt=0.035134},
	{cf=CFrame.new(-3.746216,0.689354,0.055841,0.458558,-0.096099,-0.883453,0.384537,0.917702,0.099770,0.801159,-0.385471,0.457773),fov=70.000000,dt=0.037185},
	{cf=CFrame.new(-3.746094,0.684038,0.056374,0.459385,-0.096627,-0.882966,0.383022,0.918444,0.098767,0.801411,-0.383568,0.458929),fov=70.000000,dt=0.035709},
	{cf=CFrame.new(-3.746094,0.678707,0.057226,0.459887,-0.096685,-0.882698,0.381434,0.919182,0.098046,0.801881,-0.381781,0.459599),fov=70.000000,dt=0.032291},
	{cf=CFrame.new(-3.746094,0.672974,0.058111,0.460234,-0.096324,-0.882557,0.379532,0.920026,0.097504,0.802584,-0.379833,0.459985),fov=70.000000,dt=0.033596},
	{cf=CFrame.new(-3.745728,0.667002,0.059602,0.460728,-0.095365,-0.882403,0.377067,0.921057,0.097335,0.803461,-0.377570,0.460316),fov=70.000000,dt=0.029747},
	{cf=CFrame.new(-29.689331,3.931911,14.092676,0.469470,-0.036121,-0.882209,0.257336,0.961383,0.097579,0.844616,-0.272834,0.460636),fov=70.000000,dt=0.064298},
	{cf=CFrame.new(-42.079224,5.543663,20.868504,0.470788,-0.008092,-0.882209,0.199611,0.975004,0.097579,0.859368,-0.222038,0.460636),fov=70.000000,dt=0.028058},
}

local accumulated = 0
local index = 1
local smoothRootCF = root.CFrame

RunService:BindToRenderStep('FollowCinematic', Enum.RenderPriority.Camera.Value + 1, function(dt)

	accumulated += dt

	smoothRootCF = root.CFrame

	while frames[index] and accumulated >= frames[index].dt do

		accumulated -= frames[index].dt

		local f = frames[index]

		camera.CFrame = smoothRootCF * f.cf
		camera.FieldOfView = f.fov

		index += 1

	end

	if not frames[index] then
		RunService:UnbindFromRenderStep('FollowCinematic')
		camera.CameraType = Enum.CameraType.Custom
	end

end)
