local Players = game:GetService('Players')
local RunService = game:GetService('RunService')

local player = Players.LocalPlayer
local camera = workspace.CurrentCamera

local root = player.Character:WaitForChild('HumanoidRootPart')

camera.CameraType = Enum.CameraType.Scriptable

local frames = {
	{cf=CFrame.new(0.096802,4.445225,-10.282593,0.990374,0.037804,-0.133156,-0.000000,0.961982,0.273113,0.138419,-0.270484,0.952722),fov=70.000000,dt=0.074219},
	{cf=CFrame.new(0.359436,4.059967,-16.194214,0.994640,0.028241,-0.099472,-0.000000,0.961982,0.273114,0.103403,-0.271650,0.956825),fov=70.000000,dt=0.047876},
	{cf=CFrame.new(0.567566,4.027319,-18.905762,0.997590,0.018951,-0.066753,0.000000,0.961982,0.273113,0.069391,-0.272455,0.959663),fov=70.000000,dt=0.055874},
	{cf=CFrame.new(0.739380,4.075554,-21.829346,0.997590,0.018952,-0.066753,0.000000,0.961982,0.273113,0.069391,-0.272454,0.959663),fov=70.000000,dt=0.033982},
	{cf=CFrame.new(0.810303,4.113697,-23.000244,0.997590,0.018952,-0.066754,0.000000,0.961982,0.273112,0.069392,-0.272454,0.959663),fov=70.000000,dt=0.025282},
	{cf=CFrame.new(0.822144,4.149063,-23.860352,0.997589,0.018952,-0.066755,0.000000,0.961982,0.273112,0.069393,-0.272453,0.959663),fov=70.000000,dt=0.022711},
	{cf=CFrame.new(0.791199,4.195829,-24.613037,0.997589,0.018952,-0.066755,-0.000000,0.961982,0.273112,0.069393,-0.272453,0.959663),fov=70.000000,dt=0.023512},
	{cf=CFrame.new(0.793030,4.257076,-25.309814,0.997589,0.018952,-0.066756,-0.000000,0.961983,0.273111,0.069394,-0.272453,0.959663),fov=70.000000,dt=0.017781},
	{cf=CFrame.new(0.795471,4.250124,-25.792114,0.997589,0.018952,-0.066756,-0.000000,0.961983,0.273111,0.069394,-0.272453,0.959664),fov=70.000000,dt=0.023863},
	{cf=CFrame.new(0.822266,4.313038,-26.401489,0.997589,0.018952,-0.066756,-0.000000,0.961983,0.273111,0.069395,-0.272453,0.959664),fov=70.000000,dt=0.026767},
	{cf=CFrame.new(0.874268,4.369827,-27.026489,0.997589,0.018952,-0.066756,0.000000,0.961983,0.273111,0.069395,-0.272453,0.959664),fov=70.000000,dt=0.027518},
	{cf=CFrame.new(0.944946,4.442127,-27.601318,0.997589,0.018952,-0.066756,0.000000,0.961983,0.273111,0.069395,-0.272453,0.959664),fov=70.000000,dt=0.033272},
	{cf=CFrame.new(1.054810,4.535360,-28.215454,0.997589,0.018952,-0.066756,0.000000,0.961983,0.273111,0.069395,-0.272452,0.959664),fov=70.000000,dt=0.043284},
	{cf=CFrame.new(1.214111,4.628590,-28.868042,0.997589,0.018952,-0.066756,-0.000000,0.961983,0.273111,0.069395,-0.272452,0.959664),fov=70.000000,dt=0.033638},
	{cf=CFrame.new(1.299805,4.670425,-29.221191,0.997589,0.018952,-0.066756,-0.000000,0.961983,0.273110,0.069395,-0.272452,0.959664),fov=70.000000,dt=0.035978},
	{cf=CFrame.new(1.138977,1.543356,-24.504883,0.981702,-0.137741,0.131486,0.040584,0.825970,0.562251,-0.186048,-0.546626,0.816447),fov=70.000000,dt=0.057964},
	{cf=CFrame.new(-0.200500,4.834414,-22.769043,0.969939,-0.174220,0.169897,0.029470,0.777125,0.628656,-0.241556,-0.604751,0.758898),fov=70.000000,dt=0.025355},
	{cf=CFrame.new(1.521667,3.321039,-24.035767,0.963607,-0.191080,0.186953,0.016726,0.741069,0.671221,-0.266802,-0.643666,0.717295),fov=70.000000,dt=0.021602},
	{cf=CFrame.new(1.033386,1.963463,-23.569702,0.943211,-0.249085,0.219797,0.013934,0.690732,0.722977,-0.331903,-0.678856,0.654977),fov=70.000000,dt=0.046227},
	{cf=CFrame.new(2.663574,4.118120,-22.795776,0.937957,-0.272415,0.214536,0.028250,0.676682,0.735733,-0.345598,-0.684026,0.642395),fov=70.000000,dt=0.034722},
	{cf=CFrame.new(1.483215,2.830248,-22.415283,0.931764,-0.281125,0.229750,0.019443,0.670535,0.741623,-0.362545,-0.686551,0.630246),fov=70.000000,dt=0.032895},
	{cf=CFrame.new(1.382141,2.232744,-22.425903,0.930728,-0.296041,0.214723,0.037978,0.662201,0.748363,-0.363736,-0.688368,0.627571),fov=70.000000,dt=0.023946},
	{cf=CFrame.new(1.550720,2.267172,-22.503296,0.930078,-0.292083,0.222805,0.021320,0.648395,0.761006,-0.366742,-0.703045,0.609285),fov=70.000000,dt=0.035177},
	{cf=CFrame.new(1.538269,2.567106,-22.375244,0.931764,-0.287081,0.222262,0.017364,0.646718,0.762531,-0.362649,-0.706640,0.607574),fov=70.000000,dt=0.025791},
	{cf=CFrame.new(1.481628,2.606205,-22.323120,0.934164,-0.283172,0.217143,0.020110,0.649319,0.760251,-0.356276,-0.705832,0.612265),fov=70.000000,dt=0.030136},
	{cf=CFrame.new(1.505371,2.531328,-22.322388,0.932839,-0.279304,0.227599,0.013720,0.658783,0.752208,-0.360033,-0.698566,0.618371),fov=70.000000,dt=0.015316},
	{cf=CFrame.new(1.604858,2.379702,-22.393555,0.919717,-0.286400,0.268508,-0.006741,0.672329,0.740222,-0.392525,-0.682604,0.616422),fov=70.000000,dt=0.032402},
	{cf=CFrame.new(1.624084,2.283722,-22.457642,0.914398,-0.288817,0.283658,-0.014768,0.676440,0.736349,-0.404548,-0.677505,0.614270),fov=70.000000,dt=0.022575},
	{cf=CFrame.new(1.698425,2.049646,-22.557861,0.901757,-0.277824,0.331132,-0.044486,0.702357,0.710433,-0.429948,-0.655369,0.620996),fov=70.000000,dt=0.029566},
	{cf=CFrame.new(1.886169,1.784134,-22.684570,0.860718,-0.281258,0.424332,-0.082088,0.745939,0.660936,-0.502419,-0.603712,0.618956),fov=70.000000,dt=0.024972},
	{cf=CFrame.new(2.244751,1.414459,-22.901367,0.750359,-0.289793,0.594123,-0.124372,0.820838,0.557455,-0.649225,-0.492184,0.579881),fov=70.000000,dt=0.021252},
	{cf=CFrame.new(2.470276,1.065762,-23.172852,0.612343,-0.271229,0.742611,-0.142446,0.886086,0.441090,-0.777654,-0.375880,0.503953),fov=70.000000,dt=0.023226},
	{cf=CFrame.new(2.569885,0.831932,-23.425171,0.477505,-0.246322,0.843394,-0.123613,0.931517,0.342046,-0.869890,-0.267583,0.414356),fov=70.000000,dt=0.023201},
	{cf=CFrame.new(2.635925,0.776470,-23.527466,0.386551,-0.240144,0.890454,-0.078902,0.953354,0.291359,-0.918887,-0.182883,0.349573),fov=70.000000,dt=0.017308},
	{cf=CFrame.new(2.685059,0.610798,-23.764160,0.257680,-0.139822,0.956060,-0.092661,0.981338,0.168493,-0.961777,-0.132006,0.239915),fov=70.000000,dt=0.027572},
	{cf=CFrame.new(2.610413,0.479946,-23.888672,0.199496,-0.093846,0.975394,-0.096640,0.988666,0.114889,-0.975121,-0.117182,0.188166),fov=70.000000,dt=0.015604},
	{cf=CFrame.new(2.562134,0.565266,-23.939087,0.165816,-0.118222,0.979045,-0.038862,0.991234,0.126276,-0.985391,-0.058986,0.159768),fov=70.000000,dt=0.025253},
	{cf=CFrame.new(2.480713,0.401369,-24.019775,0.083642,-0.052473,0.995113,-0.014243,0.998448,0.053846,-0.996394,-0.018677,0.082765),fov=70.000000,dt=0.018406},
	{cf=CFrame.new(2.448547,0.371593,-24.145996,0.018054,0.043114,0.998907,0.016520,0.998921,-0.043413,-0.999701,0.017285,0.017322),fov=70.000000,dt=0.035692},
	{cf=CFrame.new(2.447632,0.364687,-24.163574,0.016701,0.055637,0.998311,0.038177,0.997687,-0.056241,-0.999131,0.039051,0.014538),fov=70.000000,dt=0.019582},
	{cf=CFrame.new(2.347534,0.504328,-24.123413,0.003023,0.031360,0.999504,0.006912,0.999484,-0.031380,-0.999972,0.007003,0.002804),fov=70.000000,dt=0.024806},
	{cf=CFrame.new(2.384949,0.450062,-24.172241,-0.005061,0.023690,0.999707,0.003356,0.999714,-0.023673,-0.999982,0.003235,-0.005139),fov=70.000000,dt=0.020072},
	{cf=CFrame.new(2.418701,0.427319,-24.223022,-0.014021,0.020022,0.999701,0.009235,0.999759,-0.019894,-0.999859,0.008953,-0.014203),fov=70.000000,dt=0.025233},
	{cf=CFrame.new(2.386780,0.463730,-24.170776,-0.020811,0.019499,0.999593,0.008869,0.999774,-0.019318,-0.999744,0.008464,-0.020979),fov=70.000000,dt=0.015653},
	{cf=CFrame.new(2.372070,0.492163,-24.141357,-0.028962,0.022694,0.999323,-0.000281,0.999742,-0.022711,-0.999581,-0.000939,-0.028948),fov=70.000000,dt=0.018221},
	{cf=CFrame.new(2.387756,0.450438,-24.221802,-0.038506,0.026325,0.998911,-0.010902,0.999582,-0.026763,-0.999199,-0.011920,-0.038203),fov=70.000000,dt=0.017347},
	{cf=CFrame.new(2.379944,0.400776,-24.240845,-0.045236,0.015765,0.998852,-0.006779,0.999848,-0.016088,-0.998953,-0.007499,-0.045122),fov=70.000000,dt=0.026288},
	{cf=CFrame.new(2.421326,0.499763,-24.245361,-0.045970,-0.005042,0.998930,0.003543,0.999980,0.005210,-0.998936,0.003779,-0.045951),fov=70.000000,dt=0.019772},
	{cf=CFrame.new(2.421875,0.543285,-24.235718,-0.046305,-0.020492,0.998717,0.010504,0.999724,0.021000,-0.998872,0.011463,-0.046077),fov=70.000000,dt=0.015151},
	{cf=CFrame.new(2.420349,0.521112,-24.225830,-0.042900,-0.026315,0.998733,0.007243,0.999619,0.026650,-0.999053,0.008377,-0.042693),fov=70.000000,dt=0.026896},
	{cf=CFrame.new(2.424194,0.527107,-24.267578,-0.039824,-0.031446,0.998712,0.004437,0.999489,0.031648,-0.999197,0.005692,-0.039664),fov=70.000000,dt=0.021302},
	{cf=CFrame.new(2.474670,0.537062,-24.245361,-0.042188,-0.037788,0.998395,0.001155,0.999282,0.037870,-0.999109,0.002750,-0.042114),fov=70.000000,dt=0.025890},
	{cf=CFrame.new(2.461487,0.578493,-24.250366,-0.044168,-0.043458,0.998078,-0.001815,0.999055,0.043420,-0.999022,0.000106,-0.044205),fov=70.000000,dt=0.021479},
	{cf=CFrame.new(2.526306,0.546276,-24.265747,-0.049338,-0.054298,0.997305,0.005674,0.998490,0.054643,-0.998766,0.008355,-0.048955),fov=70.000000,dt=0.028436},
	{cf=CFrame.new(2.480164,0.536303,-24.294922,-0.052753,-0.060965,0.996745,0.010895,0.998040,0.061621,-0.998548,0.014110,-0.051986),fov=70.000000,dt=0.014910},
	{cf=CFrame.new(2.561279,0.607662,-24.278442,-0.062929,-0.073281,0.995324,0.009399,0.997213,0.074014,-0.997974,0.014012,-0.062065),fov=70.000000,dt=0.021661},
	{cf=CFrame.new(2.523132,0.677521,-24.328735,-0.081594,-0.093663,0.992255,-0.000057,0.995575,0.093972,-0.996666,0.007611,-0.081238),fov=70.000000,dt=0.023518},
	{cf=CFrame.new(2.596130,0.642204,-24.327026,-0.089485,-0.113593,0.989489,-0.004987,0.993514,0.113604,-0.995976,0.005231,-0.089471),fov=70.000000,dt=0.024049},
	{cf=CFrame.new(2.605774,0.625706,-24.287842,-0.085984,-0.126471,0.988237,-0.004189,0.991947,0.126581,-0.996288,0.006745,-0.085821),fov=70.000000,dt=0.016870},
	{cf=CFrame.new(2.610168,0.696213,-24.339111,-0.083024,-0.137156,0.987064,-0.003290,0.990516,0.137359,-0.996542,0.008157,-0.082688),fov=70.000000,dt=0.014815},
	{cf=CFrame.new(2.621887,0.764517,-24.383423,-0.089393,-0.149251,0.984750,-0.000681,0.988718,0.149790,-0.995996,0.012720,-0.088486),fov=70.000000,dt=0.018660},
	{cf=CFrame.new(2.663696,0.781979,-24.395508,-0.105719,-0.160493,0.981359,0.003267,0.986828,0.161739,-0.994391,0.020305,-0.103802),fov=70.000000,dt=0.024553},
	{cf=CFrame.new(2.649353,0.726444,-24.407959,-0.124556,-0.167448,0.977981,0.003523,0.985576,0.169197,-0.992206,0.024520,-0.122169),fov=70.000000,dt=0.028921},
	{cf=CFrame.new(2.707397,0.765255,-24.424805,-0.132372,-0.170440,0.976436,-0.000400,0.985114,0.171901,-0.991200,0.022365,-0.130470),fov=70.000000,dt=0.020471},
	{cf=CFrame.new(2.670898,0.758728,-24.480591,-0.140531,-0.175280,0.974437,-0.003170,0.984279,0.176593,-0.990071,0.021728,-0.138878),fov=70.000000,dt=0.019006},
	{cf=CFrame.new(2.711853,0.782001,-24.497192,-0.153613,-0.193403,0.969019,0.001081,0.980625,0.195891,-0.988131,0.031138,-0.150427),fov=70.000000,dt=0.021776},
	{cf=CFrame.new(2.726196,0.855387,-24.505615,-0.165787,-0.206762,0.964243,0.004961,0.977586,0.210476,-0.986149,0.039678,-0.161045),fov=70.000000,dt=0.018644},
	{cf=CFrame.new(2.729492,0.903238,-24.513916,-0.169637,-0.209649,0.962949,0.005987,0.976873,0.213736,-0.985488,0.042023,-0.164458),fov=70.000000,dt=0.020929},
	{cf=CFrame.new(2.748291,0.859226,-24.520386,-0.170026,-0.208989,0.963024,0.005941,0.977018,0.213074,-0.985422,0.041949,-0.164877),fov=70.000000,dt=0.020496},
	{cf=CFrame.new(2.807312,0.818779,-24.547852,-0.170282,-0.208570,0.963070,0.005888,0.977110,0.212652,-0.985378,0.041882,-0.165156),fov=70.000000,dt=0.016219},
	{cf=CFrame.new(2.799744,0.822153,-24.595337,-0.188124,-0.211072,0.959197,0.004626,0.976433,0.215772,-0.982134,0.045029,-0.182714),fov=70.000000,dt=0.018349},
	{cf=CFrame.new(2.785522,0.867767,-24.605469,-0.210414,-0.210941,0.954584,0.002824,0.976309,0.216364,-0.977608,0.048221,-0.204833),fov=70.000000,dt=0.027664},
	{cf=CFrame.new(2.787109,0.865294,-24.573364,-0.220461,-0.212182,0.952038,0.002551,0.975924,0.218097,-0.975393,0.050510,-0.214612),fov=70.000000,dt=0.024267},
	{cf=CFrame.new(2.814514,0.873716,-24.657349,-0.230384,-0.210080,0.950152,-0.003046,0.976569,0.215182,-0.973095,0.046681,-0.225625),fov=70.000000,dt=0.045052},
	{cf=CFrame.new(2.835022,0.853212,-24.680420,-0.229058,-0.204831,0.951618,-0.007622,0.977957,0.208665,-0.973383,0.040543,-0.225570),fov=70.000000,dt=0.014714},
	{cf=CFrame.new(2.822998,0.858538,-24.646484,-0.227518,-0.198623,0.953302,-0.013153,0.979514,0.200945,-0.973685,0.033180,-0.225469),fov=70.000000,dt=0.016504},
	{cf=CFrame.new(2.826904,0.844393,-24.615356,-0.229857,-0.192593,0.953978,-0.009436,0.980619,0.195698,-0.973179,0.035981,-0.227219),fov=70.000000,dt=0.018835},
	{cf=CFrame.new(2.837341,0.818039,-24.641846,-0.232346,-0.187631,0.954364,-0.004892,0.981429,0.191762,-0.972621,0.039887,-0.228949),fov=70.000000,dt=0.017644},
	{cf=CFrame.new(2.858032,0.839319,-24.688721,-0.234804,-0.182538,0.954750,-0.000322,0.982224,0.187712,-0.972043,0.043768,-0.230689),fov=70.000000,dt=0.015823},
	{cf=CFrame.new(2.890930,0.866682,-24.766968,-0.256814,-0.179703,0.949607,0.003274,0.982394,0.186793,-0.966455,0.051080,-0.251704),fov=70.000000,dt=0.024596},
	{cf=CFrame.new(2.862793,0.829931,-24.772461,-0.284920,-0.172191,0.942958,0.005616,0.983416,0.181276,-0.958535,0.056945,-0.279228),fov=70.000000,dt=0.021424},
	{cf=CFrame.new(2.915405,0.808472,-24.751099,-0.295099,-0.161547,0.941711,0.002792,0.985453,0.169926,-0.955463,0.052774,-0.290355),fov=70.000000,dt=0.021235},
	{cf=CFrame.new(2.947510,0.750963,-24.754028,-0.308617,-0.142408,0.940466,-0.003553,0.988895,0.148575,-0.951180,0.042511,-0.305696),fov=70.000000,dt=0.031697},
	{cf=CFrame.new(2.972229,0.782541,-24.811523,-0.336361,-0.139842,0.931293,-0.013068,0.989511,0.143864,-0.941643,0.036220,-0.334660),fov=70.000000,dt=0.027629},
	{cf=CFrame.new(3.026428,0.807205,-24.889648,-0.371983,-0.129450,0.919169,-0.019713,0.991106,0.131604,-0.928030,0.030835,-0.371227),fov=70.000000,dt=0.026188},
	{cf=CFrame.new(3.104492,0.720469,-24.932007,-0.412787,-0.098739,0.905460,-0.011994,0.994610,0.102992,-0.910749,0.031654,-0.411746),fov=70.000000,dt=0.020599},
	{cf=CFrame.new(3.190552,0.637188,-24.992798,-0.457666,-0.063014,0.886889,-0.001651,0.997544,0.070024,-0.889123,0.030583,-0.456646),fov=70.000000,dt=0.021993},
	{cf=CFrame.new(3.322937,0.590130,-25.116577,-0.496787,-0.035592,0.867142,-0.001740,0.999198,0.040015,-0.867871,0.018371,-0.496451),fov=70.259262,dt=0.023795},
	{cf=CFrame.new(3.389221,0.739496,-25.365356,-0.524521,-0.017435,0.851219,-0.003968,0.999829,0.018034,-0.851388,0.006082,-0.524501),fov=70.518517,dt=0.020450},
	{cf=CFrame.new(3.550476,0.087475,-25.479614,-0.587760,0.020925,0.808765,-0.000314,0.999659,-0.026093,-0.809035,-0.015590,-0.587554),fov=70.925926,dt=0.030320},
	{cf=CFrame.new(3.323792,0.256382,-25.738403,-0.657759,0.064697,0.750445,0.011488,0.997050,-0.075888,-0.753141,-0.041295,-0.656562),fov=71.333336,dt=0.031278},
	{cf=CFrame.new(4.075378,0.193596,-25.798462,-0.648721,0.083278,0.756456,0.021345,0.995595,-0.091299,-0.760727,-0.043081,-0.647641),fov=71.740738,dt=0.028824},
	{cf=CFrame.new(3.969788,0.198866,-25.912231,-0.644469,0.091583,0.759126,0.025248,0.994809,-0.098583,-0.764214,-0.044367,-0.643435),fov=71.925926,dt=0.013941},
	{cf=CFrame.new(3.838806,-0.013134,-25.852905,-0.710165,0.070832,0.700463,-0.003875,0.994518,-0.104496,-0.704025,-0.076924,-0.705997),fov=72.259262,dt=0.026393},
	{cf=CFrame.new(3.506104,0.166275,-26.466919,-0.795623,0.031659,0.604965,-0.044883,0.992808,-0.110985,-0.604127,-0.115455,-0.788480),fov=72.629631,dt=0.026981},
	{cf=CFrame.new(3.508606,-0.464642,-26.891235,-0.817081,0.057914,0.573607,-0.031500,0.988971,-0.144723,-0.575662,-0.136319,-0.806245),fov=72.851852,dt=0.016229},
	{cf=CFrame.new(3.298279,-0.644291,-26.912598,-0.834672,0.098942,0.541787,-0.007106,0.981714,-0.190231,-0.550701,-0.162630,-0.818706),fov=73.111115,dt=0.020796},
	{cf=CFrame.new(3.443665,-0.508738,-27.061279,-0.853845,0.117713,0.507043,0.009235,0.977367,-0.211350,-0.520446,-0.175777,-0.835607),fov=73.518517,dt=0.028810},
	{cf=CFrame.new(3.558167,-0.122828,-27.058350,-0.863192,0.092357,0.496357,0.001908,0.983716,-0.179722,-0.504873,-0.154187,-0.849312),fov=73.851852,dt=0.026576},
	{cf=CFrame.new(3.484314,-0.133303,-27.366455,-0.880555,0.070311,0.468700,-0.008586,0.986406,-0.164105,-0.473866,-0.148527,-0.867981),fov=74.259262,dt=0.029865},
	{cf=CFrame.new(3.368347,-0.229452,-27.502441,-0.893398,0.062661,0.444875,-0.010594,0.987012,-0.160297,-0.449142,-0.147922,-0.881131),fov=74.592590,dt=0.023938},
	{cf=CFrame.new(3.267639,-0.208006,-27.592651,-0.905378,0.062411,0.419994,-0.002767,0.988250,-0.152819,-0.424597,-0.139521,-0.894568),fov=74.962959,dt=0.029493},
	{cf=CFrame.new(3.078735,-0.157808,-27.742432,-0.922836,0.056751,0.380990,0.001160,0.989492,-0.144583,-0.385192,-0.132985,-0.913204),fov=75.259254,dt=0.022485},
	{cf=CFrame.new(3.042114,-0.088961,-27.788452,-0.927912,0.039535,0.370696,-0.013498,0.990146,-0.139388,-0.372554,-0.134343,-0.918235),fov=75.592590,dt=0.023508},
	{cf=CFrame.new(2.990112,-0.028532,-27.799194,-0.931388,0.030058,0.362785,-0.020749,0.990582,-0.135343,-0.363437,-0.133584,-0.921992),fov=75.851852,dt=0.019185},
	{cf=CFrame.new(2.818481,0.025930,-27.866577,-0.942547,0.038222,0.331879,-0.004943,0.991729,-0.128254,-0.334037,-0.122526,-0.934562),fov=76.148155,dt=0.021586},
	{cf=CFrame.new(2.755981,0.062290,-27.866333,-0.944867,0.040684,0.324918,0.000950,0.992588,-0.121523,-0.327454,-0.114514,-0.937902),fov=76.370369,dt=0.018339},
	{cf=CFrame.new(2.707520,0.134800,-27.814819,-0.944233,0.041685,0.326629,0.005223,0.993726,-0.111721,-0.329237,-0.103785,-0.938526),fov=76.666664,dt=0.021449},
	{cf=CFrame.new(2.629944,0.297411,-27.759155,-0.945588,0.026577,0.324280,-0.002762,0.995967,-0.089682,-0.325355,-0.085698,-0.941701),fov=76.925926,dt=0.018897},
	{cf=CFrame.new(2.546875,0.427397,-27.718506,-0.947963,0.015146,0.318021,-0.007994,0.997421,-0.071332,-0.318281,-0.070163,-0.945397),fov=77.185188,dt=0.020140},
	{cf=CFrame.new(2.442139,0.472164,-27.716919,-0.952458,0.012930,0.304396,-0.006793,0.997949,-0.063646,-0.304595,-0.062688,-0.950417),fov=77.407417,dt=0.016163},
	{cf=CFrame.new(2.326294,0.512419,-27.675049,-0.955703,0.011000,0.294129,-0.005880,0.998388,-0.056444,-0.294276,-0.055674,-0.954098),fov=77.666664,dt=0.021243},
	{cf=CFrame.new(2.202332,0.548201,-27.552124,-0.956649,0.009717,0.291082,-0.005279,0.998701,-0.050689,-0.291196,-0.050028,-0.955354),fov=77.962959,dt=0.020037},
	{cf=CFrame.new(2.157349,0.639658,-27.404053,-0.953441,0.003957,0.301554,-0.007369,0.999310,-0.036414,-0.301490,-0.036941,-0.952754),fov=78.222221,dt=0.019893},
	{cf=CFrame.new(2.020630,0.690710,-27.277954,-0.952583,-0.001803,0.304275,-0.008261,0.999767,-0.019941,-0.304168,-0.021509,-0.952376),fov=78.481483,dt=0.019607},
	{cf=CFrame.new(1.900391,0.725716,-27.166748,-0.951681,-0.007350,0.307001,-0.008852,0.999955,-0.003501,-0.306962,-0.006049,-0.951703),fov=78.740738,dt=0.019563},
	{cf=CFrame.new(1.783203,0.755791,-27.054199,-0.950738,-0.012614,0.309739,-0.009040,0.999875,0.012973,-0.309864,0.009534,-0.950733),fov=79.000000,dt=0.018641},
	{cf=CFrame.new(1.630249,0.797235,-26.890625,-0.949526,-0.019112,0.313104,-0.008838,0.999376,0.034202,-0.313562,0.029709,-0.949103),fov=79.333336,dt=0.026261},
	{cf=CFrame.new(1.484375,0.831345,-26.710327,-0.948264,-0.025575,0.316453,-0.008662,0.998463,0.054739,-0.317367,0.049166,-0.947028),fov=78.296295,dt=0.023172},
	{cf=CFrame.new(1.255676,0.844645,-26.415405,-0.945803,-0.037820,0.322531,-0.009134,0.995901,0.089993,-0.324612,0.082170,-0.942271),fov=71.370369,dt=0.028404},
	{cf=CFrame.new(1.145142,0.838890,-26.244629,-0.944417,-0.044019,0.325789,-0.008675,0.993987,0.109155,-0.328635,0.100261,-0.939120),fov=67.592590,dt=0.018963},
	{cf=CFrame.new(1.036011,0.826797,-26.082275,-0.943020,-0.049876,0.328978,-0.007694,0.991706,0.128297,-0.332649,0.118455,-0.935582),fov=63.148140,dt=0.014626},
	{cf=CFrame.new(0.927856,0.808466,-25.921631,-0.941552,-0.055459,0.332271,-0.006292,0.989078,0.147257,-0.336809,0.136559,-0.931617),fov=55.370373,dt=0.016520},
	{cf=CFrame.new(0.766235,0.776117,-25.686890,-0.943817,-0.058295,0.325287,-0.001904,0.985261,0.171045,-0.330464,0.160815,-0.930017),fov=45.000000,dt=0.022614},
	{cf=CFrame.new(0.578491,0.739176,-25.415161,-0.952642,-0.053407,0.299367,0.005358,0.981356,0.192123,-0.304047,0.184629,-0.934595),fov=34.629631,dt=0.022160},
	{cf=CFrame.new(0.434143,0.702085,-25.170410,-0.959800,-0.047764,0.276591,0.011909,0.977598,0.210144,-0.280432,0.204990,-0.937730),fov=25.555555,dt=0.018836},
	{cf=CFrame.new(0.307922,0.657919,-24.909424,-0.966429,-0.040700,0.253691,0.018765,0.973556,0.227675,-0.256249,0.224792,-0.940109),fov=25.028936,dt=0.019978},
	{cf=CFrame.new(0.228638,0.623175,-24.716431,-0.970815,-0.035108,0.237248,0.023541,0.970501,0.239945,-0.238673,0.238527,-0.941350),fov=24.577549,dt=0.016915},
	{cf=CFrame.new(1.190125,-2.637386,-0.012207,0.979102,-0.006702,0.203260,0.007037,0.999975,-0.000926,-0.203248,0.002337,0.979124),fov=24.126158,dt=0.016661},
	{cf=CFrame.new(1.364319,-2.584948,0.253540,0.971402,-0.002994,0.237421,0.006090,0.999906,-0.012308,-0.237362,0.013402,0.971329),fov=26.041666,dt=0.019112},
	{cf=CFrame.new(1.643738,-2.520290,0.609497,0.958337,0.003003,0.285625,0.005394,0.999576,-0.028608,-0.285590,0.028957,0.957914),fov=37.500000,dt=0.027676},
	{cf=CFrame.new(1.907776,-2.473368,0.910645,0.945943,0.008741,0.324214,0.005166,0.999104,-0.042011,-0.324290,0.041415,0.945051),fov=47.812500,dt=0.024962},
	{cf=CFrame.new(2.042786,-2.450363,1.082520,0.939994,0.011687,0.340990,0.005058,0.998826,-0.048178,-0.341153,0.047012,0.938832),fov=52.413948,dt=0.016040},
	{cf=CFrame.new(2.309875,-2.417545,1.424683,0.928570,0.017173,0.370759,0.005141,0.998238,-0.059112,-0.371121,0.056796,0.926846),fov=57.651718,dt=0.023327},
	{cf=CFrame.new(2.509033,-2.401472,1.656372,0.920409,0.021067,0.390388,0.005343,0.997776,-0.066442,-0.390919,0.063240,0.918250),fov=61.143570,dt=0.017307},
	{cf=CFrame.new(2.751465,-2.388105,1.926514,0.910346,0.025818,0.413042,0.005754,0.997166,-0.075013,-0.413808,0.070664,0.907618),fov=65.217392,dt=0.019739},
	{cf=CFrame.new(3.201721,-2.372915,2.488892,0.893694,0.034263,0.447367,0.006237,0.996035,-0.088743,-0.448634,0.082099,0.889937),fov=65.471016,dt=0.037658},
	{cf=CFrame.new(3.379761,-2.370174,2.745483,0.887861,0.037564,0.458575,0.006234,0.995588,-0.093624,-0.460069,0.085983,0.883710),fov=65.579712,dt=0.016241},
	{cf=CFrame.new(3.499573,-2.369150,2.909912,0.883885,0.039850,0.466004,0.006212,0.995275,-0.096892,-0.467663,0.088536,0.879461),fov=65.652176,dt=0.013018},
	{cf=CFrame.new(3.591980,-2.345064,2.960815,0.876973,0.043758,0.478543,0.006345,0.994704,-0.102583,-0.480498,0.092999,0.872051),fov=65.778984,dt=0.018397},
	{cf=CFrame.new(3.680664,-2.326025,3.015625,0.870380,0.048146,0.490022,0.006304,0.994037,-0.108865,-0.492341,0.097843,0.864886),fov=65.923912,dt=0.021373},
	{cf=CFrame.new(3.735779,-2.313927,3.048584,0.866140,0.051017,0.497192,0.006230,0.993598,-0.112806,-0.499763,0.100803,0.860276),fov=66.014496,dt=0.016380},
	{cf=CFrame.new(3.827881,-2.295181,3.097290,0.859260,0.055537,0.508515,0.006356,0.992853,-0.119173,-0.511499,0.105632,0.852766),fov=66.159424,dt=0.020873},
	{cf=CFrame.new(3.886841,-2.282736,3.125854,0.854889,0.058388,0.515515,0.006450,0.992374,-0.123093,-0.518771,0.108556,0.847993),fov=66.250000,dt=0.015268},
	{cf=CFrame.new(3.994263,-2.263691,3.176270,0.846857,0.063607,0.528003,0.006662,0.991475,-0.130125,-0.531779,0.113714,0.839214),fov=66.413040,dt=0.023339},
	{cf=CFrame.new(4.036255,-2.254028,3.184692,0.842817,0.066971,0.534018,0.006625,0.990862,-0.134719,-0.538160,0.117081,0.834671),fov=66.521736,dt=0.015814},
	{cf=CFrame.new(4.077332,-2.245735,3.192261,0.838721,0.070361,0.539996,0.006624,0.990226,-0.139314,-0.544520,0.120422,0.830058),fov=66.630432,dt=0.017427},
	{cf=CFrame.new(4.128052,-2.236607,3.202026,0.833666,0.074454,0.547227,0.006696,0.989435,-0.144821,-0.552228,0.124397,0.824360),fov=66.775360,dt=0.023274},
	{cf=CFrame.new(4.174805,-2.230488,3.216064,0.829503,0.077687,0.553072,0.006724,0.988817,-0.148980,-0.558461,0.127298,0.819705),fov=66.938408,dt=0.024450},
	{cf=CFrame.new(4.204590,-2.227266,3.224243,0.826632,0.079836,0.557051,0.006798,0.988397,-0.151743,-0.562702,0.129223,0.816498),fov=67.047104,dt=0.017390},
	{cf=CFrame.new(4.239258,-2.223015,3.233643,0.823317,0.082441,0.561563,0.006850,0.987880,-0.155071,-0.567541,0.131519,0.812773),fov=67.173912,dt=0.017352},
	{cf=CFrame.new(4.260132,-2.215034,3.222778,0.819969,0.085035,0.566057,0.006897,0.987364,-0.158316,-0.572367,0.133718,0.809022),fov=67.300728,dt=0.019553},
	{cf=CFrame.new(4.281067,-2.204752,3.206909,0.816507,0.087604,0.570650,0.005607,0.987171,-0.159569,-0.577308,0.133489,0.805541),fov=67.409424,dt=0.016701},
	{cf=CFrame.new(4.338318,-2.170923,3.138672,0.808216,0.093496,0.581417,-0.005705,0.988513,-0.151028,-0.588859,0.118746,0.799465),fov=67.554344,dt=0.024688},
	{cf=CFrame.new(4.343872,-2.059975,3.121338,0.799235,0.099396,0.592743,-0.017081,0.989588,-0.142909,-0.600776,0.104093,0.792611),fov=67.735504,dt=0.025476},
	{cf=CFrame.new(4.547119,-2.408030,2.951416,0.804831,0.094909,0.585866,-0.004679,0.988115,-0.153644,-0.593485,0.120916,0.795710),fov=67.880432,dt=0.023240},
	{cf=CFrame.new(4.259705,-2.073351,3.267456,0.809595,0.090867,0.579913,0.006093,0.986591,-0.163097,-0.586957,0.135576,0.798186),fov=68.007248,dt=0.020074},
	{cf=CFrame.new(4.044067,-2.004208,3.457031,0.809049,0.082375,0.581940,0.020384,0.985601,-0.167854,-0.587388,0.147664,0.795720),fov=68.188416,dt=0.026144},
	{cf=CFrame.new(4.394226,-2.141453,3.175781,0.807318,0.075919,0.585213,0.030317,0.985044,-0.169612,-0.589338,0.154673,0.792942),fov=68.315216,dt=0.020869},
	{cf=CFrame.new(4.496704,-2.012297,3.130981,0.806173,0.078595,0.586437,0.027614,0.985060,-0.169981,-0.591036,0.153228,0.791958),fov=68.423912,dt=0.017187},
	{cf=CFrame.new(4.431824,-2.023909,3.179199,0.805397,0.087441,0.586250,0.016199,0.985442,-0.169236,-0.592514,0.145799,0.792256),fov=68.514488,dt=0.012749},
	{cf=CFrame.new(4.401367,-2.125481,3.192139,0.804246,0.096925,0.586339,0.005770,0.985291,-0.170789,-0.594269,0.140740,0.791857),fov=68.695648,dt=0.026974},
	{cf=CFrame.new(4.398926,-2.226423,3.185181,0.803579,0.100107,0.586719,0.004079,0.984805,-0.173616,-0.595184,0.141907,0.790960),fov=68.840584,dt=0.022761},
	{cf=CFrame.new(4.405029,-2.250273,3.183228,0.802973,0.101932,0.587235,0.003478,0.984449,-0.175636,-0.596006,0.143073,0.790131),fov=68.931160,dt=0.013982},
	{cf=CFrame.new(4.417969,-2.246531,3.181274,0.801602,0.103389,0.588850,0.004335,0.983903,-0.178653,-0.597842,0.145761,0.788251),fov=69.021736,dt=0.015286},
	{cf=CFrame.new(4.436401,-2.238642,3.178955,0.799683,0.105326,0.591112,0.005694,0.983119,-0.182877,-0.600395,0.149610,0.785584),fov=69.148552,dt=0.018876},
	{cf=CFrame.new(4.447937,-2.238525,3.177612,0.798515,0.106581,0.592464,0.006178,0.982699,-0.185108,-0.601943,0.151471,0.784042),fov=69.257248,dt=0.016186},
	{cf=CFrame.new(4.443787,-2.212763,3.188721,0.799964,0.105020,0.590787,0.003732,0.983675,-0.179915,-0.600037,0.146130,0.786513),fov=69.384048,dt=0.018372},
	{cf=CFrame.new(4.438904,-2.183100,3.201172,0.801560,0.103374,0.588910,0.000868,0.984739,-0.174037,-0.597914,0.140012,0.789237),fov=69.528984,dt=0.022051},
	{cf=CFrame.new(4.438782,-2.179258,3.210327,0.802157,0.102412,0.588265,0.001849,0.984751,-0.173958,-0.597110,0.140629,0.789736),fov=69.637680,dt=0.017982},
	{cf=CFrame.new(4.440308,-2.184671,3.219360,0.802459,0.101722,0.587972,0.004266,0.984359,-0.176121,-0.596692,0.143838,0.789474),fov=69.746376,dt=0.017310},
	{cf=CFrame.new(4.442139,-2.191015,3.229858,0.802776,0.100866,0.587688,0.007171,0.983884,-0.178662,-0.596238,0.147640,0.789115),fov=69.873192,dt=0.019364},
	{cf=CFrame.new(4.450684,-2.144897,3.215942,0.801047,0.096386,0.590791,0.007108,0.985350,-0.170395,-0.598559,0.140693,0.788627),fov=69.981888,dt=0.014889},
	{cf=CFrame.new(0.718872,-0.431448,-2.011841,-0.941686,0.099220,0.321534,0.000022,0.955557,-0.294805,-0.336495,-0.277606,-0.899837),fov=70.000000,dt=0.021273},
	{cf=CFrame.new(0.683533,-0.409479,-2.027344,-0.947583,0.092873,0.305713,0.000152,0.956953,-0.290244,-0.319509,-0.274984,-0.906806),fov=70.000000,dt=0.022743},
	{cf=CFrame.new(0.656921,-0.392990,-2.038574,-0.951789,0.088111,0.293827,0.000145,0.957988,-0.286807,-0.306754,-0.272937,-0.911815),fov=70.000000,dt=0.015359},
	{cf=CFrame.new(0.630127,-0.376492,-2.049438,-0.955844,0.083370,0.281802,0.000100,0.959008,-0.283380,-0.293876,-0.270839,-0.916670),fov=70.000000,dt=0.015744},
	{cf=CFrame.new(0.603149,-0.359987,-2.059814,-0.959717,0.078736,0.269712,0.000102,0.960031,-0.279893,-0.280970,-0.268590,-0.921366),fov=70.000000,dt=0.016499},
	{cf=CFrame.new(0.577454,-0.341988,-2.069824,-0.963226,0.074162,0.258254,0.000027,0.961181,-0.275918,-0.268692,-0.265764,-0.925837),fov=70.000000,dt=0.019324},
	{cf=CFrame.new(0.554443,-0.320995,-2.079468,-0.966231,0.069999,0.247988,0.000204,0.962604,-0.270914,-0.257678,-0.261714,-0.930112),fov=70.000000,dt=0.015994},
	{cf=CFrame.new(0.531311,-0.299982,-2.088745,-0.969132,0.065788,0.237605,0.000248,0.964000,-0.265901,-0.246545,-0.257634,-0.934260),fov=70.000000,dt=0.015072},
	{cf=CFrame.new(0.512024,-0.282457,-2.096191,-0.971440,0.062386,0.228939,0.000310,0.965151,-0.261692,-0.237287,-0.254147,-0.937606),fov=70.000000,dt=0.015583},
	{cf=CFrame.new(0.488647,-0.261414,-2.104858,-0.974082,0.058278,0.218561,0.000230,0.966495,-0.256685,-0.226197,-0.249982,-0.941459),fov=70.000000,dt=0.015926},
	{cf=CFrame.new(0.465210,-0.240356,-2.113159,-0.976614,0.054207,0.208057,0.000101,0.967810,-0.251681,-0.215002,-0.245774,-0.945182),fov=70.000000,dt=0.017668},
	{cf=CFrame.new(0.443054,-0.217587,-2.121338,-0.978890,0.050268,0.198111,0.000002,0.969286,-0.245937,-0.204389,-0.240745,-0.948824),fov=70.000000,dt=0.018687},
	{cf=CFrame.new(0.435364,-0.201939,-2.125610,-0.979661,0.048496,0.194710,0.000094,0.970467,-0.241235,-0.200659,-0.236310,-0.950733),fov=70.000000,dt=0.015098},
	{cf=CFrame.new(0.427612,-0.186275,-2.129761,-0.980437,0.046652,0.191223,0.000085,0.971606,-0.236606,-0.196832,-0.231961,-0.952602),fov=70.000000,dt=0.016985},
	{cf=CFrame.new(0.421143,-0.173214,-2.133179,-0.981059,0.045235,0.188355,0.000155,0.972535,-0.232755,-0.193710,-0.228317,-0.954122),fov=70.000000,dt=0.014461},
	{cf=CFrame.new(0.410828,-0.152298,-2.138550,-0.982041,0.042877,0.183731,0.000151,0.974012,-0.226495,-0.188668,-0.222399,-0.956527),fov=70.000000,dt=0.022402},
	{cf=CFrame.new(0.403870,-0.138666,-2.141968,-0.982686,0.041376,0.180602,0.000132,0.974903,-0.222630,-0.185280,-0.218752,-0.958029),fov=70.000000,dt=0.015997},
	{cf=CFrame.new(0.397888,-0.127087,-2.144653,-0.983221,0.040176,0.177940,0.000149,0.975623,-0.219454,-0.182419,-0.215745,-0.959259),fov=70.000000,dt=0.016198},
	{cf=CFrame.new(0.392822,-0.117434,-2.146973,-0.983669,0.039170,0.175677,0.000140,0.976199,-0.216876,-0.179990,-0.213309,-0.960262),fov=70.000000,dt=0.014980},
	{cf=CFrame.new(0.386658,-0.105846,-2.149536,-0.984203,0.037977,0.172922,0.000149,0.976900,-0.213697,-0.177043,-0.210296,-0.961474),fov=70.000000,dt=0.016692},
	{cf=CFrame.new(0.381653,-0.096189,-2.151855,-0.984637,0.036984,0.170652,0.000125,0.977461,-0.211117,-0.174613,-0.207852,-0.962449),fov=70.000000,dt=0.013433},
	{cf=CFrame.new(0.374451,-0.082661,-2.154785,-0.985233,0.035547,0.167492,0.000035,0.978253,-0.207415,-0.171222,-0.204346,-0.963808),fov=70.000000,dt=0.018839},
	{cf=CFrame.new(0.358154,-0.053783,-2.160645,-0.986540,0.032849,0.160188,0.000018,0.979636,-0.200782,-0.163521,-0.198077,-0.966450),fov=70.000000,dt=0.060021},
	{cf=CFrame.new(0.351685,-0.042585,-2.162964,-0.987037,0.031842,0.157303,0.000006,0.980128,-0.198368,-0.160494,-0.195796,-0.967422),fov=70.000000,dt=0.024148},
	{cf=CFrame.new(0.348816,-0.037607,-2.163940,-0.987262,0.031361,0.155986,-0.000023,0.980354,-0.197246,-0.159107,-0.194737,-0.967865),fov=70.000000,dt=0.011977},
	{cf=CFrame.new(0.347473,-0.025446,-2.166260,-0.987378,0.030486,0.155423,0.000004,0.981304,-0.192463,-0.158384,-0.190033,-0.968918),fov=70.000000,dt=0.015760},
	{cf=CFrame.new(0.345825,-0.011242,-2.169067,-0.987535,0.029445,0.154621,0.000027,0.982378,-0.186905,-0.157399,-0.184571,-0.970134),fov=70.000000,dt=0.020478},
	{cf=CFrame.new(0.344238,0.002974,-2.171631,-0.987678,0.028416,0.153899,0.000036,0.983420,-0.181343,-0.156500,-0.179103,-0.971303),fov=70.000000,dt=0.017990},
	{cf=CFrame.new(0.342529,0.017204,-2.174072,-0.987820,0.027391,0.153172,0.000041,0.984430,-0.175777,-0.155602,-0.173630,-0.972440),fov=70.000000,dt=0.019511},
	{cf=CFrame.new(0.341919,0.023304,-2.175293,-0.987876,0.027003,0.152880,0.000089,0.984855,-0.173382,-0.155246,-0.171267,-0.972916),fov=70.000000,dt=0.010322},
	{cf=CFrame.new(0.340210,0.037552,-2.177612,-0.988017,0.025892,0.152155,0.000006,0.985835,-0.167718,-0.154343,-0.165708,-0.974022),fov=70.000000,dt=0.018470},
	{cf=CFrame.new(0.338989,0.049839,-2.179688,-0.988116,0.025038,0.151658,0.000009,0.986654,-0.162830,-0.153710,-0.160894,-0.974929),fov=70.000000,dt=0.017242},
	{cf=CFrame.new(0.338928,0.062464,-2.181641,-0.988148,0.024187,0.151588,0.000008,0.987517,-0.157513,-0.153506,-0.155645,-0.975813),fov=70.000000,dt=0.014550},
	{cf=CFrame.new(0.338867,0.077204,-2.183960,-0.988180,0.023185,0.151532,-0.000014,0.988483,-0.151333,-0.153295,-0.149546,-0.976799),fov=70.000000,dt=0.020151},
	{cf=CFrame.new(0.338806,0.087742,-2.185425,-0.988198,0.022500,0.151523,-0.000012,0.989143,-0.146954,-0.153184,-0.145222,-0.977469),fov=70.000000,dt=0.015281},
	{cf=CFrame.new(0.338623,0.100395,-2.187134,-0.988229,0.021651,0.151443,-0.000016,0.989920,-0.141627,-0.152983,-0.139962,-0.978267),fov=70.000000,dt=0.016341},
	{cf=CFrame.new(0.338562,0.115170,-2.189087,-0.988261,0.020644,0.151375,-0.000035,0.990798,-0.135350,-0.152776,-0.133767,-0.979166),fov=70.000000,dt=0.017677},
	{cf=CFrame.new(0.339111,0.130156,-2.191040,-0.988240,0.019647,0.151646,-0.000065,0.991658,-0.128898,-0.152913,-0.127392,-0.979994),fov=70.000000,dt=0.019533},
	{cf=CFrame.new(0.340271,0.143240,-2.192505,-0.988178,0.018797,0.152157,-0.000070,0.992401,-0.123048,-0.153314,-0.121604,-0.980667),fov=70.000000,dt=0.017358},
	{cf=CFrame.new(0.341492,0.156334,-2.193970,-0.988102,0.017948,0.152750,-0.000078,0.993109,-0.117194,-0.153800,-0.115811,-0.981292),fov=70.000000,dt=0.016929},
	{cf=CFrame.new(0.342651,0.169434,-2.195312,-0.988039,0.017092,0.153253,-0.000078,0.993783,-0.111337,-0.154203,-0.110017,-0.981895),fov=70.000000,dt=0.016671},
	{cf=CFrame.new(0.343933,0.182549,-2.196533,-0.987962,0.016323,0.153834,0.000005,0.994421,-0.105484,-0.154697,-0.104214,-0.982450),fov=70.000000,dt=0.016362},
	{cf=CFrame.new(0.345276,0.197855,-2.197876,-0.987886,0.015306,0.154427,-0.000006,0.995120,-0.098672,-0.155184,-0.097478,-0.983065),fov=70.000000,dt=0.018842},
	{cf=CFrame.new(0.345825,0.204418,-2.198486,-0.987861,0.014829,0.154633,-0.000044,0.995407,-0.095736,-0.155342,-0.094581,-0.983323),fov=70.064102,dt=0.010866},
	{cf=CFrame.new(0.347778,0.226309,-2.200195,-0.987744,0.013417,0.155502,-0.000004,0.996296,-0.085988,-0.156080,-0.084935,-0.984086),fov=70.705132,dt=0.025114},
	{cf=CFrame.new(0.424805,0.270012,-2.184937,-0.982046,0.009062,0.188422,-0.004252,0.997528,-0.070135,-0.188592,-0.069677,-0.979581),fov=71.153847,dt=0.020432},
	{cf=CFrame.new(0.488342,0.304884,-2.169800,-0.976489,0.005098,0.215506,-0.007500,0.998312,-0.057597,-0.215435,-0.057859,-0.974802),fov=71.474358,dt=0.014839},
	{cf=CFrame.new(0.576599,0.353994,-2.145630,-0.967447,-0.000923,0.253071,-0.011404,0.999137,-0.039952,-0.252815,-0.041537,-0.966622),fov=72.307693,dt=0.017497},
	{cf=CFrame.new(0.651306,0.396376,-2.121704,-0.958532,-0.006522,0.284911,-0.014149,0.999594,-0.024719,-0.284634,-0.027725,-0.958235),fov=73.076920,dt=0.017957},
	{cf=CFrame.new(0.712830,0.431860,-2.099365,-0.950319,-0.011638,0.311060,-0.016150,0.999798,-0.011935,-0.310858,-0.016365,-0.950315),fov=73.717949,dt=0.014669},
	{cf=CFrame.new(0.785828,0.474569,-2.070312,-0.939473,-0.018066,0.342146,-0.017976,0.999833,0.003434,-0.342151,-0.002924,-0.939641),fov=74.487190,dt=0.015208},
	{cf=CFrame.new(0.857788,0.517395,-2.038574,-0.927614,-0.025022,0.372702,-0.019383,0.999634,0.018871,-0.373037,0.010281,-0.927760),fov=75.256409,dt=0.017580},
	{cf=CFrame.new(1.152405,0.585691,-1.592773,-0.885725,-0.042324,0.462276,-0.026398,0.998816,0.040870,-0.463459,0.023997,-0.885794),fov=76.025642,dt=0.015528},
	{cf=CFrame.new(1.425415,0.647938,-1.135254,-0.838003,-0.059502,0.542412,-0.031495,0.997654,0.060784,-0.544757,0.033854,-0.837911),fov=76.371788,dt=0.014963},
	{cf=CFrame.new(1.738403,0.723579,-0.565552,-0.770956,-0.081080,0.631707,-0.035001,0.995758,0.085091,-0.635926,0.043491,-0.770523),fov=76.698723,dt=0.015482},
	{cf=CFrame.new(2.032166,0.799664,0.026733,-0.694067,-0.103580,0.712420,-0.035771,0.993335,0.109574,-0.719021,0.050568,-0.693146),fov=77.025635,dt=0.018832},
	{cf=CFrame.new(2.348633,0.888067,0.742065,-0.593185,-0.130660,0.794393,-0.033140,0.989869,0.138065,-0.804384,0.055572,-0.591505),fov=77.407051,dt=0.019695},
	{cf=CFrame.new(2.391541,0.865252,1.290894,-0.552156,-0.137706,0.822290,-0.041459,0.989581,0.137883,-0.832709,0.042042,-0.552112),fov=77.288460,dt=0.025318},
	{cf=CFrame.new(2.390198,0.845808,1.538940,-0.537627,-0.139362,0.831586,-0.046547,0.989648,0.135759,-0.841897,0.034280,-0.538549),fov=77.044868,dt=0.014973},
	{cf=CFrame.new(2.387939,0.822727,1.837158,-0.520004,-0.141071,0.842434,-0.052671,0.989686,0.133217,-0.852538,0.024902,-0.522071),fov=76.487183,dt=0.015844},
	{cf=CFrame.new(2.382446,0.784826,2.335449,-0.490112,-0.143483,0.859769,-0.062985,0.989610,0.129246,-0.869381,0.009193,-0.494057),fov=75.557693,dt=0.029802},
	{cf=CFrame.new(2.345032,0.683414,2.827759,-0.445123,-0.107141,0.889037,-0.050981,0.994238,0.094294,-0.894017,-0.003352,-0.448021),fov=74.000000,dt=0.038236},
	{cf=CFrame.new(2.275818,0.541506,3.167969,-0.395727,-0.040919,0.917456,-0.021382,0.999147,0.035340,-0.918119,-0.005632,-0.396264),fov=72.250000,dt=0.039623},
	{cf=CFrame.new(2.213684,0.354235,3.432861,-0.356756,0.023870,0.933893,-0.006382,0.999588,-0.027988,-0.934176,-0.015945,-0.356457),fov=71.009262,dt=0.042570},
	{cf=CFrame.new(2.186157,0.197729,3.538330,-0.342922,0.064390,0.937154,-0.007420,0.997431,-0.071246,-0.939335,-0.031385,-0.341563),fov=71.064812,dt=0.034824},
	{cf=CFrame.new(2.151489,0.028580,3.654297,-0.327855,0.108260,0.938505,-0.009278,0.992996,-0.117787,-0.944683,-0.047324,-0.324554),fov=71.388885,dt=0.034354},
	{cf=CFrame.new(2.359802,-0.115124,3.714111,-0.329621,0.128778,0.935290,-0.007474,0.990267,-0.138982,-0.944084,-0.052802,-0.325451),fov=72.777786,dt=0.037714},
	{cf=CFrame.new(2.563171,-0.214012,3.758789,-0.331280,0.136545,0.933600,-0.006067,0.989144,-0.146821,-0.943513,-0.054303,-0.326855),fov=74.166664,dt=0.027026},
	{cf=CFrame.new(2.640869,-0.244823,3.807739,-0.324894,0.135285,0.936025,-0.007220,0.989333,-0.145496,-0.945723,-0.054028,-0.320451),fov=74.861122,dt=0.013417},
	{cf=CFrame.new(2.734253,-0.281576,3.867432,-0.317295,0.133731,0.938851,-0.008685,0.989556,-0.143888,-0.948287,-0.053809,-0.312819),fov=75.740738,dt=0.018097},
	{cf=CFrame.new(2.843445,-0.324156,3.938477,-0.308344,0.132025,0.942069,-0.010327,0.989799,-0.142094,-0.951219,-0.053542,-0.303835),fov=77.037041,dt=0.018854},
	{cf=CFrame.new(2.974426,-0.348473,4.106079,-0.280341,0.118958,0.952501,-0.015890,0.991580,-0.128516,-0.959769,-0.051164,-0.276091),fov=78.009262,dt=0.029436},
	{cf=CFrame.new(3.044373,-0.316874,4.246460,-0.254976,0.102241,0.961527,-0.019667,0.993640,-0.110871,-0.966747,-0.047180,-0.251344),fov=78.207672,dt=0.018686},
	{cf=CFrame.new(3.111328,-0.285135,4.387329,-0.229529,0.085360,0.969552,-0.022918,0.995397,-0.093061,-0.973032,-0.043581,-0.226516),fov=78.406082,dt=0.016496},
	{cf=CFrame.new(3.165100,-0.258623,4.504883,-0.207993,0.071194,0.975536,-0.025363,0.996620,-0.078140,-0.977801,-0.040995,-0.205485),fov=78.571426,dt=0.013342},
	{cf=CFrame.new(3.238281,-0.215456,4.675781,-0.176738,0.049904,0.982992,-0.028070,0.998052,-0.055715,-0.983858,-0.037440,-0.174993),fov=77.738106,dt=0.017720},
