-- Hello there
local Players = game:GetService('Players')
local RunService = game:GetService('RunService')

local player = Players.LocalPlayer
local camera = workspace.CurrentCamera

local root = player.Character:WaitForChild('HumanoidRootPart')

camera.CameraType = Enum.CameraType.Scriptable

local frames = {
	{cf=CFrame.new(-13.792969,13.065429,-0.991455,0.951430,0.281060,0.125642,-0.299997,0.938068,0.173293,-0.069155,-0.202568,0.976823),fov=53.622131,dt=0.059055},
	{cf=CFrame.new(-5.601562,7.767147,-0.881104,0.804549,0.146186,0.575613,-0.199299,0.979485,0.029809,-0.559447,-0.138702,0.817179),fov=48.391926,dt=0.036561},
	{cf=CFrame.new(-2.031250,5.453222,-0.892334,0.658564,0.102985,0.745445,-0.130030,0.991264,-0.022071,-0.741206,-0.082395,0.666202),fov=46.063110,dt=0.026022},
	{cf=CFrame.new(0.128906,4.034058,-0.856934,0.538819,0.090765,0.837517,-0.080638,0.995171,-0.055972,-0.838553,-0.037377,0.543536),fov=44.458462,dt=0.023092},
	{cf=CFrame.new(1.917969,2.779886,-0.662598,0.409062,0.095351,0.907512,-0.032518,0.995417,-0.089929,-0.911928,0.007276,0.410288),fov=43.284824,dt=0.028396},
	{cf=CFrame.new(2.839844,1.954409,-0.230469,0.015696,0.117348,0.992967,0.118897,0.985824,-0.118384,-0.992782,0.119919,0.001521),fov=43.381981,dt=0.022108},
	{cf=CFrame.new(3.582031,1.181028,0.255615,0.018268,0.148965,0.988674,0.124495,0.980804,-0.150080,-0.992052,0.125826,-0.000628),fov=44.937450,dt=0.025387},
	{cf=CFrame.new(4.085938,0.490850,0.786865,0.019285,0.181027,0.983289,0.138822,0.973461,-0.181940,-0.990130,0.140011,-0.006357),fov=52.143127,dt=0.025563},
	{cf=CFrame.new(4.367188,-0.130963,1.304443,0.035698,0.194777,0.980198,0.175878,0.964290,-0.198021,-0.983765,0.179464,0.000166),fov=57.141403,dt=0.020486},
	{cf=CFrame.new(4.503906,-0.441439,1.551514,0.050004,0.175013,0.983295,0.218758,0.958701,-0.181761,-0.974497,0.224193,0.009654),fov=62.405087,dt=0.012094},
	{cf=CFrame.new(4.628906,-0.787818,1.861572,0.064954,0.119704,0.990683,0.299009,0.944828,-0.133768,-0.952037,0.304912,0.025578),fov=66.719353,dt=0.013748},
	{cf=CFrame.new(4.789062,-1.074026,2.152832,0.076053,0.067114,0.994843,0.363159,0.927339,-0.090323,-0.928618,0.368156,0.046154),fov=68.502480,dt=0.023733},
	{cf=CFrame.new(4.925781,-1.209385,2.552490,0.073261,0.058889,0.995573,0.352264,0.932383,-0.081073,-0.933029,0.356643,0.047563),fov=67.401276,dt=0.023802},
	{cf=CFrame.new(5.000000,-1.234924,2.790527,0.055854,0.087424,0.994604,0.269742,0.957795,-0.099336,-0.961312,0.273834,0.029915),fov=65.088097,dt=0.014171},
	{cf=CFrame.new(5.273438,-1.256927,3.416260,0.038770,0.112212,0.992928,0.122425,0.985655,-0.116171,-0.991720,0.126063,0.024476),fov=69.972572,dt=0.055303},
	{cf=CFrame.new(5.675781,-1.176886,4.030762,0.042543,0.112883,0.992697,0.026156,0.993130,-0.114053,-0.998752,0.030817,0.039299),fov=69.969582,dt=0.080390},
	{cf=CFrame.new(6.015625,-1.018452,4.396973,0.045147,0.113100,0.992557,-0.030049,0.993275,-0.111815,-0.998528,-0.024777,0.048242),fov=75.647812,dt=0.050336},
	{cf=CFrame.new(6.398438,-0.834882,4.645508,0.050276,0.113287,0.992289,-0.068098,0.991622,-0.109761,-0.996411,-0.062054,0.057570),fov=75.648354,dt=0.059463},
	{cf=CFrame.new(6.640625,-0.716715,4.743408,0.054250,0.113486,0.992057,-0.083175,0.990581,-0.108769,-0.995057,-0.076614,0.063178),fov=75.648453,dt=0.042966},
	{cf=CFrame.new(6.824219,-0.620066,4.802002,0.057714,0.113750,0.991832,-0.091672,0.989894,-0.108193,-0.994115,-0.084679,0.067559),fov=75.648453,dt=0.029490},
	{cf=CFrame.new(6.949219,-0.555106,4.829346,0.060094,0.114029,0.991658,-0.095636,0.989541,-0.107990,-0.993601,-0.088348,0.070371),fov=75.648453,dt=0.030734},
	{cf=CFrame.new(7.054688,-0.495024,4.842773,0.062251,0.114448,0.991477,-0.098202,0.989286,-0.108029,-0.993218,-0.090640,0.072823),fov=75.648499,dt=0.037981},
	{cf=CFrame.new(7.117188,-0.457604,4.847168,0.063460,0.114923,0.991345,-0.099356,0.989140,-0.108308,-0.993026,-0.091622,0.074189),fov=75.648621,dt=0.030171},
	{cf=CFrame.new(7.140625,-0.435687,4.852051,0.063303,0.115813,0.991252,-0.099945,0.988986,-0.109166,-0.992977,-0.092160,0.074181),fov=75.648888,dt=0.032210},
	{cf=CFrame.new(7.136719,-0.430020,4.875732,0.055283,0.119694,0.991270,-0.098032,0.988643,-0.113909,-0.993647,-0.090879,0.066389),fov=75.649353,dt=0.034436},
	{cf=CFrame.new(7.136719,-0.416790,4.979736,0.049011,0.124443,0.991016,-0.098369,0.987986,-0.119197,-0.993942,-0.091644,0.060663),fov=75.650055,dt=0.024930},
	{cf=CFrame.new(3.152344,0.050567,6.893555,0.056249,0.113016,0.992000,-0.123554,0.986724,-0.105409,-0.990742,-0.116636,0.069466),fov=75.651024,dt=0.031589},
	{cf=CFrame.new(3.125000,0.226613,7.003418,0.073323,0.083327,0.993821,-0.170143,0.982940,-0.069862,-0.982688,-0.163969,0.086250),fov=75.651642,dt=0.029211},
	{cf=CFrame.new(3.105469,0.336594,7.028564,0.096699,0.045948,0.994253,-0.225432,0.973986,-0.023087,-0.969448,-0.221903,0.104541),fov=82.533447,dt=0.027102},
	{cf=CFrame.new(3.101562,0.367707,7.030518,0.107648,0.029667,0.993746,-0.248995,0.968503,-0.001941,-0.962504,-0.247229,0.111645),fov=78.849892,dt=0.015785},
	{cf=CFrame.new(3.101562,0.400612,7.039551,0.125561,0.004619,0.992075,-0.284771,0.958075,0.031581,-0.950337,-0.286480,0.121612),fov=73.901749,dt=0.019424},
	{cf=CFrame.new(3.093750,0.417385,7.077393,0.141040,-0.015674,0.989880,-0.313434,0.947734,0.059665,-0.939078,-0.318677,0.128756),fov=68.571815,dt=0.020065},
	{cf=CFrame.new(3.085938,0.423403,7.164551,0.151750,-0.029049,0.987992,-0.332159,0.939938,0.078654,-0.930936,-0.340106,0.132987),fov=59.053768,dt=0.023265},
	{cf=CFrame.new(3.066406,0.396129,7.361572,0.146613,-0.024258,0.988896,-0.308496,0.948719,0.069010,-0.939859,-0.315188,0.131611),fov=55.445927,dt=0.022506},
	{cf=CFrame.new(3.019531,0.136278,7.714844,0.079797,0.142609,0.986557,-0.127059,0.983095,-0.131832,-0.988680,-0.114831,0.096568),fov=52.767086,dt=0.022064},
	{cf=CFrame.new(2.968750,-0.086174,7.801270,0.069053,0.229655,0.970819,-0.094816,0.970248,-0.222776,-0.993097,-0.076665,0.088773),fov=50.486755,dt=0.032722},
	{cf=CFrame.new(2.968750,-0.089140,7.801270,0.073051,0.194762,0.978126,-0.095667,0.977593,-0.187511,-0.992729,-0.079877,0.090046),fov=72.487457,dt=0.010176},
	{cf=CFrame.new(2.968750,-0.093002,7.801270,0.076797,0.169423,0.982547,-0.096255,0.982114,-0.161825,-0.992390,-0.082148,0.091731),fov=78.052483,dt=0.019875},
	{cf=CFrame.new(2.968750,-0.095746,7.801270,0.077673,0.172871,0.981877,-0.096356,0.981543,-0.165190,-0.992312,-0.081779,0.092897),fov=76.974922,dt=0.024211},
	{cf=CFrame.new(2.968750,-0.098834,7.801270,0.078352,0.177936,0.980918,-0.096470,0.980678,-0.170187,-0.992247,-0.081294,0.094004),fov=76.651115,dt=0.033777},
	{cf=CFrame.new(2.968750,-0.101220,7.801270,0.078417,0.179883,0.980557,-0.096573,0.980331,-0.172118,-0.992232,-0.081199,0.094246),fov=76.380623,dt=0.026878},
	{cf=CFrame.new(2.968750,-0.102991,7.801270,0.078387,0.180958,0.980362,-0.096824,0.980121,-0.173172,-0.992210,-0.081349,0.094350),fov=76.061050,dt=0.035886},
	{cf=CFrame.new(2.968750,-0.104362,7.801270,0.078320,0.181618,0.980245,-0.097188,0.979973,-0.173803,-0.992180,-0.081656,0.094403),fov=76.097633,dt=0.025453},
	{cf=CFrame.new(2.968750,-0.105115,7.801270,0.078262,0.181910,0.980196,-0.097456,0.979898,-0.174073,-0.992158,-0.081903,0.094417),fov=76.190842,dt=0.037234},
	{cf=CFrame.new(2.968750,-0.105566,7.801270,0.078228,0.182148,0.980154,-0.097555,0.979847,-0.174305,-0.992151,-0.081984,0.094421),fov=76.315765,dt=0.029547},
	{cf=CFrame.new(2.968750,-0.105731,7.801270,0.078264,0.182552,0.980076,-0.097283,0.979798,-0.174732,-0.992175,-0.081669,0.094442),fov=76.447357,dt=0.029389},
	{cf=CFrame.new(2.968750,-0.105755,7.801270,0.078384,0.183269,0.979933,-0.096599,0.979728,-0.175504,-0.992232,-0.080903,0.094499),fov=76.560310,dt=0.031888},
	{cf=CFrame.new(2.941406,-0.096709,7.805420,0.080412,0.182417,0.979927,-0.090948,0.980353,-0.175033,-0.992604,-0.075048,0.095423),fov=76.629059,dt=0.034013},
	{cf=CFrame.new(2.886719,-0.071930,7.817627,0.085883,0.179687,0.979968,-0.075773,0.981931,-0.173406,-0.993420,-0.059363,0.097946),fov=76.638847,dt=0.027668},
	{cf=CFrame.new(2.750000,-0.017782,7.840332,0.097692,0.173413,0.979992,-0.042497,0.984531,-0.169980,-0.994309,-0.025041,0.103550),fov=75.550316,dt=0.033529},
	{cf=CFrame.new(2.441406,0.110199,7.895264,0.124899,0.156960,0.979675,0.036383,0.986018,-0.162615,-0.991502,0.055954,0.117442),fov=72.219345,dt=0.028642},
	{cf=CFrame.new(2.273438,0.179433,7.929932,0.141857,0.123574,0.982144,0.087513,0.986727,-0.136791,-0.986011,0.105355,0.129160),fov=66.268669,dt=0.027250},
	{cf=CFrame.new(2.269531,0.179744,7.931885,0.143072,0.095268,0.985116,0.084497,0.990546,-0.108065,-0.986099,0.098700,0.133669),fov=61.776894,dt=0.024147},
	{cf=CFrame.new(2.273438,0.179994,7.935059,0.143191,0.083998,0.986124,0.081122,0.992043,-0.096282,-0.986365,0.093783,0.135237),fov=51.942032,dt=0.020767},
	{cf=CFrame.new(2.273438,0.180184,7.935059,0.142755,0.085899,0.986023,0.079579,0.992005,-0.097941,-0.986554,0.092448,0.134778),fov=58.518852,dt=0.019741},
	{cf=CFrame.new(2.269531,0.180413,7.937012,0.141711,0.091745,0.985647,0.074503,0.991883,-0.103037,-0.987100,0.088035,0.133726),fov=49.408356,dt=0.017072},
	{cf=CFrame.new(2.269531,0.180590,7.940186,0.141116,0.096967,0.985233,0.069575,0.991760,-0.107574,-0.987545,0.083728,0.133207),fov=51.662167,dt=0.020033},
	{cf=CFrame.new(2.269531,0.180758,7.940186,0.140770,0.101715,0.984804,0.064814,0.991628,-0.111684,-0.987918,0.079551,0.132998),fov=50.353703,dt=0.019442},
	{cf=CFrame.new(2.269531,0.180921,7.940186,0.140439,0.105942,0.984405,0.060501,0.991482,-0.115335,-0.988239,0.075755,0.132833),fov=50.553703,dt=0.018249},
	{cf=CFrame.new(2.265625,0.181117,7.942139,0.140054,0.110526,0.983956,0.055713,0.991296,-0.119280,-0.988575,0.071525,0.132678),fov=50.537819,dt=0.016981},
	{cf=CFrame.new(2.265625,0.181304,7.942139,0.139704,0.114431,0.983559,0.051512,0.991115,-0.122626,-0.988853,0.067797,0.132568),fov=50.537853,dt=0.020667},
	{cf=CFrame.new(2.269531,0.181482,7.945312,0.139390,0.117710,0.983217,0.047857,0.990949,-0.125420,-0.989080,0.064536,0.132495),fov=50.537930,dt=0.017646},
	{cf=CFrame.new(2.269531,0.181651,7.945312,0.139123,0.120329,0.982937,0.044779,0.990810,-0.127631,-0.989262,0.061772,0.132456),fov=50.538265,dt=0.021667},
	{cf=CFrame.new(2.269531,0.181810,7.945312,0.138894,0.122444,0.982708,0.042148,0.990697,-0.129397,-0.989410,0.059392,0.132441),fov=50.538498,dt=0.021137},
	{cf=CFrame.new(2.269531,0.181963,7.945312,0.138702,0.124107,0.982527,0.039920,0.990610,-0.130763,-0.989529,0.057359,0.132445),fov=50.538784,dt=0.022077},
	{cf=CFrame.new(2.269531,0.182106,7.945312,0.138543,0.125370,0.982389,0.038051,0.990549,-0.131777,-0.989625,0.055638,0.132463),fov=50.539505,dt=0.024159},
	{cf=CFrame.new(2.269531,0.182241,7.945312,0.138421,0.126236,0.982295,0.036545,0.990517,-0.132443,-0.989699,0.054231,0.132495),fov=50.539921,dt=0.017528},
	{cf=CFrame.new(2.265625,0.182394,7.949219,0.138308,0.126915,0.982224,0.035075,0.990505,-0.132924,-0.989768,0.052836,0.132543),fov=50.540382,dt=0.023700},
	{cf=CFrame.new(2.265625,0.182536,7.949219,0.138226,0.127271,0.982189,0.033917,0.990519,-0.133123,-0.989820,0.051714,0.132599),fov=50.541409,dt=0.029326},
	{cf=CFrame.new(2.265625,0.182667,7.949219,0.138167,0.127401,0.982181,0.032989,0.990550,-0.133127,-0.989859,0.050795,0.132658),fov=50.541977,dt=0.019394},
	{cf=CFrame.new(2.265625,0.182791,7.949219,0.138122,0.127408,0.982186,0.032208,0.990589,-0.133027,-0.989891,0.050008,0.132718),fov=50.543198,dt=0.029159},
	{cf=CFrame.new(2.265625,0.182883,7.949219,0.138097,0.127372,0.982194,0.031624,0.990623,-0.132911,-0.989914,0.049416,0.132775),fov=50.543861,dt=0.022495},
	{cf=CFrame.new(2.265625,0.182989,7.949219,0.138087,0.127299,0.982205,0.030983,0.990665,-0.132751,-0.989935,0.048763,0.132854),fov=50.545250,dt=0.025001},
	{cf=CFrame.new(2.265625,0.183083,7.949219,0.138098,0.127192,0.982217,0.030414,0.990707,-0.132568,-0.989951,0.048181,0.132947),fov=50.545979,dt=0.023124},
	{cf=CFrame.new(2.265625,0.183170,7.949219,0.138126,0.127064,0.982230,0.029897,0.990749,-0.132370,-0.989963,0.047650,0.133050),fov=50.547489,dt=0.027719},
	{cf=CFrame.new(2.265625,0.183250,7.949219,0.138172,0.126914,0.982243,0.029440,0.990791,-0.132160,-0.989971,0.047178,0.133164),fov=50.548271,dt=0.023949},
	{cf=CFrame.new(2.265625,0.183311,7.949219,0.138221,0.126779,0.982253,0.029093,0.990825,-0.131979,-0.989974,0.046819,0.133265),fov=50.549072,dt=0.019989},
	{cf=CFrame.new(2.265625,0.183375,7.949219,0.138291,0.126607,0.982266,0.028716,0.990866,-0.131758,-0.989975,0.046428,0.133392),fov=50.550697,dt=0.025621},
	{cf=CFrame.new(2.265625,0.183433,7.949219,0.138372,0.126431,0.982277,0.028377,0.990905,-0.131539,-0.989974,0.046075,0.133526),fov=50.551521,dt=0.021438},
	{cf=CFrame.new(2.265625,0.183486,7.949219,0.138462,0.126255,0.982287,0.028069,0.990942,-0.131325,-0.989970,0.045756,0.133664),fov=50.553188,dt=0.025712},
	{cf=CFrame.new(2.265625,0.183531,7.952393,0.138560,0.126086,0.982295,0.027789,0.990977,-0.131120,-0.989964,0.045465,0.133806),fov=50.554031,dt=0.027278},
	{cf=CFrame.new(2.265625,0.183577,7.952393,0.138680,0.125902,0.982302,0.027487,0.991015,-0.130899,-0.989956,0.045154,0.133973),fov=50.555706,dt=0.023641},
	{cf=CFrame.new(2.265625,0.183611,7.952393,0.138786,0.125762,0.982305,0.027244,0.991044,-0.130730,-0.989947,0.044905,0.134117),fov=50.556538,dt=0.025856},
	{cf=CFrame.new(2.265625,0.183644,7.952393,0.138912,0.125629,0.982304,0.026971,0.991073,-0.130564,-0.989937,0.044631,0.134284),fov=50.558182,dt=0.033827},
	{cf=CFrame.new(2.265625,0.183671,7.952393,0.139036,0.125534,0.982298,0.026701,0.991097,-0.130438,-0.989927,0.044364,0.134447),fov=50.559788,dt=0.028738},
	{cf=CFrame.new(2.265625,0.183696,7.952393,0.139173,0.125484,0.982285,0.026384,0.991117,-0.130350,-0.989917,0.044058,0.134626),fov=50.561337,dt=0.029550},
	{cf=CFrame.new(2.265625,0.183712,7.954346,0.139284,0.125499,0.982268,0.026090,0.991127,-0.130331,-0.989909,0.043780,0.134774),fov=50.562813,dt=0.030942},
	{cf=CFrame.new(2.269531,0.183726,7.957520,0.139398,0.125597,0.982239,0.025723,0.991130,-0.130385,-0.989902,0.043441,0.134931),fov=50.564201,dt=0.031882},
	{cf=CFrame.new(2.269531,0.183733,7.957520,0.139482,0.125760,0.982206,0.025365,0.991123,-0.130504,-0.989900,0.043117,0.135054),fov=50.565495,dt=0.032157},
	{cf=CFrame.new(2.269531,0.183741,7.962646,0.139558,0.126051,0.982158,0.024900,0.991104,-0.130737,-0.989901,0.042701,0.135178),fov=50.566654,dt=0.033275},
	{cf=CFrame.new(2.269531,0.183742,7.962646,0.139605,0.126462,0.982098,0.024364,0.991072,-0.131081,-0.989907,0.042228,0.135278),fov=50.567688,dt=0.033154},
	{cf=CFrame.new(2.265625,0.183742,7.967773,0.139620,0.127087,0.982016,0.023658,0.991018,-0.131616,-0.989922,0.041608,0.135359),fov=50.568562,dt=0.037627},
	{cf=CFrame.new(2.261719,0.181891,8.029297,0.136722,0.128828,0.982197,0.023992,0.990786,-0.133294,-0.990319,0.041789,0.132372),fov=50.569275,dt=0.031243},
	{cf=CFrame.new(2.562500,0.101050,9.658936,-0.176455,0.091687,0.980029,0.061458,0.994736,-0.081997,-0.982388,0.045761,-0.181161),fov=50.569801,dt=0.039138},
	{cf=CFrame.new(14.582031,-0.417739,13.910400,0.378311,0.032679,0.925102,0.043454,0.997648,-0.053012,-0.924658,0.060254,0.376001),fov=50.570213,dt=0.043647},
	{cf=CFrame.new(15.355469,-0.385856,16.792480,0.327679,0.023312,0.944501,0.016463,0.999403,-0.030378,-0.944646,0.025504,0.327099),fov=34.058067,dt=0.037125},
	{cf=CFrame.new(15.730469,-0.326816,18.201660,0.255746,0.006557,0.966722,-0.007768,0.999959,-0.004727,-0.966713,-0.006300,0.255787),fov=35.335209,dt=0.029777},
	{cf=CFrame.new(15.847656,-0.287036,18.638428,0.220351,0.005343,0.975406,-0.019363,0.999812,-0.001103,-0.975228,-0.018644,0.220413),fov=36.847801,dt=0.022366},
	{cf=CFrame.new(15.949219,-0.202348,19.014893,0.163216,0.017579,0.986434,-0.035011,0.999315,-0.012016,-0.985969,-0.032574,0.163719),fov=44.530396,dt=0.040772},
	{cf=CFrame.new(15.957031,-0.131952,19.053223,0.125494,0.034457,0.991496,-0.037792,0.998837,-0.029929,-0.991374,-0.033714,0.126650),fov=51.464394,dt=0.041232},
	{cf=CFrame.new(15.957031,-0.076281,19.053223,0.097170,0.046610,0.994176,-0.030485,0.998574,-0.043837,-0.994801,-0.026048,0.098452),fov=57.293804,dt=0.034969},
	{cf=CFrame.new(15.957031,-0.043089,19.053223,0.080556,0.052570,0.995363,-0.019792,0.998496,-0.051134,-0.996554,-0.015581,0.081475),fov=58.784794,dt=0.026399},
	{cf=CFrame.new(15.957031,-0.017766,19.056396,0.067873,0.056116,0.996115,-0.006440,0.998421,-0.055807,-0.997673,-0.002627,0.068127),fov=59.359478,dt=0.035819},
	{cf=CFrame.new(15.953125,0.000048,19.059082,0.058563,0.057636,0.996619,0.008010,0.998273,-0.058203,-0.998252,0.011391,0.058001),fov=59.624634,dt=0.026080},
	{cf=CFrame.new(15.953125,0.011813,19.070801,0.051543,0.057830,0.996995,0.021859,0.998017,-0.059019,-0.998431,0.024836,0.050177),fov=60.111313,dt=0.025836},
	{cf=CFrame.new(15.960938,0.017963,19.078613,0.046779,0.057302,0.997261,0.032325,0.997743,-0.058846,-0.998382,0.034989,0.044821),fov=60.541176,dt=0.031125},
	{cf=CFrame.new(15.953125,0.020859,19.094971,0.041967,0.055772,0.997561,0.043442,0.997395,-0.057590,-0.998174,0.045753,0.039435),fov=60.916355,dt=0.030399},
	{cf=CFrame.new(15.957031,0.019871,19.113770,0.039372,0.054088,0.997760,0.049832,0.997185,-0.056023,-0.997981,0.051926,0.036566),fov=61.084202,dt=0.024389},
	{cf=CFrame.new(15.957031,0.015841,19.139160,0.036983,0.051295,0.997998,0.056246,0.996992,-0.053328,-0.997732,0.058105,0.033987),fov=61.382267,dt=0.031792},
	{cf=CFrame.new(15.957031,0.011387,19.165039,0.035902,0.048857,0.998160,0.059637,0.996920,-0.050942,-0.997574,0.061356,0.032878),fov=61.632786,dt=0.026577},
	{cf=CFrame.new(15.949219,0.005380,19.198730,0.035382,0.045698,0.998329,0.062079,0.996924,-0.047833,-0.997444,0.063668,0.032436),fov=61.741295,dt=0.027799},
	{cf=CFrame.new(15.949219,-0.000513,19.239746,0.035451,0.042338,0.998474,0.063275,0.997002,-0.044522,-0.997366,0.064757,0.032666),fov=61.927174,dt=0.032127},
	{cf=CFrame.new(15.949219,-0.005439,19.292480,0.035987,0.038882,0.998595,0.063437,0.997139,-0.041112,-0.997337,0.064828,0.033418),fov=62.074780,dt=0.026056},
	{cf=CFrame.new(15.949219,-0.008544,19.346924,0.036868,0.035435,0.998692,0.062776,0.997315,-0.037704,-0.997346,0.064084,0.034545),fov=62.188278,dt=0.029975},
	{cf=CFrame.new(15.945312,-0.008667,19.416748,0.037973,0.032123,0.998762,0.061472,0.997515,-0.034420,-0.997386,0.062702,0.035904),fov=62.233570,dt=0.029656},
	{cf=CFrame.new(15.941406,-0.005101,19.491699,0.039144,0.029050,0.998811,0.059804,0.997717,-0.031362,-0.997442,0.060960,0.037317),fov=62.303997,dt=0.029971},
	{cf=CFrame.new(15.937500,0.001350,19.564697,0.040111,0.026671,0.998839,0.058241,0.997882,-0.028984,-0.997496,0.059336,0.038472),fov=62.351257,dt=0.026227},
	{cf=CFrame.new(15.933594,0.014353,19.658203,0.041050,0.024348,0.998860,0.056454,0.998049,-0.026649,-0.997561,0.057484,0.039596),fov=62.367653,dt=0.023991},
	{cf=CFrame.new(15.929688,0.030365,19.749756,0.041608,0.022785,0.998874,0.055116,0.998165,-0.025065,-0.997613,0.056097,0.040276),fov=62.388805,dt=0.027897},
	{cf=CFrame.new(15.925781,0.055451,19.867676,0.042037,0.021539,0.998884,0.053946,0.998260,-0.023795,-0.997659,0.054886,0.040802),fov=62.394741,dt=0.026028},
	{cf=CFrame.new(0.113281,0.281169,23.997314,0.999559,-0.014973,-0.025660,0.014363,0.999614,-0.023786,0.026006,0.023407,0.999388),fov=62.400173,dt=0.027952},
	{cf=CFrame.new(-0.007812,0.288083,23.994873,0.999665,-0.004317,-0.025512,0.003703,0.999704,-0.024061,0.025608,0.023958,0.999385),fov=19.808186,dt=0.043604},
	{cf=CFrame.new(-0.035156,0.289760,23.995850,0.999676,-0.001732,-0.025410,0.001116,0.999706,-0.024232,0.025444,0.024196,0.999383),fov=19.808186,dt=0.012010},
	{cf=CFrame.new(-0.117188,0.294650,23.991943,0.999674,0.005801,-0.024876,-0.006426,0.999664,-0.025098,0.024722,0.025250,0.999375),fov=19.859192,dt=0.044338},
	{cf=CFrame.new(-0.210938,0.299694,23.991455,0.999623,0.013574,-0.023865,-0.014210,0.999542,-0.026713,0.023491,0.027042,0.999358),fov=20.006672,dt=0.057168},
	{cf=CFrame.new(-0.265625,0.303415,23.989258,0.999558,0.019307,-0.022597,-0.019953,0.999389,-0.028709,0.022029,0.029147,0.999332),fov=20.342203,dt=0.053867},
	{cf=CFrame.new(-0.312500,0.305838,23.991943,0.999508,0.023039,-0.021302,-0.023688,0.999247,-0.030724,0.020578,0.031214,0.999301),fov=20.691893,dt=0.051414},
	{cf=CFrame.new(-0.335938,0.307347,23.990723,0.999476,0.025366,-0.020096,-0.026012,0.999131,-0.032578,0.019252,0.033084,0.999267),fov=20.969643,dt=0.044815},
	{cf=CFrame.new(-0.347656,0.308095,23.988525,0.999463,0.026526,-0.019247,-0.027167,0.999057,-0.033857,0.018331,0.034362,0.999241),fov=21.450830,dt=0.034157},
	{cf=CFrame.new(-0.355469,0.308654,23.989258,0.999456,0.027396,-0.018358,-0.028029,0.998988,-0.035168,0.017376,0.035663,0.999213),fov=21.627972,dt=0.032760},
	{cf=CFrame.new(-0.359375,0.308916,23.990234,0.999456,0.027803,-0.017746,-0.028429,0.998946,-0.036045,0.016725,0.036530,0.999193),fov=22.006620,dt=0.029256},
	{cf=CFrame.new(-0.359375,0.309090,23.985107,0.999459,0.028063,-0.017149,-0.028680,0.998909,-0.036861,0.016096,0.037333,0.999173),fov=22.633318,dt=0.038328},
	{cf=CFrame.new(-0.363281,0.309150,23.984863,0.999463,0.028161,-0.016742,-0.028771,0.998887,-0.037372,0.015671,0.037833,0.999161),fov=22.857191,dt=0.025192},
	{cf=CFrame.new(-0.363281,0.309168,23.984863,0.999467,0.028188,-0.016485,-0.028792,0.998876,-0.037645,0.015405,0.038100,0.999155),fov=23.088207,dt=0.022484},
	{cf=CFrame.new(-0.363281,0.309175,23.984863,0.999469,0.028197,-0.016337,-0.028797,0.998872,-0.037742,0.015254,0.038193,0.999154),fov=23.570702,dt=0.029963},
	{cf=CFrame.new(-0.363281,0.309336,23.984863,0.999468,0.028308,-0.016218,-0.028904,0.998867,-0.037793,0.015130,0.038242,0.999154),fov=24.078543,dt=0.027460},
	{cf=CFrame.new(-0.363281,0.309893,23.984863,0.999458,0.028683,-0.016150,-0.029277,0.998855,-0.037823,0.015047,0.038275,0.999154),fov=24.341120,dt=0.025757},
	{cf=CFrame.new(-0.359375,0.311429,23.982910,0.999429,0.029712,-0.016107,-0.030304,0.998824,-0.037841,0.014964,0.038307,0.999154),fov=24.881536,dt=0.027897},
	{cf=CFrame.new(-0.359375,0.313720,23.986084,0.999382,0.031244,-0.016099,-0.031835,0.998777,-0.037841,0.014897,0.038330,0.999154),fov=25.439037,dt=0.025716},
	{cf=CFrame.new(-0.359375,0.317402,23.986084,0.999301,0.033712,-0.016126,-0.034302,0.998695,-0.037832,0.014830,0.038358,0.999154),fov=25.722784,dt=0.025737},
	{cf=CFrame.new(-0.359375,0.322437,23.986084,0.999181,0.037086,-0.016179,-0.037675,0.998574,-0.037810,0.014754,0.038389,0.999154),fov=26.296942,dt=0.024677},
	{cf=CFrame.new(-0.355469,0.329463,23.984131,0.998994,0.041791,-0.016264,-0.042381,0.998387,-0.037774,0.014660,0.038425,0.999154),fov=26.585842,dt=0.026002},
	{cf=CFrame.new(-0.355469,0.338321,23.984131,0.998726,0.047721,-0.016376,-0.048311,0.998120,-0.037724,0.014545,0.038467,0.999154),fov=27.163025,dt=0.023103},
	{cf=CFrame.new(-0.359375,0.352357,23.986084,0.998127,0.057909,-0.019726,-0.058537,0.997744,-0.032881,0.017778,0.033974,0.999265),fov=27.449392,dt=0.026082},
	{cf=CFrame.new(-0.359375,0.371499,23.986084,0.997053,0.071880,-0.026793,-0.072485,0.997120,-0.022330,0.025110,0.024207,0.999391),fov=28.012405,dt=0.022753},
	{cf=CFrame.new(-0.359375,0.394492,23.986084,0.995572,0.086973,-0.035658,-0.087339,0.996140,-0.008828,0.034753,0.011903,0.999325),fov=28.286869,dt=0.026222},
	{cf=CFrame.new(-0.363281,0.418546,23.988037,0.994021,0.100036,-0.043767,-0.099973,0.994984,0.003630,0.043911,0.000767,0.999035),fov=28.818708,dt=0.024310},
	{cf=CFrame.new(-0.363281,0.441399,23.988037,0.993103,0.106757,-0.048475,-0.106377,0.994272,0.010350,0.049302,-0.005122,0.998771),fov=29.075296,dt=0.026947},
	{cf=CFrame.new(-0.359375,0.461469,23.991211,0.993436,0.102742,-0.050298,-0.102857,0.994696,0.000303,0.050062,0.004873,0.998734),fov=29.567949,dt=0.028595},
	{cf=CFrame.new(-0.351562,0.478335,23.990479,0.994533,0.090753,-0.051644,-0.092181,0.995404,-0.025961,0.049051,0.030580,0.998328),fov=29.803263,dt=0.021185},
	{cf=CFrame.new(-0.343750,0.491408,23.991699,0.994619,0.089419,-0.052319,-0.091079,0.995384,-0.030251,0.049372,0.034854,0.998172),fov=30.030754,dt=0.019829},
	{cf=CFrame.new(-0.332031,0.511113,23.990234,0.993938,0.096129,-0.053353,-0.097370,0.995023,-0.021161,0.051053,0.026227,0.998351),fov=30.460840,dt=0.035906},
	{cf=CFrame.new(-0.304688,0.533410,23.989258,0.993686,0.098907,-0.052964,-0.099399,0.995025,-0.006745,0.052034,0.011967,0.998574),fov=31.038889,dt=0.039547},
	{cf=CFrame.new(-0.246094,0.550813,23.986084,0.993895,0.098259,-0.050186,-0.098228,0.995159,0.003101,0.050248,0.001847,0.998735),fov=31.376045,dt=0.035978},
	{cf=CFrame.new(-0.140625,0.566792,23.975830,0.994663,0.094804,-0.040715,-0.094452,0.995474,0.010484,0.041524,-0.006583,0.999116),fov=31.804388,dt=0.044310},
	{cf=CFrame.new(0.023438,0.577480,23.956787,0.995938,0.087349,-0.021856,-0.087057,0.996105,0.013998,0.022994,-0.012038,0.999663),fov=32.035973,dt=0.039074},
	{cf=CFrame.new(0.257812,0.584405,23.937988,0.997177,0.074393,0.010170,-0.074542,0.997103,0.015159,-0.009013,-0.015875,0.999833),fov=32.222931,dt=0.032327},
	{cf=CFrame.new(0.546875,0.587065,23.916016,0.996983,0.057042,0.052646,-0.057896,0.998212,0.014840,-0.051706,-0.017844,0.998503),fov=32.364468,dt=0.036081},
	{cf=CFrame.new(1.078125,0.578647,23.847168,0.989622,0.035148,0.139330,-0.036407,0.999316,0.006499,-0.139006,-0.011504,0.990225),fov=32.418045,dt=0.021844},
	{cf=CFrame.new(2.914062,0.536996,23.620850,0.915286,-0.008372,0.402718,0.016914,0.999701,-0.017661,-0.402449,0.022977,0.915154),fov=32.490776,dt=0.025407},
	{cf=CFrame.new(5.503906,0.478223,23.399658,0.767137,-0.029723,0.640794,0.059933,0.997877,-0.025464,-0.638677,0.057940,0.767290),fov=32.509964,dt=0.021905},
	{cf=CFrame.new(8.000000,0.424374,23.297607,0.651265,-0.025957,0.758406,0.064769,0.997669,-0.021473,-0.756081,0.063106,0.651429),fov=32.536198,dt=0.022508},
	{cf=CFrame.new(10.179688,0.378607,23.222412,0.545925,-0.018382,0.837632,0.061457,0.997945,-0.018154,-0.835577,0.061389,0.545933),fov=32.548782,dt=0.027537},
	{cf=CFrame.new(12.050781,0.340197,23.157715,0.449477,-0.009914,0.893237,0.054877,0.998356,-0.016533,-0.891605,0.056450,0.449282),fov=32.572880,dt=0.026884},
	{cf=CFrame.new(13.382812,0.313443,23.114502,0.378437,-0.002718,0.925623,0.047450,0.998738,-0.016467,-0.924410,0.050152,0.378088),fov=32.584396,dt=0.020478},
	{cf=CFrame.new(14.542969,0.290801,23.078125,0.315949,0.004234,0.948766,0.038773,0.999097,-0.017370,-0.947983,0.042274,0.315500),fov=32.595577,dt=0.019092},
	{cf=CFrame.new(15.542969,0.271930,23.049805,0.262071,0.010731,0.964989,0.029139,0.999394,-0.019027,-0.964609,0.033106,0.261600),fov=32.616940,dt=0.021558},
	{cf=CFrame.new(16.371094,0.257005,23.027344,0.217814,0.016579,0.975849,0.018672,0.999602,-0.021150,-0.975812,0.022827,0.217418),fov=32.627121,dt=0.018568},
	{cf=CFrame.new(17.070312,0.245073,23.012207,0.180984,0.021643,0.983248,0.007753,0.999695,-0.023432,-0.983455,0.011864,0.180761),fov=32.636986,dt=0.022163},
	{cf=CFrame.new(17.765625,0.234104,22.993652,0.145266,0.026568,0.989036,-0.005682,0.999645,-0.026019,-0.989376,-0.001840,0.145365),fov=32.655762,dt=0.025205},
	{cf=CFrame.new(18.218750,0.227826,22.983398,0.122918,0.029410,0.991981,-0.016980,0.999477,-0.027528,-0.992272,-0.013460,0.123353),fov=32.664680,dt=0.021672},
	{cf=CFrame.new(18.648438,0.222643,22.973389,0.102318,0.031257,0.994261,-0.030322,0.999140,-0.028290,-0.994289,-0.027254,0.103178),fov=32.673309,dt=0.024932},
	{cf=CFrame.new(18.984375,0.219564,22.963623,0.087489,0.031041,0.995682,-0.043078,0.998697,-0.027350,-0.995234,-0.040499,0.088712),fov=32.689655,dt=0.026388},
	{cf=CFrame.new(19.238281,0.217958,22.956055,0.076970,0.028436,0.996628,-0.054862,0.998199,-0.024244,-0.995523,-0.052811,0.078391),fov=32.697399,dt=0.025526},
	{cf=CFrame.new(19.449219,0.217140,22.946533,0.069187,0.023027,0.997338,-0.065222,0.997699,-0.018511,-0.995469,-0.063767,0.070529),fov=32.712048,dt=0.022141},
	{cf=CFrame.new(19.609375,0.216618,22.933350,0.063812,0.014956,0.997850,-0.071213,0.997407,-0.010395,-0.995418,-0.070397,0.064712),fov=32.718945,dt=0.023266},
	{cf=CFrame.new(19.789062,0.215869,22.914551,0.057946,-0.001131,0.998319,-0.071236,0.997445,0.005264,-0.995775,-0.071422,0.057718),fov=32.731956,dt=0.029725},
	{cf=CFrame.new(19.902344,0.215272,22.905518,0.054166,-0.011819,0.998462,-0.068148,0.997555,0.015505,-0.996204,-0.068883,0.053229),fov=32.738075,dt=0.011441},
	{cf=CFrame.new(20.011719,0.214603,22.888184,0.050302,-0.017277,0.998585,-0.065781,0.997622,0.020574,-0.996565,-0.066722,0.049045),fov=32.738075,dt=0.013022},
	{cf=CFrame.new(20.171875,0.213469,22.861328,0.044495,-0.018105,0.998845,-0.063236,0.997780,0.020903,-0.997006,-0.064093,0.043251),fov=32.749557,dt=0.028743},
	{cf=CFrame.new(20.300781,0.212429,22.837402,0.039803,-0.017310,0.999058,-0.060335,0.997984,0.019695,-0.997384,-0.061062,0.038679),fov=32.754929,dt=0.020420},
	{cf=CFrame.new(20.417969,0.211305,22.812256,0.035283,-0.015417,0.999258,-0.056909,0.998227,0.017411,-0.997756,-0.057481,0.034343),fov=32.764973,dt=0.020919},
	{cf=CFrame.new(20.535156,0.210092,22.782715,0.031003,-0.012658,0.999439,-0.053161,0.998484,0.014295,-0.998105,-0.053575,0.030283),fov=32.769650,dt=0.016939},
	{cf=CFrame.new(20.644531,0.208811,22.754150,0.026958,-0.009509,0.999591,-0.049387,0.998721,0.010832,-0.998416,-0.049659,0.026454),fov=32.774109,dt=0.023381},
	{cf=CFrame.new(20.746094,0.207469,22.724121,0.023171,-0.006286,0.999712,-0.045811,0.998923,0.007342,-0.998681,-0.045968,0.022858),fov=32.778351,dt=0.023928},
	{cf=CFrame.new(20.847656,0.206070,22.688965,0.019660,-0.003304,0.999801,-0.042657,0.999081,0.004141,-0.998896,-0.042730,0.019501),fov=32.786201,dt=0.022011},
	{cf=CFrame.new(20.960938,0.204320,22.653076,0.015874,-0.000556,0.999874,-0.039815,0.999207,0.001188,-0.999081,-0.039829,0.015839),fov=32.789822,dt=0.022642},
	{cf=CFrame.new(21.050781,0.202822,22.617432,0.012935,0.001395,0.999915,-0.037795,0.999285,-0.000905,-0.999202,-0.037780,0.012978),fov=32.793262,dt=0.021337},
	{cf=CFrame.new(21.148438,0.200980,22.573975,0.009640,0.003523,0.999947,-0.035584,0.999362,-0.003178,-0.999320,-0.035551,0.009760),fov=32.799549,dt=0.024405},
	{cf=CFrame.new(21.226562,0.199417,22.537842,0.007080,0.005125,0.999962,-0.033909,0.999413,-0.004883,-0.999400,-0.033873,0.007250),fov=32.802425,dt=0.017708},
	{cf=CFrame.new(21.312500,0.197522,22.495850,0.004200,0.006870,0.999968,-0.032073,0.999463,-0.006732,-0.999477,-0.032043,0.004418),fov=32.807659,dt=0.027500},
	{cf=CFrame.new(21.410156,0.195298,22.440918,0.001138,0.008631,0.999962,-0.030193,0.999507,-0.008592,-0.999543,-0.030182,0.001398),fov=32.810028,dt=0.027480},
	{cf=CFrame.new(21.468750,0.193711,22.403076,-0.000894,0.009743,0.999952,-0.028986,0.999532,-0.009765,-0.999579,-0.028993,-0.000611),fov=32.812241,dt=0.019844},
	{cf=CFrame.new(21.535156,0.191823,22.359375,-0.003132,0.010895,0.999936,-0.027705,0.999556,-0.010978,-0.999611,-0.027737,-0.002829),fov=32.816216,dt=0.028690},
	{cf=CFrame.new(21.625000,0.189352,22.302002,-0.005845,0.012182,0.999909,-0.026217,0.999580,-0.012332,-0.999639,-0.026286,-0.005523),fov=32.819626,dt=0.030582},
	{cf=CFrame.new(21.675781,0.187544,22.257812,-0.007689,0.012974,0.999886,-0.025250,0.999595,-0.013164,-0.999651,-0.025348,-0.007358),fov=32.822502,dt=0.025510},
	{cf=CFrame.new(21.738281,0.185518,22.211670,-0.009620,0.013701,0.999860,-0.024283,0.999608,-0.013931,-0.999659,-0.024414,-0.009284),fov=32.823765,dt=0.029042},
	{cf=CFrame.new(21.781250,0.183859,22.172119,-0.011121,0.014188,0.999837,-0.023561,0.999618,-0.014447,-0.999660,-0.023717,-0.010782),fov=32.825947,dt=0.024830},
	{cf=CFrame.new(21.832031,0.181781,22.119629,-0.012909,0.014653,0.999809,-0.022729,0.999630,-0.014944,-0.999658,-0.022918,-0.012571),fov=32.827713,dt=0.032282},
	{cf=CFrame.new(21.867188,0.180342,22.085938,-0.014103,0.014880,0.999790,-0.022186,0.999638,-0.015190,-0.999654,-0.022396,-0.013768),fov=32.828461,dt=0.024465},
	{cf=CFrame.new(21.894531,0.179020,22.051025,-0.015183,0.015014,0.999772,-0.021696,0.999647,-0.015341,-0.999649,-0.021924,-0.014852),fov=32.829681,dt=0.024388},
	{cf=CFrame.new(21.914062,0.177827,22.020020,-0.016159,0.015066,0.999756,-0.021244,0.999655,-0.015408,-0.999644,-0.021487,-0.015833),fov=32.830185,dt=0.025220},
	{cf=CFrame.new(21.937500,0.176777,21.996094,-0.017040,0.015050,0.999741,-0.020814,0.999665,-0.015404,-0.999638,-0.021071,-0.016721),fov=32.830967,dt=0.024051},
	{cf=CFrame.new(21.953125,0.176022,21.976074,-0.017708,0.014991,0.999731,-0.020464,0.999673,-0.015352,-0.999634,-0.020730,-0.017395),fov=32.831268,dt=0.023148},
	{cf=CFrame.new(21.964844,0.175256,21.952881,-0.018446,0.014879,0.999719,-0.020040,0.999683,-0.015248,-0.999629,-0.020316,-0.018142),fov=32.831718,dt=0.026258},
	{cf=CFrame.new(21.972656,0.174770,21.938721,-0.019004,0.014754,0.999710,-0.019672,0.999692,-0.015128,-0.999626,-0.019954,-0.018708),fov=32.831871,dt=0.019025},
	{cf=CFrame.new(21.972656,0.174412,21.929688,-0.019524,0.014611,0.999703,-0.019283,0.999702,-0.014988,-0.999623,-0.019570,-0.019236),fov=32.831989,dt=0.019822},
	{cf=CFrame.new(21.976562,0.174187,21.919434,-0.020010,0.014457,0.999695,-0.018865,0.999712,-0.014835,-0.999622,-0.019156,-0.019731),fov=32.832066,dt=0.021486},
	{cf=CFrame.new(21.980469,0.174103,21.914307,-0.020468,0.014297,0.999688,-0.018411,0.999723,-0.014674,-0.999621,-0.018706,-0.020199),fov=32.832119,dt=0.020385},
	{cf=CFrame.new(21.984375,0.174103,21.912354,-0.020814,0.014062,0.999684,-0.017908,0.999735,-0.014435,-0.999623,-0.018202,-0.020556),fov=32.832153,dt=0.017592},
	{cf=CFrame.new(21.976562,0.174112,21.911133,-0.021216,0.013493,0.999684,-0.016972,0.999760,-0.013855,-0.999631,-0.017260,-0.020982),fov=32.832176,dt=0.020641},
	{cf=CFrame.new(21.968750,0.174133,21.909912,-0.021587,0.012715,0.999686,-0.015806,0.999790,-0.013057,-0.999642,-0.016083,-0.021381),fov=32.832176,dt=0.020576},
	{cf=CFrame.new(21.957031,0.174178,21.906250,-0.021924,0.011789,0.999690,-0.014487,0.999822,-0.012108,-0.999655,-0.014748,-0.021749),fov=32.788708,dt=0.020223},
	{cf=CFrame.new(21.933594,0.174237,21.906494,-0.022167,0.010983,0.999694,-0.013373,0.999847,-0.011281,-0.999665,-0.013619,-0.022016),fov=32.658188,dt=0.020807},
	{cf=CFrame.new(21.886719,0.174368,21.907715,-0.022482,0.009754,0.999700,-0.011711,0.999881,-0.010019,-0.999678,-0.011933,-0.022365),fov=32.134216,dt=0.022808},
	{cf=CFrame.new(21.843750,0.174494,21.908203,-0.022658,0.008973,0.999703,-0.010670,0.999901,-0.009217,-0.999686,-0.010876,-0.022560),fov=31.738758,dt=0.016920},
	{cf=CFrame.new(21.773438,0.174701,21.904541,-0.022835,0.008107,0.999706,-0.009529,0.999920,-0.008327,-0.999694,-0.009716,-0.022756),fov=31.251635,dt=0.022615},
	{cf=CFrame.new(21.683594,0.174964,21.907959,-0.022965,0.007418,0.999709,-0.008628,0.999934,-0.007618,-0.999699,-0.008801,-0.022899),fov=30.668983,dt=0.021223},
	{cf=CFrame.new(21.570312,0.175295,21.901611,-0.023043,0.006970,0.999710,-0.008046,0.999942,-0.007157,-0.999702,-0.008209,-0.022986),fov=29.185472,dt=0.019441},
	{cf=CFrame.new(19.042969,0.203713,21.815186,-0.014760,0.006963,0.999867,-0.016207,0.999843,-0.007202,-0.999760,-0.016312,-0.014645),fov=28.250935,dt=0.020918},
	{cf=CFrame.new(15.218750,0.248211,21.674561,-0.001634,0.007276,0.999972,-0.029396,0.999541,-0.007321,-0.999566,-0.029407,-0.001419),fov=27.134371,dt=0.024323},
	{cf=CFrame.new(13.375000,0.269630,21.608398,0.004687,0.007489,0.999961,-0.035740,0.999334,-0.007316,-0.999350,-0.035704,0.004951),fov=25.710419,dt=0.017592},
	{cf=CFrame.new(11.839844,0.287503,21.553223,0.009960,0.007696,0.999921,-0.041031,0.999131,-0.007281,-0.999108,-0.040955,0.010268),fov=24.065544,dt=0.031100},
	{cf=CFrame.new(10.828125,0.299307,21.517090,0.013442,0.007848,0.999879,-0.044525,0.998982,-0.007243,-0.998918,-0.044422,0.013778),fov=24.680531,dt=0.019429},
	{cf=CFrame.new(9.859375,0.310526,21.482666,0.016751,0.008004,0.999828,-0.047845,0.998829,-0.007195,-0.998714,-0.047717,0.017114),fov=25.529465,dt=0.024363},
	{cf=CFrame.new(9.222656,0.317947,21.458252,0.018939,0.008113,0.999788,-0.050041,0.998722,-0.007157,-0.998568,-0.049894,0.019321),fov=26.133114,dt=0.033370},
	{cf=CFrame.new(8.289062,0.328797,21.424072,0.022137,0.008281,0.999721,-0.053250,0.998556,-0.007093,-0.998336,-0.053078,0.022546),fov=26.583185,dt=0.030586},
	{cf=CFrame.new(8.035156,0.331752,21.414307,0.023007,0.008329,0.999701,-0.054124,0.998509,-0.007073,-0.998269,-0.053945,0.023424),fov=26.762247,dt=0.013978},
	{cf=CFrame.new(7.890625,0.333447,21.409668,0.023507,0.008357,0.999689,-0.054625,0.998482,-0.007062,-0.998230,-0.054442,0.023928),fov=26.762247,dt=0.012317},
	{cf=CFrame.new(7.738281,0.335207,21.403809,0.024026,0.008386,0.999676,-0.055146,0.998453,-0.007050,-0.998189,-0.054959,0.024452),fov=26.914089,dt=0.017599},
	{cf=CFrame.new(7.621094,0.336556,21.399170,0.024424,0.008408,0.999666,-0.055544,0.998431,-0.007040,-0.998157,-0.055354,0.024852),fov=27.040373,dt=0.018192},
	{cf=CFrame.new(7.593750,0.336873,21.400146,0.024517,0.008414,0.999664,-0.055640,0.998426,-0.007039,-0.998150,-0.055449,0.024946),fov=27.142313,dt=0.017492},
	{cf=CFrame.new(7.593750,0.342046,21.400146,0.025452,0.008944,0.999636,-0.059124,0.998223,-0.007426,-0.997926,-0.058914,0.025936),fov=27.276449,dt=0.020881},
	{cf=CFrame.new(7.593750,0.346831,21.410400,0.026981,0.009654,0.999589,-0.062936,0.997986,-0.007940,-0.997653,-0.062696,0.027534),fov=27.309683,dt=0.018588},
	{cf=CFrame.new(7.589844,0.349644,21.420654,0.029474,0.010229,0.999513,-0.065465,0.997820,-0.008281,-0.997419,-0.065189,0.030080),fov=27.320734,dt=0.016342},
	{cf=CFrame.new(7.589844,0.351634,21.436279,0.034095,0.010788,0.999360,-0.067372,0.997692,-0.008471,-0.997145,-0.067040,0.034744),fov=27.422400,dt=0.014975},
	{cf=CFrame.new(7.589844,0.352724,21.446533,0.039141,0.011189,0.999171,-0.068399,0.997622,-0.008492,-0.996890,-0.068010,0.039813),fov=27.422400,dt=0.013366},
	{cf=CFrame.new(7.589844,0.353719,21.465088,0.053596,0.013997,0.998465,-0.066250,0.997749,-0.010431,-0.996363,-0.065589,0.054402),fov=27.617418,dt=0.020553},
	{cf=CFrame.new(7.593750,0.354142,21.483643,0.074101,0.029536,0.996813,-0.047467,0.998533,-0.026058,-0.996120,-0.045384,0.075394),fov=27.710762,dt=0.024166},
	{cf=CFrame.new(7.585938,0.354249,21.504150,0.090411,0.049675,0.994665,-0.016902,0.998688,-0.048340,-0.995761,-0.012441,0.091132),fov=27.889130,dt=0.030011},
	{cf=CFrame.new(7.589844,0.354221,21.512451,0.088112,0.051925,0.994756,-0.005749,0.998650,-0.051619,-0.996094,-0.001170,0.088292),fov=27.974161,dt=0.020056},
	{cf=CFrame.new(7.589844,0.354079,21.524658,0.081461,0.051531,0.995343,0.004963,0.998629,-0.052107,-0.996664,0.009185,0.081093),fov=28.135962,dt=0.022701},
	{cf=CFrame.new(7.589844,0.353906,21.527832,0.076435,0.050008,0.995820,0.009297,0.998662,-0.050864,-0.997031,0.013146,0.075868),fov=28.135962,dt=0.010979},
	{cf=CFrame.new(7.589844,0.353561,21.536133,0.068725,0.047219,0.996517,0.014591,0.998725,-0.048330,-0.997529,0.017862,0.067949),fov=28.212757,dt=0.015878},
	{cf=CFrame.new(7.589844,0.353037,21.541260,0.059895,0.043597,0.997252,0.019471,0.998805,-0.044835,-0.998015,0.022103,0.058974),fov=28.286835,dt=0.016373},
	{cf=CFrame.new(7.593750,0.352098,21.554688,0.047775,0.038306,0.998123,0.025430,0.998894,-0.039553,-0.998534,0.027272,0.046748),fov=28.426928,dt=0.022802},
	{cf=CFrame.new(7.585938,0.351040,21.572021,0.037476,0.031588,0.998798,0.027948,0.999076,-0.032645,-0.998907,0.029138,0.036559),fov=28.492990,dt=0.017365},
	{cf=CFrame.new(7.589844,0.348829,21.604004,0.022812,0.022029,0.999497,0.027179,0.999374,-0.022646,-0.999370,0.027682,0.022199),fov=28.556429,dt=0.031249},
	{cf=CFrame.new(7.589844,0.346423,21.639893,0.012696,0.024647,0.999616,0.026943,0.999325,-0.024982,-0.999556,0.027250,0.012024),fov=28.617273,dt=0.016611},
	{cf=CFrame.new(7.589844,0.344037,21.675049,0.006751,0.035774,0.999337,0.027194,0.998984,-0.035945,-0.999607,0.027419,0.005771),fov=28.675564,dt=0.013116},
	{cf=CFrame.new(7.585938,0.341211,21.721191,0.002860,0.048603,0.998814,0.027493,0.998437,-0.048663,-0.999618,0.027600,0.001519),fov=28.731321,dt=0.015891},
