
local Players = game:GetService('Players')
local RunService = game:GetService('RunService')

local player = Players.LocalPlayer
local camera = workspace.CurrentCamera

local root = player.Character:WaitForChild('HumanoidRootPart')

camera.CameraType = Enum.CameraType.Scriptable

local frames = {
	{cf=CFrame.new(-20.265930,9.340401,4.461060,-0.208481,0.272330,-0.939347,0.049748,0.962161,0.267903,0.976760,0.009122,-0.214140),fov=68.926582,dt=0.018471},
	{cf=CFrame.new(-17.696716,7.940880,3.090210,-0.306452,0.242999,-0.920347,0.051955,0.969695,0.238729,0.950467,0.025342,-0.309790),fov=69.363647,dt=0.015261},
	{cf=CFrame.new(-15.445801,6.720989,1.899536,-0.392661,0.215208,-0.894149,0.051714,0.975864,0.212166,0.918228,0.037069,-0.394314),fov=69.579002,dt=0.015529},
	{cf=CFrame.new(-13.233521,5.545752,0.770020,-0.485072,0.183949,-0.854908,0.050152,0.981868,0.182811,0.873035,0.045801,-0.485502),fov=69.143112,dt=0.017806},
	{cf=CFrame.new(-11.560303,4.663572,-0.067139,-0.554481,0.158323,-0.816997,0.047393,0.986150,0.158938,0.830846,0.049408,-0.554305),fov=68.630615,dt=0.015881},
	{cf=CFrame.new(-10.201294,3.927044,-0.755859,-0.599641,0.137216,-0.788418,0.044078,0.989358,0.138664,0.799054,0.048397,-0.599308),fov=68.761032,dt=0.015436},
	{cf=CFrame.new(-8.969360,3.265116,-1.358643,-0.641195,0.116414,-0.758497,0.040618,0.992189,0.117944,0.766302,0.044816,-0.640915),fov=68.722382,dt=0.016386},
	{cf=CFrame.new(-7.896973,2.692614,-1.869385,-0.677254,0.097337,-0.729282,0.036946,0.994459,0.098419,0.734821,0.039711,-0.677097),fov=68.586678,dt=0.016818},
	{cf=CFrame.new(-6.980957,2.207695,-2.291016,-0.708236,0.080018,-0.701427,0.033197,0.996231,0.080130,0.705195,0.033466,-0.708223),fov=68.363007,dt=0.016983},
	{cf=CFrame.new(-6.145996,1.771719,-2.652100,-0.737458,0.062754,-0.672471,0.029415,0.997714,0.060848,0.674752,0.025092,-0.737618),fov=68.206024,dt=0.018464},
	{cf=CFrame.new(-5.574097,1.474545,-2.894165,-0.757113,0.050688,-0.651315,0.026291,0.998542,0.047150,0.652755,0.018574,-0.757341),fov=68.072792,dt=0.014929},
	{cf=CFrame.new(-4.981079,1.172678,-3.123779,-0.778254,0.037445,-0.626832,0.022717,0.999246,0.031487,0.627539,0.010265,-0.778518),fov=67.729584,dt=0.018448},
	{cf=CFrame.new(-4.584961,0.972267,-3.283203,-0.789459,0.031971,-0.612970,0.019685,0.999448,0.026776,0.613488,0.009073,-0.789652),fov=66.982841,dt=0.015754},
	{cf=CFrame.new(-4.239746,0.797327,-3.422974,-0.798917,0.027225,-0.600825,0.016975,0.999598,0.022722,0.601202,0.007953,-0.799058),fov=66.347351,dt=0.016041},
	{cf=CFrame.new(-3.901245,0.632034,-3.540771,-0.808740,0.022409,-0.587739,0.014160,0.999726,0.018633,0.587996,0.006746,-0.808836),fov=65.400169,dt=0.019454},
	{cf=CFrame.new(-3.696777,0.534685,-3.604370,-0.814875,0.019442,-0.579311,0.012389,0.999793,0.016127,0.579505,0.005964,-0.814947),fov=64.702522,dt=0.014210},
	{cf=CFrame.new(-3.491821,0.443195,-3.650269,-0.821561,0.016313,-0.569888,0.010492,0.999854,0.013495,0.570025,0.005108,-0.821612),fov=63.617702,dt=0.017577},
	{cf=CFrame.new(-3.343994,0.377121,-3.682983,-0.826305,0.014057,-0.563047,0.009101,0.999891,0.011606,0.563149,0.004466,-0.826343),fov=62.833233,dt=0.014922},
	{cf=CFrame.new(-3.206055,0.322523,-3.692261,-0.831456,0.011764,-0.555466,0.007672,0.999924,0.009692,0.555538,0.003797,-0.831483),fov=61.713921,dt=0.017866},
	{cf=CFrame.new(-3.089844,0.277393,-3.698486,-0.833891,0.009828,-0.551842,0.006432,0.999947,0.008089,0.551892,0.003196,-0.833909),fov=60.824162,dt=0.018070},
	{cf=CFrame.new(-2.994873,0.248629,-3.683105,-0.824680,0.008087,-0.565543,0.005224,0.999964,0.006682,0.565576,0.002556,-0.824692),fov=60.238300,dt=0.019704},
	{cf=CFrame.new(-2.931519,0.237188,-3.650879,-0.814446,0.006736,-0.580201,0.004289,0.999975,0.005589,0.580224,0.002063,-0.814454),fov=59.646343,dt=0.018483},
	{cf=CFrame.new(-2.882568,0.230438,-3.620239,-0.805304,0.005643,-0.592836,0.003548,0.999983,0.004699,0.592852,0.001680,-0.805310),fov=59.135906,dt=0.017907},
	{cf=CFrame.new(-2.859985,0.237991,-3.575684,-0.795373,0.004876,-0.606101,0.003025,0.999987,0.004075,0.606113,0.001408,-0.795377),fov=58.742748,dt=0.014796},
	{cf=CFrame.new(-2.836060,0.241667,-3.541260,-0.786990,0.004172,-0.616952,0.002559,0.999991,0.003498,0.616961,0.001174,-0.786993),fov=58.514454,dt=0.015754},
	{cf=CFrame.new(-2.825562,0.255924,-3.490234,-0.776316,0.003554,-0.630334,0.002149,0.999993,0.002991,0.630341,0.000967,-0.776318),fov=58.239471,dt=0.016248},
	{cf=CFrame.new(-2.819702,0.272745,-3.436768,-0.765242,0.002991,-0.643736,0.001783,0.999995,0.002527,0.643740,0.000786,-0.765244),fov=57.963734,dt=0.017431},
	{cf=CFrame.new(-2.822754,0.294458,-3.378784,-0.753788,0.002540,-0.657113,0.001492,0.999997,0.002154,0.657116,0.000644,-0.753789),fov=57.687408,dt=0.016535},
	{cf=CFrame.new(-2.822510,0.321524,-3.318970,-0.738959,0.000108,-0.673751,0.000874,0.999999,-0.000799,0.673750,-0.001179,-0.738958),fov=57.410606,dt=0.016941},
	{cf=CFrame.new(-2.812256,0.364431,-3.247437,-0.713703,-0.007592,-0.700408,-0.000580,0.999947,-0.010248,0.700449,-0.006908,-0.713669),fov=57.087318,dt=0.017572},
	{cf=CFrame.new(-2.806885,0.396086,-3.195312,-0.695047,-0.013142,-0.718844,-0.001363,0.999855,-0.016961,0.718963,-0.010809,-0.694965),fov=56.856155,dt=0.013295},
	{cf=CFrame.new(-2.800537,0.427395,-3.143555,-0.675855,-0.018841,-0.736794,-0.001938,0.999715,-0.023787,0.737033,-0.014649,-0.675699),fov=56.630508,dt=0.015993},
	{cf=CFrame.new(-2.798584,0.467924,-3.078613,-0.652055,-0.025767,-0.757734,-0.002398,0.999487,-0.031924,0.758168,-0.019000,-0.651782),fov=56.387390,dt=0.017027},
	{cf=CFrame.new(-2.800293,0.517466,-3.000854,-0.623379,-0.033872,-0.781186,-0.002576,0.999145,-0.041267,0.781915,-0.023712,-0.622934),fov=56.103699,dt=0.018647},
	{cf=CFrame.new(-2.804321,0.561329,-2.932861,-0.598001,-0.041021,-0.800445,-0.002433,0.998778,-0.049367,0.801492,-0.027574,-0.597369),fov=55.860497,dt=0.015205},
	{cf=CFrame.new(-2.807983,0.597889,-2.875854,-0.576436,-0.047027,-0.815788,-0.002119,0.998425,-0.056058,0.817140,-0.030585,-0.575628),fov=55.675060,dt=0.014745},
	{cf=CFrame.new(-2.814087,0.642916,-2.806763,-0.549855,-0.054344,-0.833491,-0.001526,0.997945,-0.064060,0.835259,-0.033952,-0.548808),fov=55.535793,dt=0.016477},
	{cf=CFrame.new(-2.814697,0.690527,-2.741455,-0.514888,-0.065957,-0.854717,-0.000970,0.997080,-0.076359,0.857257,-0.038487,-0.513448),fov=55.396503,dt=0.018002},
	{cf=CFrame.new(-2.755493,0.721939,-2.720825,-0.451776,-0.094166,-0.887148,-0.001018,0.994468,-0.105039,0.892131,-0.046551,-0.449373),fov=55.277779,dt=0.014258},
	{cf=CFrame.new(-2.634521,1.046600,-2.472900,-0.018102,-0.268508,-0.963107,0.045314,0.962055,-0.269067,0.998809,-0.048513,-0.005248),fov=55.000000,dt=0.085495},
	{cf=CFrame.new(-2.618896,1.088491,-2.440918,0.039295,-0.290010,-0.956217,0.056617,0.956065,-0.287637,0.997622,-0.042836,0.053989),fov=55.000000,dt=0.010049},
	{cf=CFrame.new(-2.587646,1.104839,-2.429932,0.074104,-0.284870,-0.955698,0.059762,0.957879,-0.280886,0.995458,-0.036300,0.088007),fov=55.000000,dt=0.009288},
	{cf=CFrame.new(-2.532959,1.116585,-2.424194,0.115091,-0.263677,-0.957721,0.059411,0.964228,-0.258329,0.991577,-0.027168,0.126639),fov=55.000000,dt=0.011128},
	{cf=CFrame.new(-2.437256,1.137146,-2.413940,0.186133,-0.225273,-0.956351,0.056454,0.974205,-0.218491,0.980901,-0.013322,0.194050),fov=55.000000,dt=0.017678},
	{cf=CFrame.new(-2.368896,1.151833,-2.406616,0.236284,-0.197055,-0.951493,0.052538,0.980379,-0.189991,0.970263,-0.005097,0.242000),fov=55.000000,dt=0.015294},
	{cf=CFrame.new(-2.286987,1.169455,-2.397827,0.295460,-0.162533,-0.941428,0.045910,0.986699,-0.155941,0.954252,0.002853,0.298992),fov=55.000000,dt=0.017211},
	{cf=CFrame.new(-2.204956,1.187077,-2.389160,0.353267,-0.127354,-0.926814,0.037188,0.991819,-0.122112,0.934783,0.008671,0.355113),fov=55.000000,dt=0.016670},
	{cf=CFrame.new(-2.122925,1.204699,-2.380249,0.409495,-0.091740,-0.907688,0.026304,0.995705,-0.088769,0.911933,0.012474,0.410149),fov=55.000000,dt=0.015678},
	{cf=CFrame.new(-2.027344,1.225258,-2.370117,0.472740,-0.049868,-0.879790,0.011154,0.998656,-0.050612,0.881131,0.014113,0.472661),fov=55.000000,dt=0.018426},
	{cf=CFrame.new(-1.958984,1.239944,-2.362793,0.516085,-0.019933,-0.856305,-0.001296,0.999710,-0.024053,0.856537,0.013523,0.515909),fov=55.000000,dt=0.016053},
	{cf=CFrame.new(-1.886108,1.200800,-2.386841,0.545974,-0.004507,-0.837790,0.002779,0.999990,-0.003568,0.837798,-0.000380,0.545981),fov=55.022324,dt=0.015683},
	{cf=CFrame.new(-1.813232,1.161655,-2.410889,0.575189,0.010343,-0.817955,0.006207,0.999836,0.017008,0.817997,-0.014859,0.575031),fov=55.044643,dt=0.017262},
	{cf=CFrame.new(-1.740234,1.122511,-2.434937,0.603775,0.024750,-0.796771,0.008829,0.999249,0.037730,0.797106,-0.029815,0.603103),fov=55.066963,dt=0.016637},
	{cf=CFrame.new(-1.667358,1.083366,-2.458984,0.631616,0.038619,-0.774319,0.010720,0.998228,0.058531,0.775208,-0.045270,0.630082),fov=55.089287,dt=0.016983},
	{cf=CFrame.new(-1.594482,1.044222,-2.483032,0.658752,0.051851,-0.750572,0.011952,0.996775,0.079349,0.752266,-0.061242,0.656008),fov=55.200893,dt=0.016142},
	{cf=CFrame.new(-1.509399,0.998552,-2.511108,0.689338,0.066563,-0.721376,0.012379,0.994542,0.103598,0.724334,-0.080344,0.684752),fov=55.331100,dt=0.018598},
	{cf=CFrame.new(-1.436523,0.959408,-2.535156,0.714618,0.078579,-0.695087,0.011901,0.992161,0.124399,0.699413,-0.097170,0.708081),fov=55.442707,dt=0.017466},
	{cf=CFrame.new(-1.375854,0.926788,-2.555176,0.735000,0.087992,-0.672334,0.011014,0.989864,0.141590,0.677978,-0.111474,0.726581),fov=55.535713,dt=0.013517},
	{cf=CFrame.new(-1.304321,0.886124,-2.610352,0.748942,0.092119,-0.656201,0.012778,0.988098,0.153295,0.662512,-0.123194,0.738851),fov=55.822178,dt=0.018799},
	{cf=CFrame.new(-1.253296,0.857079,-2.649658,0.758762,0.094861,-0.644424,0.013873,0.986761,0.161589,0.651220,-0.131548,0.747400),fov=56.026787,dt=0.015635},
	{cf=CFrame.new(-1.181885,0.816416,-2.704712,0.772164,0.098543,-0.627737,0.015186,0.984757,0.173269,0.635243,-0.143325,0.758897),fov=56.313248,dt=0.017284},
	{cf=CFrame.new(-1.130859,0.787371,-2.744019,0.781564,0.101018,-0.615592,0.016014,0.983228,0.181678,0.623620,-0.151850,0.766838),fov=56.517857,dt=0.016454},
	{cf=CFrame.new(-1.069702,0.752518,-2.791138,0.792589,0.103813,-0.600854,0.016800,0.981309,0.191707,0.609524,-0.162039,0.776031),fov=56.852680,dt=0.016335},
	{cf=CFrame.new(-0.998169,0.711855,-2.846313,0.805148,0.106834,-0.583372,0.017450,0.978949,0.203360,0.592817,-0.173915,0.786334),fov=57.243309,dt=0.017669},
	{cf=CFrame.new(-0.943604,0.675461,-2.891846,0.815217,0.109233,-0.568761,0.017355,0.977004,0.212514,0.578895,-0.183117,0.794574),fov=57.578125,dt=0.016513},
	{cf=CFrame.new(-0.921143,0.631363,-2.929443,0.822898,0.111752,-0.557092,0.014622,0.975978,0.217379,0.568002,-0.187026,0.801496),fov=57.916660,dt=0.016429},
	{cf=CFrame.new(-0.895142,0.579918,-2.973267,0.831681,0.114546,-0.543310,0.011464,0.974739,0.223053,0.555135,-0.191737,0.809359),fov=58.333332,dt=0.019262},
	{cf=CFrame.new(-0.876587,0.543171,-3.004395,0.837830,0.116566,-0.533342,0.009058,0.973837,0.227069,0.545856,-0.195076,0.814853),fov=58.630951,dt=0.014554},
	{cf=CFrame.new(-0.858032,0.506422,-3.035645,0.843810,0.118455,-0.523405,0.006677,0.972941,0.230957,0.536600,-0.198379,0.820187),fov=58.928570,dt=0.014710},
	{cf=CFrame.new(-0.831909,0.454979,-3.079590,0.852046,0.121134,-0.509259,0.003199,0.971634,0.236467,0.523458,-0.203110,0.827490),fov=59.345238,dt=0.018414},
	{cf=CFrame.new(-0.809692,0.410883,-3.116943,0.858928,0.123386,-0.497010,0.000138,0.970483,0.241168,0.512097,-0.207214,0.833558),fov=59.702381,dt=0.016518},
	{cf=CFrame.new(-0.791016,0.374136,-3.148193,0.864551,0.125131,-0.486717,-0.002413,0.969527,0.244971,0.502539,-0.210616,0.838508),fov=60.000000,dt=0.015824},
	{cf=CFrame.new(-0.779785,0.343376,-3.182495,0.864551,0.125131,-0.486717,-0.002413,0.969527,0.244971,0.502539,-0.210616,0.838508),fov=60.416668,dt=0.017963},
	{cf=CFrame.new(-0.770142,0.317013,-3.211670,0.864551,0.125131,-0.486717,-0.002413,0.969527,0.244971,0.502539,-0.210616,0.838508),fov=60.773815,dt=0.016787},
	{cf=CFrame.new(-0.760376,0.290648,-3.241211,0.864551,0.125131,-0.486717,-0.002413,0.969527,0.244971,0.502539,-0.210616,0.838508),fov=61.130951,dt=0.017189},
	{cf=CFrame.new(-0.750732,0.264282,-3.270386,0.864551,0.125131,-0.486717,-0.002413,0.969527,0.244971,0.502539,-0.210616,0.838508),fov=61.488094,dt=0.015688},
	{cf=CFrame.new(-0.741089,0.237921,-3.299683,0.864551,0.125131,-0.486717,-0.002413,0.969527,0.244972,0.502539,-0.210616,0.838508),fov=61.845234,dt=0.016574},
	{cf=CFrame.new(-0.731323,0.211555,-3.329102,0.864551,0.125131,-0.486717,-0.002413,0.969527,0.244972,0.502539,-0.210616,0.838508),fov=62.202381,dt=0.017433},
	{cf=CFrame.new(-0.722656,0.186653,-3.356934,0.864551,0.125131,-0.486717,-0.002413,0.969527,0.244972,0.502539,-0.210616,0.838508),fov=62.559525,dt=0.016775},
	{cf=CFrame.new(-0.718506,0.166134,-3.380737,0.864551,0.125131,-0.486717,-0.002413,0.969527,0.244971,0.502539,-0.210616,0.838508),fov=62.976189,dt=0.018414},
	{cf=CFrame.new(-0.715942,0.154408,-3.394531,0.864551,0.125131,-0.486717,-0.002413,0.969527,0.244971,0.502539,-0.210616,0.838508),fov=63.214291,dt=0.012798},
	{cf=CFrame.new(-0.712402,0.136822,-3.414917,0.864551,0.125131,-0.486717,-0.002413,0.969527,0.244971,0.502539,-0.210616,0.838508),fov=63.571430,dt=0.016950},
	{cf=CFrame.new(-0.708740,0.119234,-3.435547,0.864551,0.125131,-0.486717,-0.002413,0.969527,0.244971,0.502539,-0.210616,0.838508),fov=63.928566,dt=0.016616},
	{cf=CFrame.new(-0.704590,0.098715,-3.459229,0.864551,0.125131,-0.486717,-0.002413,0.969527,0.244971,0.502539,-0.210616,0.838508),fov=64.345238,dt=0.018397},
	{cf=CFrame.new(-0.700928,0.081127,-3.479858,0.864551,0.125131,-0.486717,-0.002413,0.969527,0.244971,0.502539,-0.210616,0.838508),fov=64.702377,dt=0.017862},
	{cf=CFrame.new(-0.697876,0.066471,-3.496826,0.864551,0.125131,-0.486717,-0.002413,0.969527,0.244971,0.502539,-0.210616,0.838508),fov=65.000000,dt=0.013935},
	{cf=CFrame.new(-0.693970,0.047007,-3.519043,0.864551,0.125131,-0.486717,-0.002413,0.969527,0.244971,0.502539,-0.210616,0.838508),fov=65.416664,dt=0.018136},
	{cf=CFrame.new(-0.691650,0.033863,-3.530640,0.864551,0.125131,-0.486717,-0.002413,0.969527,0.244971,0.502539,-0.210616,0.838508),fov=65.833336,dt=0.018761},
	{cf=CFrame.new(-0.690063,0.024477,-3.538574,0.864551,0.125131,-0.486717,-0.002413,0.969527,0.244971,0.502539,-0.210616,0.838508),fov=66.130943,dt=0.013752},
	{cf=CFrame.new(-0.688232,0.013212,-3.548462,0.864551,0.125131,-0.486717,-0.002413,0.969527,0.244971,0.502539,-0.210616,0.838508),fov=66.488098,dt=0.017942},
	{cf=CFrame.new(-0.686035,0.000072,-3.559814,0.864551,0.125131,-0.486717,-0.002413,0.969527,0.244971,0.502539,-0.210616,0.838508),fov=66.904762,dt=0.018390},
	{cf=CFrame.new(-0.684570,-0.007439,-3.566528,0.864551,0.125131,-0.486717,-0.002413,0.969527,0.244971,0.502539,-0.210616,0.838508),fov=67.142860,dt=0.012740},
	{cf=CFrame.new(-0.682373,-0.020582,-3.577881,0.864551,0.125131,-0.486717,-0.002413,0.969527,0.244971,0.502539,-0.210616,0.838508),fov=67.559525,dt=0.019392},
	{cf=CFrame.new(-0.680908,-0.030914,-3.586792,0.864551,0.125131,-0.486717,-0.002413,0.969527,0.244971,0.502539,-0.210616,0.838508),fov=67.916672,dt=0.015560},
	{cf=CFrame.new(-0.681519,-0.035643,-3.590088,0.864551,0.125131,-0.486717,-0.002413,0.969527,0.244971,0.502539,-0.210616,0.838508),fov=68.214287,dt=0.015535},
	{cf=CFrame.new(-0.682373,-0.041317,-3.594116,0.864551,0.125131,-0.486717,-0.002413,0.969527,0.244971,0.502539,-0.210616,0.838508),fov=68.571419,dt=0.016652},
	{cf=CFrame.new(-0.683350,-0.047937,-3.598755,0.864551,0.125131,-0.486717,-0.002413,0.969527,0.244971,0.502539,-0.210616,0.838508),fov=68.988098,dt=0.019126},
	{cf=CFrame.new(-0.684082,-0.053612,-3.602783,0.864551,0.125131,-0.486717,-0.002413,0.969527,0.244971,0.502539,-0.210616,0.838508),fov=69.345238,dt=0.014820},
	{cf=CFrame.new(-0.684937,-0.059288,-3.606812,0.864551,0.125131,-0.486717,-0.002413,0.969527,0.244971,0.502539,-0.210616,0.838508),fov=69.702377,dt=0.016436},
	{cf=CFrame.new(-0.685547,-0.064016,-3.610107,0.864551,0.125131,-0.486717,-0.002413,0.969527,0.244971,0.502539,-0.210616,0.838508),fov=70.000000,dt=0.020115},
	{cf=CFrame.new(-4283.659180,5558.850586,14363.131836,-0.543705,0.000000,-0.839277,-0.000000,1.000000,0.000000,0.839277,0.000000,-0.543705),fov=50.416668,dt=0.013720},
	{cf=CFrame.new(-4284.854004,5558.989258,14362.358398,-0.543705,0.000000,-0.839277,-0.000000,1.000000,0.000000,0.839277,0.000000,-0.543705),fov=53.333332,dt=0.020549},
	{cf=CFrame.new(-4285.707520,5559.087402,14361.806641,-0.543705,0.000000,-0.839277,-0.000000,1.000000,0.000000,0.839277,0.000000,-0.543705),fov=55.416668,dt=0.014648},
	{cf=CFrame.new(-4286.902344,5559.226074,14361.034180,-0.543705,0.000000,-0.839277,-0.000000,1.000000,0.000000,0.839277,0.000000,-0.543705),fov=58.333332,dt=0.018956},
	{cf=CFrame.new(-4288.772461,5559.465820,14359.823242,-0.543705,0.000000,-0.839277,-0.000000,1.000000,0.000000,0.839277,0.000000,-0.543705),fov=63.750000,dt=0.034652},
	{cf=CFrame.new(-4289.204590,5559.576172,14359.540039,-0.543705,-0.000000,-0.839277,0.000000,1.000000,-0.000000,0.839277,-0.000000,-0.543705),fov=65.029343,dt=0.022697},
	{cf=CFrame.new(-4289.583496,5559.672363,14359.293945,-0.543705,-0.000000,-0.839277,0.000000,1.000000,-0.000000,0.839277,-0.000000,-0.543705),fov=65.070419,dt=0.019570},
	{cf=CFrame.new(-4289.799316,5559.728516,14359.151367,-0.543705,-0.000000,-0.839277,0.000000,1.000000,-0.000000,0.839277,-0.000000,-0.543705),fov=65.093895,dt=0.012492},
	{cf=CFrame.new(-4290.124023,5559.811035,14358.940430,-0.543705,-0.000000,-0.839277,0.000000,1.000000,-0.000000,0.839277,-0.000000,-0.543705),fov=65.129105,dt=0.015065},
	{cf=CFrame.new(-4290.311523,5559.843262,14358.818359,-0.543705,-0.000000,-0.839277,0.000000,1.000000,-0.000000,0.839277,-0.000000,-0.543705),fov=65.158447,dt=0.014113},
	{cf=CFrame.new(-4290.442383,5559.851074,14358.733398,-0.543705,-0.000000,-0.839277,0.000000,1.000000,-0.000000,0.839277,-0.000000,-0.543705),fov=65.187790,dt=0.013984},
	{cf=CFrame.new(-4290.574219,5559.857910,14358.649414,-0.543705,-0.000000,-0.839277,0.000000,1.000000,-0.000000,0.839277,-0.000000,-0.543705),fov=65.217133,dt=0.013909},
	{cf=CFrame.new(-4290.732422,5559.867188,14358.547852,-0.543705,0.000000,-0.839277,-0.000000,1.000000,0.000000,0.839277,0.000000,-0.543705),fov=65.252350,dt=0.015888},
	{cf=CFrame.new(-4290.942871,5559.879395,14358.413086,-0.543705,0.000000,-0.839277,-0.000000,1.000000,0.000000,0.839277,0.000000,-0.543705),fov=65.299294,dt=0.022337},
	{cf=CFrame.new(-4291.026855,5559.880859,14358.352539,-0.543705,0.000000,-0.839277,-0.000000,1.000000,0.000000,0.839277,0.000000,-0.543705),fov=65.328636,dt=0.014065},
	{cf=CFrame.new(-4291.036133,5559.875000,14358.333008,-0.543705,0.000000,-0.839277,-0.000000,1.000000,0.000000,0.839277,0.000000,-0.543705),fov=65.352119,dt=0.012218},
	{cf=CFrame.new(-4291.051270,5559.866211,14358.303711,-0.543705,0.000000,-0.839277,-0.000000,1.000000,0.000000,0.839277,0.000000,-0.543705),fov=65.387314,dt=0.017260},
	{cf=CFrame.new(-4291.067871,5559.856445,14358.267578,-0.543705,0.000000,-0.839277,-0.000000,1.000000,0.000000,0.839277,0.000000,-0.543705),fov=65.428406,dt=0.017134},
	{cf=CFrame.new(-4291.083008,5559.847656,14358.238281,-0.543705,-0.000000,-0.839277,0.000000,1.000000,-0.000000,0.839277,-0.000000,-0.543705),fov=65.463623,dt=0.018060},
	{cf=CFrame.new(-4291.098145,5559.841309,14358.219727,-0.543705,-0.000000,-0.839277,0.000000,1.000000,-0.000000,0.839277,-0.000000,-0.543705),fov=65.498817,dt=0.017620},
	{cf=CFrame.new(-4291.116211,5559.850098,14358.257812,-0.543705,-0.000000,-0.839277,0.000000,1.000000,-0.000000,0.839277,-0.000000,-0.543705),fov=65.534035,dt=0.016808},
	{cf=CFrame.new(-4291.137207,5559.859375,14358.300781,-0.543705,-0.000000,-0.839277,0.000000,1.000000,-0.000000,0.839277,-0.000000,-0.543705),fov=65.575127,dt=0.018307},
	{cf=CFrame.new(-4291.148926,5559.864746,14358.326172,-0.543705,-0.000000,-0.839276,0.000000,1.000000,-0.000000,0.839276,-0.000000,-0.543705),fov=65.598595,dt=0.011803},
	{cf=CFrame.new(-4291.165527,5559.952637,14358.280273,-0.543705,-0.000000,-0.839277,0.000000,1.000000,-0.000000,0.839277,-0.000000,-0.543705),fov=65.633804,dt=0.016667},
	{cf=CFrame.new(-4291.185059,5560.054688,14358.226562,-0.543705,-0.000000,-0.839277,0.000000,1.000000,-0.000000,0.839277,-0.000000,-0.543705),fov=65.674881,dt=0.018187},
	{cf=CFrame.new(-4291.212891,5560.095703,14358.197266,-0.543705,0.000000,-0.839277,-0.000000,1.000000,0.000000,0.839277,0.000000,-0.543705),fov=65.721832,dt=0.021458},
	{cf=CFrame.new(-4291.239746,5560.031250,14358.212891,-0.543705,0.000000,-0.839277,-0.000000,1.000000,0.000000,0.839277,0.000000,-0.543705),fov=65.757042,dt=0.018420},
	{cf=CFrame.new(-4291.253906,5559.998535,14358.220703,-0.543705,0.000000,-0.839277,-0.000000,1.000000,0.000000,0.839277,0.000000,-0.543705),fov=65.774651,dt=0.008811},
	{cf=CFrame.new(-4291.280762,5559.933594,14358.236328,-0.543705,0.000000,-0.839276,-0.000000,1.000000,0.000000,0.839276,0.000000,-0.543705),fov=65.809860,dt=0.015866},
	{cf=CFrame.new(-4291.273926,5559.920410,14358.219727,-0.543705,0.000000,-0.839277,-0.000000,1.000000,0.000000,0.839277,0.000000,-0.543705),fov=65.845070,dt=0.017324},
	{cf=CFrame.new(-4291.272949,5559.907227,14358.199219,-0.543705,0.000000,-0.839277,-0.000000,1.000000,0.000000,0.839277,0.000000,-0.543705),fov=65.892021,dt=0.020407},
	{cf=CFrame.new(-4291.286133,5559.907227,14358.190430,-0.543705,-0.000000,-0.839277,0.000000,1.000000,-0.000000,0.839277,-0.000000,-0.543705),fov=65.921364,dt=0.015963},
	{cf=CFrame.new(-4291.300293,5559.907227,14358.181641,-0.543705,-0.000000,-0.839277,0.000000,1.000000,-0.000000,0.839277,-0.000000,-0.543705),fov=65.950706,dt=0.012960},
	{cf=CFrame.new(-4291.316406,5559.907715,14358.170898,-0.543705,-0.000000,-0.839277,0.000000,1.000000,-0.000000,0.839277,-0.000000,-0.543705),fov=65.985916,dt=0.017103},
	{cf=CFrame.new(-4291.335449,5559.907715,14358.159180,-0.543705,-0.000000,-0.839277,0.000000,1.000000,-0.000000,0.839277,-0.000000,-0.543705),fov=66.026993,dt=0.019361},
	{cf=CFrame.new(-4291.354004,5559.907715,14358.146484,-0.543705,-0.000000,-0.839277,0.000000,1.000000,-0.000000,0.839277,-0.000000,-0.543705),fov=66.068077,dt=0.019952},
	{cf=CFrame.new(-4291.368652,5559.930664,14358.163086,-0.543705,-0.000000,-0.839277,0.000000,1.000000,-0.000000,0.839277,-0.000000,-0.543705),fov=66.109154,dt=0.017710},
	{cf=CFrame.new(-4291.372070,5559.953125,14358.186523,-0.543705,-0.000000,-0.839277,0.000000,1.000000,-0.000000,0.839277,-0.000000,-0.543705),fov=66.126762,dt=0.008996},
	{cf=CFrame.new(-4291.380371,5559.999023,14358.232422,-0.543705,0.000000,-0.839276,-0.000000,1.000000,0.000000,0.839276,0.000000,-0.543705),fov=66.161972,dt=0.017224},
	{cf=CFrame.new(-4291.413086,5560.000488,14358.172852,-0.543705,0.000000,-0.839277,-0.000000,1.000000,0.000000,0.839277,0.000000,-0.543705),fov=66.203049,dt=0.018543},
	{cf=CFrame.new(-4291.440918,5560.001465,14358.121094,-0.543705,0.000000,-0.839277,-0.000000,1.000000,0.000000,0.839277,0.000000,-0.543705),fov=66.238258,dt=0.016895},
	{cf=CFrame.new(-4291.468750,5560.002441,14358.069336,-0.543705,0.000000,-0.839277,-0.000000,1.000000,0.000000,0.839277,0.000000,-0.543705),fov=66.273476,dt=0.017404},
	{cf=CFrame.new(-4291.492188,5560.003906,14358.025391,-0.543705,0.000000,-0.839276,-0.000000,1.000000,0.000000,0.839276,0.000000,-0.543705),fov=66.302818,dt=0.013910},
	{cf=CFrame.new(-4291.505371,5559.973633,14358.064453,-0.543705,0.000000,-0.839277,-0.000000,1.000000,0.000000,0.839277,0.000000,-0.543705),fov=66.338036,dt=0.016070},
	{cf=CFrame.new(-4291.521484,5559.938477,14358.110352,-0.543705,0.000000,-0.839277,-0.000000,1.000000,0.000000,0.839277,0.000000,-0.543705),fov=66.379105,dt=0.019826},
	{cf=CFrame.new(-4291.528809,5559.914062,14358.141602,-0.543705,-0.000000,-0.839277,0.000000,1.000000,-0.000000,0.839277,-0.000000,-0.543705),fov=66.414322,dt=0.017179},
	{cf=CFrame.new(-4291.503418,5559.919434,14358.137695,-0.543705,-0.000000,-0.839277,0.000000,1.000000,-0.000000,0.839277,-0.000000,-0.543705),fov=66.449539,dt=0.016221},
	{cf=CFrame.new(-4291.482910,5559.923828,14358.135742,-0.543705,-0.000000,-0.839277,0.000000,1.000000,-0.000000,0.839277,-0.000000,-0.543705),fov=66.478867,dt=0.013762},
	{cf=CFrame.new(-4291.459961,5559.917969,14358.126953,-0.543705,-0.000000,-0.839277,0.000000,1.000000,-0.000000,0.839277,-0.000000,-0.543705),fov=66.525818,dt=0.020759},
	{cf=CFrame.new(-4291.466797,5559.891602,14358.118164,-0.543705,-0.000000,-0.839277,0.000000,1.000000,-0.000000,0.839277,-0.000000,-0.543705),fov=66.555161,dt=0.013868},
	{cf=CFrame.new(-4291.474121,5559.859375,14358.105469,-0.543705,-0.000000,-0.839277,0.000000,1.000000,-0.000000,0.839277,-0.000000,-0.543705),fov=66.590370,dt=0.018155},
	{cf=CFrame.new(-4291.480469,5559.833008,14358.096680,-0.543705,0.000000,-0.839276,-0.000000,1.000000,0.000000,0.839276,0.000000,-0.543705),fov=66.619720,dt=0.014877},
	{cf=CFrame.new(-4291.477539,5559.907227,14358.066406,-0.543705,0.000000,-0.839277,-0.000000,1.000000,0.000000,0.839277,0.000000,-0.543705),fov=66.660797,dt=0.018536},
	{cf=CFrame.new(-4291.479004,5559.906738,14358.065430,-0.543705,0.000000,-0.839276,-0.000000,1.000000,0.000000,0.839276,0.000000,-0.543705),fov=66.690147,dt=0.014010},
	{cf=CFrame.new(-4291.469238,5559.990234,14358.044922,-0.543705,0.000000,-0.839277,-0.000000,1.000000,0.000000,0.839277,0.000000,-0.543705),fov=66.725342,dt=0.016861},
	{cf=CFrame.new(-4291.464844,5560.045898,14358.031250,-0.543705,0.000000,-0.839277,-0.000000,1.000000,0.000000,0.839277,0.000000,-0.543705),fov=66.772301,dt=0.020229},
	{cf=CFrame.new(-4291.476562,5559.976562,14358.044922,-0.543705,0.000000,-0.839277,-0.000000,1.000000,0.000000,0.839277,0.000000,-0.543705),fov=66.801651,dt=0.016229},
	{cf=CFrame.new(-4291.489258,5559.907227,14358.058594,-0.543705,0.000000,-0.839277,-0.000000,1.000000,0.000000,0.839277,0.000000,-0.543705),fov=66.836845,dt=0.014303},
	{cf=CFrame.new(-4291.491211,5559.907227,14358.057617,-0.543705,-0.000000,-0.839276,0.000000,1.000000,-0.000000,0.839276,-0.000000,-0.543705),fov=66.866196,dt=0.016479},
	{cf=CFrame.new(-4291.481445,5559.938965,14358.022461,-0.543705,-0.000000,-0.839277,0.000000,1.000000,-0.000000,0.839277,-0.000000,-0.543705),fov=66.907280,dt=0.017066},
	{cf=CFrame.new(-4291.474121,5559.962402,14357.997070,-0.543705,-0.000000,-0.839277,0.000000,1.000000,-0.000000,0.839277,-0.000000,-0.543705),fov=66.936623,dt=0.015482},
	{cf=CFrame.new(-4291.465332,5559.989746,14357.964844,-0.543705,-0.000000,-0.839276,0.000000,1.000000,-0.000000,0.839276,-0.000000,-0.543705),fov=66.971832,dt=0.015681},
	{cf=CFrame.new(-4291.513184,5559.956543,14357.999023,-0.543705,-0.000000,-0.839277,0.000000,1.000000,-0.000000,0.839277,-0.000000,-0.543705),fov=67.007042,dt=0.017553},
	{cf=CFrame.new(-4291.561523,5559.923828,14358.034180,-0.543705,-0.000000,-0.839277,0.000000,1.000000,-0.000000,0.839277,-0.000000,-0.543705),fov=67.042252,dt=0.016053},
	{cf=CFrame.new(-4291.609375,5559.890137,14358.068359,-0.543705,-0.000000,-0.839276,0.000000,1.000000,-0.000000,0.839276,-0.000000,-0.543705),fov=67.077461,dt=0.016645},
	{cf=CFrame.new(-4291.567871,5559.893066,14358.065430,-0.543705,0.000000,-0.839277,-0.000000,1.000000,0.000000,0.839277,0.000000,-0.543705),fov=67.112679,dt=0.016442},
	{cf=CFrame.new(-4291.526367,5559.895508,14358.061523,-0.543705,0.000000,-0.839277,-0.000000,1.000000,0.000000,0.839277,0.000000,-0.543705),fov=67.147888,dt=0.016408},
	{cf=CFrame.new(-4291.485352,5559.897949,14358.058594,-0.543705,0.000000,-0.839276,-0.000000,1.000000,0.000000,0.839276,0.000000,-0.543705),fov=67.183098,dt=0.017321},
	{cf=CFrame.new(-4291.486816,5559.896484,14358.035156,-0.543705,0.000000,-0.839277,-0.000000,1.000000,0.000000,0.839277,0.000000,-0.543705),fov=67.218307,dt=0.015847},
	{cf=CFrame.new(-4291.489258,5559.895508,14358.011719,-0.543705,0.000000,-0.839277,-0.000000,1.000000,0.000000,0.839277,0.000000,-0.543705),fov=67.253525,dt=0.016994},
	{cf=CFrame.new(-4291.491211,5559.895020,14357.988281,-0.543705,0.000000,-0.839276,-0.000000,1.000000,0.000000,0.839276,0.000000,-0.543705),fov=67.288734,dt=0.016674},
	{cf=CFrame.new(-4291.524414,5559.854492,14358.041016,-0.543705,0.000000,-0.839277,-0.000000,1.000000,0.000000,0.839277,0.000000,-0.543705),fov=67.323944,dt=0.016551},
	{cf=CFrame.new(-4291.557129,5559.813965,14358.095703,-0.543705,-0.000000,-0.839277,0.000000,1.000000,-0.000000,0.839277,-0.000000,-0.543705),fov=67.359154,dt=0.017213},
	{cf=CFrame.new(-4291.589844,5559.773926,14358.148438,-0.543705,-0.000000,-0.839276,0.000000,1.000000,-0.000000,0.839276,-0.000000,-0.543705),fov=67.394363,dt=0.016447},
	{cf=CFrame.new(-4291.553223,5559.840820,14358.095703,-0.543705,-0.000000,-0.839277,0.000000,1.000000,-0.000000,0.839277,-0.000000,-0.543705),fov=67.429588,dt=0.016540},
	{cf=CFrame.new(-4291.516113,5559.907715,14358.041016,-0.543705,-0.000000,-0.839276,0.000000,1.000000,-0.000000,0.839276,-0.000000,-0.543705),fov=67.464790,dt=0.016730},
	{cf=CFrame.new(-4291.521973,5559.897949,14358.055664,-0.543705,-0.000000,-0.839277,0.000000,1.000000,-0.000000,0.839277,-0.000000,-0.543705),fov=67.500000,dt=0.016042},
	{cf=CFrame.new(-4291.526855,5559.888184,14358.068359,-0.543705,-0.000000,-0.839277,0.000000,1.000000,-0.000000,0.839277,-0.000000,-0.543705),fov=67.535210,dt=0.017551},
	{cf=CFrame.new(-4291.532227,5559.878906,14358.081055,-0.543705,-0.000000,-0.839277,0.000000,1.000000,-0.000000,0.839277,-0.000000,-0.543705),fov=67.570419,dt=0.016350},
	{cf=CFrame.new(-4291.537598,5559.869141,14358.094727,-0.543705,0.000000,-0.839276,-0.000000,1.000000,0.000000,0.839276,0.000000,-0.543705),fov=67.605637,dt=0.018042},
	{cf=CFrame.new(-4291.535156,5559.874512,14358.068359,-0.543705,0.000000,-0.839277,-0.000000,1.000000,0.000000,0.839277,0.000000,-0.543705),fov=67.640846,dt=0.015795},
	{cf=CFrame.new(-4291.533691,5559.880859,14358.042969,-0.543705,0.000000,-0.839277,-0.000000,1.000000,0.000000,0.839277,0.000000,-0.543705),fov=67.676064,dt=0.016080},
	{cf=CFrame.new(-4291.532227,5559.886719,14358.017578,-0.543705,0.000000,-0.839276,-0.000000,1.000000,0.000000,0.839276,0.000000,-0.543705),fov=67.711258,dt=0.016826},
	{cf=CFrame.new(-4291.530762,5559.894043,14358.022461,-0.543705,0.000000,-0.839277,-0.000000,1.000000,0.000000,0.839277,0.000000,-0.543705),fov=67.746475,dt=0.017411},
	{cf=CFrame.new(-4291.529297,5559.900391,14358.028320,-0.543705,0.000000,-0.839277,-0.000000,1.000000,0.000000,0.839277,0.000000,-0.543705),fov=67.781700,dt=0.016838},
	{cf=CFrame.new(-4291.527344,5559.907227,14358.034180,-0.543705,-0.000000,-0.839276,0.000000,1.000000,-0.000000,0.839276,-0.000000,-0.543705),fov=67.816895,dt=0.016114},
	{cf=CFrame.new(-4291.515625,5559.901367,14358.061523,-0.543705,-0.000000,-0.839277,0.000000,1.000000,-0.000000,0.839277,-0.000000,-0.543705),fov=67.852112,dt=0.016003},
	{cf=CFrame.new(-4291.502930,5559.896484,14358.089844,-0.543705,-0.000000,-0.839277,0.000000,1.000000,-0.000000,0.839277,-0.000000,-0.543705),fov=67.887321,dt=0.017237},
	{cf=CFrame.new(-4291.490234,5559.890625,14358.116211,-0.543705,-0.000000,-0.839276,0.000000,1.000000,-0.000000,0.839276,-0.000000,-0.543705),fov=67.922531,dt=0.016260},
	{cf=CFrame.new(-4291.494629,5559.869629,14358.079102,-0.543705,-0.000000,-0.839277,0.000000,1.000000,-0.000000,0.839277,-0.000000,-0.543705),fov=67.957748,dt=0.016457},
	{cf=CFrame.new(-4291.498535,5559.848633,14358.041016,-0.543705,-0.000000,-0.839277,0.000000,1.000000,-0.000000,0.839277,-0.000000,-0.543705),fov=67.992958,dt=0.017070},
	{cf=CFrame.new(-4291.501953,5559.827148,14358.002930,-0.543705,-0.000000,-0.839276,0.000000,1.000000,-0.000000,0.839276,-0.000000,-0.543705),fov=68.028175,dt=0.017086},
	{cf=CFrame.new(-4291.541504,5559.874512,14358.016602,-0.543705,0.000000,-0.839277,-0.000000,1.000000,0.000000,0.839277,0.000000,-0.543705),fov=68.063370,dt=0.017212},
	{cf=CFrame.new(-4291.581055,5559.921875,14358.030273,-0.543705,0.000000,-0.839277,-0.000000,1.000000,0.000000,0.839277,0.000000,-0.543705),fov=68.098595,dt=0.015917},
	{cf=CFrame.new(-4291.620117,5559.968750,14358.042969,-0.543705,0.000000,-0.839276,-0.000000,1.000000,0.000000,0.839276,0.000000,-0.543705),fov=68.133804,dt=0.015969},
	{cf=CFrame.new(-4291.592773,5559.947266,14358.049805,-0.543705,0.000000,-0.839277,-0.000000,1.000000,0.000000,0.839277,0.000000,-0.543705),fov=68.169014,dt=0.016797},
	{cf=CFrame.new(-4291.565430,5559.925293,14358.057617,-0.543705,0.000000,-0.839277,-0.000000,1.000000,0.000000,0.839277,0.000000,-0.543705),fov=68.204224,dt=0.016695},
	{cf=CFrame.new(-4291.537598,5559.904297,14358.063477,-0.543705,0.000000,-0.839276,-0.000000,1.000000,0.000000,0.839276,0.000000,-0.543705),fov=68.239433,dt=0.016911},
	{cf=CFrame.new(-4291.520996,5559.878418,14358.047852,-0.543705,0.000000,-0.839277,-0.000000,1.000000,0.000000,0.839277,0.000000,-0.543705),fov=68.274651,dt=0.016784},
	{cf=CFrame.new(-4291.503418,5559.852051,14358.031250,-0.543705,-0.000000,-0.839277,0.000000,1.000000,-0.000000,0.839277,-0.000000,-0.543705),fov=68.309860,dt=0.016671},
	{cf=CFrame.new(-4291.485840,5559.826172,14358.014648,-0.543705,-0.000000,-0.839276,0.000000,1.000000,-0.000000,0.839276,-0.000000,-0.543705),fov=68.345070,dt=0.016942},
	{cf=CFrame.new(-4291.503906,5559.853516,14358.019531,-0.543705,-0.000000,-0.839277,0.000000,1.000000,-0.000000,0.839277,-0.000000,-0.543705),fov=68.380280,dt=0.016357},
	{cf=CFrame.new(-4291.520996,5559.880859,14358.023438,-0.543705,-0.000000,-0.839277,0.000000,1.000000,-0.000000,0.839277,-0.000000,-0.543705),fov=68.415489,dt=0.017734},
	{cf=CFrame.new(-4291.538086,5559.907715,14358.027344,-0.543705,-0.000000,-0.839276,0.000000,1.000000,-0.000000,0.839276,-0.000000,-0.543705),fov=68.450706,dt=0.017194},
	{cf=CFrame.new(-4291.537109,5559.904785,14358.026367,-0.543705,-0.000000,-0.839277,0.000000,1.000000,-0.000000,0.839277,-0.000000,-0.543705),fov=68.485916,dt=0.014715},
	{cf=CFrame.new(-4291.535645,5559.902344,14358.025391,-0.543705,-0.000000,-0.839277,0.000000,1.000000,-0.000000,0.839277,-0.000000,-0.543705),fov=68.521126,dt=0.016910},
	{cf=CFrame.new(-4291.534668,5559.899902,14358.025391,-0.543705,0.000000,-0.839277,-0.000000,1.000000,0.000000,0.839277,0.000000,-0.543705),fov=68.556335,dt=0.016578},
	{cf=CFrame.new(-4291.533203,5559.896973,14358.023438,-0.543705,0.000000,-0.839277,-0.000000,1.000000,0.000000,0.839277,0.000000,-0.543705),fov=68.591553,dt=0.017376},
	{cf=CFrame.new(-4291.531738,5559.894531,14358.022461,-0.543705,0.000000,-0.839277,-0.000000,1.000000,0.000000,0.839277,0.000000,-0.543705),fov=68.626762,dt=0.016349},
	{cf=CFrame.new(-4291.531250,5559.892090,14358.021484,-0.543705,0.000000,-0.839277,-0.000000,1.000000,0.000000,0.839277,0.000000,-0.543705),fov=68.661972,dt=0.016543},
	{cf=CFrame.new(-4291.530273,5559.890137,14358.019531,-0.543705,0.000000,-0.839276,-0.000000,1.000000,0.000000,0.839276,0.000000,-0.543705),fov=68.697182,dt=0.016549},
	{cf=CFrame.new(-4291.531738,5559.888672,14358.022461,-0.543705,0.000000,-0.839277,-0.000000,1.000000,0.000000,0.839277,0.000000,-0.543705),fov=68.732391,dt=0.018178},
	{cf=CFrame.new(-4291.532715,5559.887207,14358.024414,-0.543705,-0.000000,-0.839277,0.000000,1.000000,-0.000000,0.839277,-0.000000,-0.543705),fov=68.767616,dt=0.015314},
	{cf=CFrame.new(-4291.534180,5559.885254,14358.026367,-0.543705,-0.000000,-0.839277,0.000000,1.000000,-0.000000,0.839277,-0.000000,-0.543705),fov=68.802811,dt=0.017209},
	{cf=CFrame.new(-4291.535645,5559.884277,14358.028320,-0.543705,-0.000000,-0.839277,0.000000,1.000000,-0.000000,0.839277,-0.000000,-0.543705),fov=68.838028,dt=0.016430},
	{cf=CFrame.new(-4291.535156,5559.883301,14358.029297,-0.543705,-0.000000,-0.839277,0.000000,1.000000,-0.000000,0.839277,-0.000000,-0.543705),fov=68.879105,dt=0.018102},
	{cf=CFrame.new(-4291.530762,5559.885254,14358.027344,-0.543705,-0.000000,-0.839277,0.000000,1.000000,-0.000000,0.839277,-0.000000,-0.543705),fov=68.908447,dt=0.014867},
	{cf=CFrame.new(-4291.525391,5559.887207,14358.025391,-0.543705,-0.000000,-0.839277,0.000000,1.000000,-0.000000,0.839277,-0.000000,-0.543705),fov=68.943665,dt=0.017100},
	{cf=CFrame.new(-4291.518555,5559.889648,14358.022461,-0.543705,-0.000000,-0.839277,0.000000,1.000000,-0.000000,0.839277,-0.000000,-0.543705),fov=68.984741,dt=0.017931},
	{cf=CFrame.new(-4291.513672,5559.891602,14358.020508,-0.543705,0.000000,-0.839277,-0.000000,1.000000,0.000000,0.839277,0.000000,-0.543705),fov=69.014084,dt=0.014871},
	{cf=CFrame.new(-4291.507812,5559.893555,14358.017578,-0.543705,0.000000,-0.839276,-0.000000,1.000000,0.000000,0.839276,0.000000,-0.543705),fov=69.049286,dt=0.016716},
	{cf=CFrame.new(-4291.514160,5559.896484,14358.016602,-0.543705,0.000000,-0.839277,-0.000000,1.000000,0.000000,0.839277,0.000000,-0.543705),fov=69.084511,dt=0.017237},
	{cf=CFrame.new(-4291.521484,5559.899414,14358.015625,-0.543705,0.000000,-0.839277,-0.000000,1.000000,0.000000,0.839277,0.000000,-0.543705),fov=69.119728,dt=0.016193},
	{cf=CFrame.new(-4291.528809,5559.902832,14358.014648,-0.543705,0.000000,-0.839277,-0.000000,1.000000,0.000000,0.839277,0.000000,-0.543705),fov=69.154922,dt=0.017416},
	{cf=CFrame.new(-4291.535645,5559.905273,14358.013672,-0.543705,0.000000,-0.839277,-0.000000,1.000000,0.000000,0.839277,0.000000,-0.543705),fov=69.190140,dt=0.015576},
	{cf=CFrame.new(-4291.542480,5559.908203,14358.012695,-0.543705,-0.000000,-0.839276,0.000000,1.000000,-0.000000,0.839276,-0.000000,-0.543705),fov=69.225349,dt=0.017774},
	{cf=CFrame.new(-4291.541992,5559.904297,14358.018555,-0.543705,-0.000000,-0.839277,0.000000,1.000000,-0.000000,0.839277,-0.000000,-0.543705),fov=69.260567,dt=0.017051},
	{cf=CFrame.new(-4291.541992,5559.900879,14358.025391,-0.543705,-0.000000,-0.839277,0.000000,1.000000,-0.000000,0.839277,-0.000000,-0.543705),fov=69.295776,dt=0.015591},
	{cf=CFrame.new(-4291.541504,5559.896484,14358.031250,-0.543705,-0.000000,-0.839277,0.000000,1.000000,-0.000000,0.839277,-0.000000,-0.543705),fov=69.330986,dt=0.016489},
	{cf=CFrame.new(-4291.540527,5559.892578,14358.037109,-0.543705,-0.000000,-0.839277,0.000000,1.000000,-0.000000,0.839277,-0.000000,-0.543705),fov=69.366203,dt=0.017397},
	{cf=CFrame.new(-4291.540039,5559.888184,14358.042969,-0.543705,-0.000000,-0.839276,0.000000,1.000000,-0.000000,0.839276,-0.000000,-0.543705),fov=69.401398,dt=0.017235},
	{cf=CFrame.new(-4291.539062,5559.892578,14358.045898,-0.543705,-0.000000,-0.839277,0.000000,1.000000,-0.000000,0.839277,-0.000000,-0.543705),fov=69.436623,dt=0.016646},
	{cf=CFrame.new(-4291.538086,5559.897461,14358.047852,-0.543705,0.000000,-0.839277,-0.000000,1.000000,0.000000,0.839277,0.000000,-0.543705),fov=69.471832,dt=0.015900},
	{cf=CFrame.new(-4291.537598,5559.901367,14358.050781,-0.543705,0.000000,-0.839277,-0.000000,1.000000,0.000000,0.839277,0.000000,-0.543705),fov=69.507042,dt=0.015921},
	{cf=CFrame.new(-4291.536621,5559.906250,14358.053711,-0.543705,0.000000,-0.839277,-0.000000,1.000000,0.000000,0.839277,0.000000,-0.543705),fov=69.542252,dt=0.018404},
	{cf=CFrame.new(-4291.535645,5559.910645,14358.055664,-0.543705,0.000000,-0.839276,-0.000000,1.000000,0.000000,0.839276,0.000000,-0.543705),fov=69.577461,dt=0.016738},
	{cf=CFrame.new(-4291.536133,5559.908203,14358.055664,-0.543705,0.000000,-0.839277,-0.000000,1.000000,0.000000,0.839277,0.000000,-0.543705),fov=69.612679,dt=0.015069},
	{cf=CFrame.new(-4291.535645,5559.905762,14358.054688,-0.543705,0.000000,-0.839277,-0.000000,1.000000,0.000000,0.839277,0.000000,-0.543705),fov=69.647888,dt=0.016890},
	{cf=CFrame.new(-4291.535645,5559.903320,14358.053711,-0.543705,-0.000000,-0.839277,0.000000,1.000000,-0.000000,0.839277,-0.000000,-0.543705),fov=69.683098,dt=0.017230},
	{cf=CFrame.new(-4291.535645,5559.900879,14358.052734,-0.543705,-0.000000,-0.839277,0.000000,1.000000,-0.000000,0.839277,-0.000000,-0.543705),fov=69.718307,dt=0.016603},
	{cf=CFrame.new(-4291.535645,5559.898926,14358.051758,-0.543705,-0.000000,-0.839276,0.000000,1.000000,-0.000000,0.839276,-0.000000,-0.543705),fov=69.753525,dt=0.016507},
