local Players = game:GetService('Players')
local RunService = game:GetService('RunService')

local player = Players.LocalPlayer
local camera = workspace.CurrentCamera

local root = player.Character:WaitForChild('HumanoidRootPart')

camera.CameraType = Enum.CameraType.Scriptable

local frames = {
	{cf=CFrame.new(53.459137,67.732681,-108.065033,-0.319323,0.679597,-0.660440,0.913210,0.406846,-0.022890,0.253142,-0.610430,-0.750530),fov=70.000000,dt=0.034775},
	{cf=CFrame.new(-31.914032,97.944031,-340.797821,-0.905884,0.388914,-0.167691,0.414933,0.894326,-0.167365,0.084880,-0.221194,-0.971529),fov=70.000000,dt=0.025210},
	{cf=CFrame.new(-91.352997,113.791687,-345.962677,-0.943347,0.214372,-0.253262,0.261430,0.950232,-0.169452,0.204331,-0.226062,-0.952441),fov=70.000000,dt=0.023942},
	{cf=CFrame.new(-91.078636,113.935303,-345.212311,-0.943426,0.214552,-0.252815,0.261316,0.950419,-0.168573,0.204112,-0.225101,-0.952716),fov=70.000000,dt=0.018747},
	{cf=CFrame.new(-90.902367,114.027527,-344.730560,-0.943489,0.214563,-0.252567,0.261166,0.950545,-0.168095,0.204009,-0.224558,-0.952866),fov=70.000000,dt=0.028009},
	{cf=CFrame.new(-90.700821,114.132965,-344.180450,-0.943568,0.214674,-0.252178,0.261053,0.950686,-0.167473,0.203790,-0.223854,-0.953079),fov=70.000000,dt=0.027440},
	{cf=CFrame.new(-90.223259,114.381744,-342.877350,-0.943737,0.214863,-0.251385,0.260752,0.951018,-0.166050,0.203394,-0.222257,-0.953537),fov=70.000000,dt=0.019865},
	{cf=CFrame.new(-89.948288,114.524567,-342.127472,-0.943841,0.214995,-0.250879,0.260602,0.951194,-0.165278,0.203101,-0.221375,-0.953804),fov=70.000000,dt=0.020290},
	{cf=CFrame.new(-89.649635,114.679810,-341.313934,-0.943957,0.215071,-0.250378,0.260377,0.951405,-0.164412,0.202851,-0.220390,-0.954086),fov=70.000000,dt=0.025518},
	{cf=CFrame.new(-88.983643,115.024750,-339.500946,-0.944229,0.215319,-0.249136,0.259928,0.951862,-0.162470,0.202160,-0.218166,-0.954743),fov=70.000000,dt=0.021066},
	{cf=CFrame.new(-88.617050,115.214417,-338.504181,-0.944396,0.215413,-0.248420,0.259629,0.952128,-0.161387,0.201762,-0.216911,-0.955114),fov=70.000000,dt=0.019928},
	{cf=CFrame.new(-88.228828,115.414764,-337.449127,-0.944564,0.215506,-0.247703,0.259331,0.952392,-0.160304,0.201364,-0.215654,-0.955482),fov=70.000000,dt=0.023131},
	{cf=CFrame.new(-87.388878,115.847565,-335.168915,-0.944960,0.215631,-0.246079,0.258586,0.952994,-0.157912,0.200461,-0.212853,-0.956300),fov=70.000000,dt=0.027629},
	{cf=CFrame.new(-86.938248,116.078827,-333.946564,-0.945188,0.215662,-0.245171,0.258141,0.953330,-0.156603,0.199955,-0.211308,-0.956748),fov=70.000000,dt=0.017729},
	{cf=CFrame.new(-86.467583,116.320404,-332.671112,-0.945405,0.215769,-0.244238,0.257770,0.953644,-0.155300,0.199407,-0.209779,-0.957199),fov=70.000000,dt=0.023204},
	{cf=CFrame.new(-85.468575,116.831360,-329.966400,-0.945911,0.215820,-0.242226,0.256808,0.954348,-0.152545,0.198246,-0.206500,-0.958153),fov=70.000000,dt=0.030590},
	{cf=CFrame.new(-84.395454,117.378326,-327.065582,-0.946502,0.215778,-0.239945,0.255664,0.955124,-0.149582,0.196900,-0.202925,-0.959193),fov=70.000000,dt=0.022507},
	{cf=CFrame.new(-83.832230,117.664795,-325.544952,-0.946815,0.215714,-0.238767,0.255037,0.955528,-0.148061,0.196210,-0.201081,-0.959723),fov=70.000000,dt=0.017285},
	{cf=CFrame.new(-83.251869,117.959167,-323.979095,-0.947151,0.215623,-0.237511,0.254375,0.955936,-0.146559,0.195444,-0.199231,-0.960265),fov=70.000000,dt=0.027403},
	{cf=CFrame.new(-82.041489,118.571655,-320.717743,-0.947882,0.215371,-0.234808,0.252905,0.956816,-0.143324,0.193800,-0.195238,-0.961418),fov=70.000000,dt=0.025298},
	{cf=CFrame.new(-81.412491,118.888550,-319.024628,-0.948265,0.215266,-0.233355,0.252173,0.957254,-0.141683,0.192880,-0.193199,-0.962014),fov=70.000000,dt=0.017354},
	{cf=CFrame.new(-80.768112,119.213104,-317.292267,-0.948657,0.215102,-0.231907,0.251368,0.957721,-0.139946,0.192000,-0.191055,-0.962618),fov=70.000000,dt=0.029837},
	{cf=CFrame.new(-79.435257,119.881744,-313.713165,-0.949522,0.214611,-0.228803,0.249577,0.958684,-0.136517,0.190051,-0.186730,-0.963853),fov=70.000000,dt=0.022497},
	{cf=CFrame.new(-78.747742,120.225555,-311.869598,-0.949993,0.214304,-0.227126,0.248592,0.959191,-0.134738,0.188982,-0.184462,-0.964500),fov=70.000000,dt=0.018265},
	{cf=CFrame.new(-77.332603,120.930634,-308.080231,-0.950989,0.213550,-0.223641,0.246479,0.960226,-0.131202,0.186728,-0.179894,-0.965801),fov=70.000000,dt=0.026438},
	{cf=CFrame.new(-76.605957,121.291687,-306.137604,-0.951502,0.213202,-0.221788,0.245427,0.960745,-0.129365,0.185500,-0.177523,-0.966476),fov=70.000000,dt=0.020374},
	{cf=CFrame.new(-75.867226,121.657379,-304.164154,-0.952022,0.212771,-0.219959,0.244302,0.961279,-0.127516,0.184311,-0.175134,-0.967139),fov=70.000000,dt=0.021312},
	{cf=CFrame.new(-74.355209,122.403351,-300.131744,-0.953171,0.211657,-0.216023,0.241762,0.962408,-0.123781,0.181703,-0.170211,-0.968510),fov=70.000000,dt=0.027864},
	{cf=CFrame.new(-73.582893,122.783112,-298.075714,-0.953764,0.211056,-0.213986,0.240458,0.962966,-0.121970,0.180319,-0.167785,-0.969192),fov=70.000000,dt=0.022711},
	{cf=CFrame.new(-72.007851,123.554169,-293.889374,-0.955016,0.209724,-0.209665,0.237675,0.964125,-0.118207,0.177353,-0.162722,-0.970602),fov=70.000000,dt=0.028063},
	{cf=CFrame.new(-71.206017,123.944916,-291.761688,-0.955664,0.208919,-0.207505,0.236156,0.964729,-0.116315,0.175886,-0.160162,-0.971294),fov=70.000000,dt=0.023110},
	{cf=CFrame.new(-69.576210,124.735626,-287.445038,-0.957024,0.207283,-0.202827,0.233057,0.965933,-0.112510,0.172596,-0.154945,-0.972730),fov=70.000000,dt=0.018930},
	{cf=CFrame.new(-68.749115,125.135132,-285.258759,-0.957757,0.206275,-0.200381,0.231325,0.966562,-0.110666,0.170853,-0.152344,-0.973448),fov=70.000000,dt=0.025136},
	{cf=CFrame.new(-67.914436,125.536987,-283.055206,-0.958483,0.205281,-0.197916,0.229598,0.967194,-0.108727,0.169103,-0.149654,-0.974170),fov=70.000000,dt=0.019887},
	{cf=CFrame.new(-66.224380,126.346558,-278.602448,-0.959991,0.203092,-0.192798,0.225965,0.968464,-0.104963,0.165401,-0.144329,-0.975608),fov=70.000000,dt=0.020178},
	{cf=CFrame.new(-65.369888,126.753876,-276.355988,-0.960771,0.201898,-0.190146,0.224060,0.969103,-0.103136,0.163448,-0.141694,-0.976323),fov=70.000000,dt=0.028698},
	{cf=CFrame.new(-63.644264,127.571594,-271.829010,-0.962393,0.199267,-0.184642,0.220001,0.970422,-0.099404,0.159373,-0.136287,-0.977766),fov=70.000000,dt=0.021964},
	{cf=CFrame.new(-62.774071,127.981720,-269.551483,-0.963221,0.197889,-0.181783,0.217921,0.971074,-0.097595,0.157212,-0.133620,-0.978483),fov=70.000000,dt=0.019416},
	{cf=CFrame.new(-61.899574,128.392090,-267.266266,-0.964071,0.196416,-0.178854,0.215734,0.971751,-0.095697,0.155005,-0.130844,-0.979211),fov=70.000000,dt=0.026734},
	{cf=CFrame.new(-60.139332,129.213562,-262.678192,-0.965820,0.193166,-0.172856,0.211105,0.973117,-0.092080,0.150422,-0.125423,-0.980634),fov=70.000000,dt=0.019698},
	{cf=CFrame.new(-59.254662,129.623169,-260.377777,-0.966717,0.191390,-0.169787,0.208663,0.973804,-0.090359,0.148046,-0.122780,-0.981330),fov=70.000000,dt=0.021785},
	{cf=CFrame.new(-58.367363,130.032623,-258.074921,-0.967621,0.189595,-0.166621,0.206191,0.974496,-0.088556,0.145582,-0.120044,-0.982036),fov=70.000000,dt=0.023398},
	{cf=CFrame.new(-57.478123,130.440857,-255.771332,-0.968551,0.187715,-0.163318,0.203647,0.975183,-0.086862,0.142960,-0.117389,-0.982742),fov=70.000000,dt=0.024146},
	{cf=CFrame.new(-55.695335,131.253479,-251.166412,-0.970434,0.183636,-0.156640,0.198269,0.976590,-0.083438,0.137650,-0.112028,-0.984125),fov=70.000000,dt=0.024038},
	{cf=CFrame.new(-54.802696,131.657318,-248.867737,-0.971386,0.181436,-0.153265,0.195434,0.977307,-0.081706,0.134962,-0.109321,-0.984801),fov=70.000000,dt=0.027973},
	{cf=CFrame.new(-10.541802,652.761719,35.888721,0.994119,0.067897,-0.084365,0.003208,0.760240,0.649634,0.108246,-0.646084,0.755552),fov=70.000000,dt=0.025498},
	{cf=CFrame.new(-11.084743,650.098145,31.746311,0.993111,0.074103,-0.090774,0.003184,0.757304,0.653055,0.117136,-0.648845,0.751851),fov=70.000000,dt=0.023266},
	{cf=CFrame.new(-11.358167,648.773071,29.688053,0.992565,0.077283,-0.094032,0.003175,0.755854,0.654732,0.121674,-0.650163,0.749989),fov=70.000000,dt=0.021144},
	{cf=CFrame.new(-11.632747,647.453491,27.639996,0.991974,0.080611,-0.097412,0.003156,0.754394,0.656415,0.126402,-0.651454,0.748085),fov=70.000000,dt=0.018153},
	{cf=CFrame.new(-11.908509,646.139893,25.603714,0.991346,0.084052,-0.100837,0.003092,0.752983,0.658033,0.131238,-0.652650,0.746207),fov=70.000000,dt=0.027270},
	{cf=CFrame.new(-12.462890,643.534546,21.570717,0.989969,0.091143,-0.107958,0.003025,0.750257,0.661140,0.141254,-0.654834,0.742455),fov=70.000000,dt=0.023040},
	{cf=CFrame.new(-12.741374,642.244019,19.576424,0.989216,0.094799,-0.111648,0.003029,0.748881,0.662698,0.146434,-0.655889,0.740518),fov=70.000000,dt=0.022253},
	{cf=CFrame.new(-13.300513,639.691650,15.638284,0.987563,0.102475,-0.119240,0.002932,0.746278,0.665628,0.157196,-0.657699,0.736696),fov=70.000000,dt=0.017963},
	{cf=CFrame.new(-13.581014,638.431030,13.697059,0.986659,0.106500,-0.123137,0.002837,0.744989,0.667070,0.162778,-0.658520,0.734748),fov=70.000000,dt=0.022400},
	{cf=CFrame.new(-13.862035,637.181763,11.775815,0.985709,0.110555,-0.127107,0.002778,0.743754,0.668447,0.168436,-0.659247,0.732818),fov=70.000000,dt=0.023061},
	{cf=CFrame.new(-14.425160,634.720703,7.998871,0.983621,0.119068,-0.135324,0.002600,0.741308,0.671160,0.180230,-0.660519,0.728856),fov=70.000000,dt=0.031270},
	{cf=CFrame.new(-14.707070,633.510620,6.145338,0.982493,0.123489,-0.139496,0.002443,0.740157,0.672430,0.186286,-0.660998,0.726897),fov=70.000000,dt=0.021597},
	{cf=CFrame.new(-15.271338,631.133911,2.514608,0.980020,0.132599,-0.148254,0.002261,0.737888,0.674920,0.198889,-0.661770,0.722844),fov=70.000000,dt=0.022985},
	{cf=CFrame.new(-15.553452,629.969238,0.739879,0.978679,0.137332,-0.152734,0.002117,0.736824,0.676081,0.205386,-0.661989,0.720824),fov=70.000000,dt=0.023166},
	{cf=CFrame.new(-15.835479,628.821045,-1.006097,0.977277,0.142091,-0.157288,0.002005,0.735815,0.677180,0.211956,-0.662108,0.718810),fov=70.000000,dt=0.025080},
	{cf=CFrame.new(-16.398838,626.578125,-4.407346,0.974220,0.152074,-0.166637,0.001635,0.733868,0.679290,0.225592,-0.662051,0.714701),fov=70.000000,dt=0.016760},
	{cf=CFrame.new(-16.679985,625.484497,-6.059916,0.972565,0.157218,-0.171463,0.001455,0.732936,0.680296,0.232626,-0.661882,0.712599),fov=70.000000,dt=0.022548},
	{cf=CFrame.new(-16.960663,624.410645,-7.679018,0.970812,0.162496,-0.176408,0.001260,0.732050,0.681250,0.239840,-0.661587,0.710478),fov=70.000000,dt=0.024069},
	{cf=CFrame.new(-17.520355,622.325562,-10.811481,0.967043,0.173301,-0.186534,0.000824,0.730483,0.682930,0.254612,-0.660576,0.706266),fov=70.000000,dt=0.028371},
	{cf=CFrame.new(-17.799133,621.315308,-12.322424,0.965013,0.178914,-0.191675,0.000514,0.729731,0.683734,0.262201,-0.659911,0.704108),fov=70.000000,dt=0.024128},
	{cf=CFrame.new(-18.354183,619.364014,-15.227701,0.960627,0.190369,-0.202372,0.000001,0.728373,0.685180,0.277840,-0.658203,0.699695),fov=70.000000,dt=0.018330},
	{cf=CFrame.new(-18.630283,618.424072,-16.619808,0.958245,0.196369,-0.207861,-0.000362,0.727749,0.685843,0.285949,-0.657131,0.697433),fov=70.000000,dt=0.022907},
	{cf=CFrame.new(-18.905388,617.507812,-17.971870,0.955758,0.202473,-0.213379,-0.000762,0.727103,0.686528,0.294152,-0.655993,0.695089),fov=70.000000,dt=0.027756},
	{cf=CFrame.new(-19.452423,615.744385,-20.559124,0.950327,0.215196,-0.224877,-0.001630,0.725918,0.687779,0.311249,-0.653248,0.690211),fov=70.000000,dt=0.021364},
	{cf=CFrame.new(-19.724102,614.896362,-21.795998,0.947394,0.221791,-0.230767,-0.002117,0.725315,0.688414,0.320063,-0.651711,0.687629),fov=70.000000,dt=0.025172},
	{cf=CFrame.new(-20.264229,613.265381,-24.160442,0.941093,0.235401,-0.242756,-0.003240,0.724142,0.689643,0.338132,-0.648232,0.682248),fov=70.000000,dt=0.016484},
	{cf=CFrame.new(-20.532318,612.481567,-25.289921,0.937686,0.242431,-0.248940,-0.003860,0.723633,0.690174,0.347461,-0.646206,0.679477),fov=70.000000,dt=0.030472},
	{cf=CFrame.new(-21.064793,610.974121,-27.447029,0.930387,0.256907,-0.261494,-0.005234,0.722572,0.691275,0.366542,-0.641785,0.673617),fov=70.000000,dt=0.021927},
	{cf=CFrame.new(-21.329033,610.249878,-28.476440,0.926496,0.264258,-0.267905,-0.005926,0.722094,0.691770,0.376259,-0.639334,0.670583),fov=70.000000,dt=0.018201},
	{cf=CFrame.new(-21.591789,609.544556,-29.474487,0.922378,0.271827,-0.274462,-0.006682,0.721630,0.692246,0.386231,-0.636679,0.667432),fov=70.000000,dt=0.028190},
	{cf=CFrame.new(-22.113094,608.188843,-31.379040,0.913658,0.287078,-0.287775,-0.008143,0.720748,0.693149,0.406402,-0.630958,0.660855),fov=70.000000,dt=0.023793},
	{cf=CFrame.new(-22.371433,607.537476,-32.287457,0.908986,0.294943,-0.294539,-0.008970,0.720299,0.693606,0.416730,-0.627836,0.657387),fov=70.000000,dt=0.022513},
	{cf=CFrame.new(-22.883595,606.285645,-34.020439,0.899113,0.310725,-0.308295,-0.010634,0.719623,0.694283,0.437587,-0.620961,0.650327),fov=70.000000,dt=0.022397},
	{cf=CFrame.new(-23.137260,605.684204,-34.846859,0.893868,0.318695,-0.315330,-0.011398,0.719270,0.694637,0.448185,-0.617320,0.646565),fov=70.000000,dt=0.015810},
	{cf=CFrame.new(-23.389297,605.098145,-35.647785,0.888436,0.326713,-0.322397,-0.012237,0.718999,0.694903,0.458837,-0.613432,0.642783),fov=70.000000,dt=0.031118},
	{cf=CFrame.new(-23.888157,603.971436,-37.176003,0.876895,0.342917,-0.336844,-0.013926,0.718590,0.695294,0.480481,-0.605009,0.634903),fov=70.000000,dt=0.020976},
	{cf=CFrame.new(-24.134926,603.429565,-37.905163,0.870853,0.351055,-0.344058,-0.014820,0.718387,0.695486,0.491321,-0.600567,0.630812),fov=70.000000,dt=0.019060},
	{cf=CFrame.new(-24.379967,602.901367,-38.612106,0.864542,0.359208,-0.351477,-0.015651,0.718278,0.695580,0.502316,-0.595858,0.626603),fov=70.000000,dt=0.028524},
	{cf=CFrame.new(-24.864574,601.884644,-39.962967,0.851364,0.375470,-0.366335,-0.017365,0.718135,0.695687,0.524287,-0.585921,0.617915),fov=70.000000,dt=0.023578},
	{cf=CFrame.new(-25.104076,601.394897,-40.608555,0.844511,0.383480,-0.373823,-0.018201,0.718181,0.695618,0.535228,-0.580653,0.613492),fov=70.000000,dt=0.020898},
	{cf=CFrame.new(-25.341534,600.917114,-41.235363,0.837394,0.391556,-0.381386,-0.019062,0.718237,0.695537,0.546268,-0.575168,0.608911),fov=70.000000,dt=0.018691},
	{cf=CFrame.new(-25.810509,599.994995,-42.436096,0.822607,0.407441,-0.396622,-0.020753,0.718578,0.695136,0.568231,-0.563593,0.599564),fov=70.000000,dt=0.023993},
	{cf=CFrame.new(-26.042068,599.549805,-43.011795,0.814936,0.415263,-0.404273,-0.021560,0.718801,0.694881,0.579150,-0.557567,0.594729),fov=70.000000,dt=0.023438},
	{cf=CFrame.new(-26.271305,599.114502,-43.572037,0.807052,0.423015,-0.411977,-0.022383,0.719113,0.694533,0.590056,-0.551303,0.589830),fov=70.000000,dt=0.027156},
	{cf=CFrame.new(-26.723827,598.272095,-44.650127,0.790764,0.438209,-0.427393,-0.024026,0.719898,0.693664,0.611650,-0.538256,0.579798),fov=70.000000,dt=0.016698},
	{cf=CFrame.new(-26.946789,597.863770,-45.169632,0.782381,0.445572,-0.435139,-0.024775,0.720395,0.693122,0.622307,-0.531505,0.574662),fov=70.000000,dt=0.029358},
	{cf=CFrame.new(-27.385975,597.070923,-46.173603,0.765145,0.459915,-0.450589,-0.026350,0.721609,0.691800,0.643318,-0.517454,0.564254),fov=70.000000,dt=0.022922},
	{cf=CFrame.new(-27.602089,596.685425,-46.659775,0.756318,0.466818,-0.458328,-0.027107,0.722349,0.690997,0.653643,-0.510190,0.558979),fov=70.000000,dt=0.022483},
	{cf=CFrame.new(-28.027611,595.933838,-47.605400,0.738250,0.480096,-0.473809,-0.028543,0.724037,0.689171,0.673923,-0.495256,0.548223),fov=70.000000,dt=0.025377},
	{cf=CFrame.new(-28.236774,595.566650,-48.066246,0.729070,0.486443,-0.481487,-0.029259,0.724985,0.688143,0.683813,-0.487617,0.542798),fov=70.000000,dt=0.014015},
	{cf=CFrame.new(-28.443317,595.204834,-48.520229,0.719759,0.492594,-0.489181,-0.029978,0.726041,0.686998,0.693577,-0.479808,0.537342),fov=70.000000,dt=0.022862},
	{cf=CFrame.new(-28.647614,594.847656,-48.968388,0.710403,0.498475,-0.496841,-0.030630,0.727174,0.685770,0.703129,-0.471954,0.531854),fov=70.000000,dt=0.028598},
	{cf=CFrame.new(-29.048561,594.145874,-49.850288,0.691524,0.509521,-0.512039,-0.031957,0.729733,0.682985,0.721646,-0.455938,0.520910),fov=70.000000,dt=0.019775},
	{cf=CFrame.new(-29.245079,593.800537,-50.285023,0.682010,0.514709,-0.519554,-0.032600,0.731102,0.681489,0.730616,-0.447845,0.515398),fov=70.000000,dt=0.021150},
	{cf=CFrame.new(-29.439171,593.458862,-50.715534,0.672471,0.519601,-0.527065,-0.033224,0.732606,0.679841,0.739377,-0.439662,0.509920),fov=70.000000,dt=0.027915},
	{cf=CFrame.new(-29.818958,592.786499,-51.564674,0.653375,0.528650,-0.541877,-0.034377,0.735769,0.676359,0.756253,-0.423288,0.498907),fov=70.000000,dt=0.022183},
	{cf=CFrame.new(-30.004623,592.455566,-51.983158,0.643733,0.532873,-0.549231,-0.034984,0.737456,0.674489,0.764450,-0.414976,0.493367),fov=70.000000,dt=0.017167},
	{cf=CFrame.new(-30.187408,592.127930,-52.397766,0.634220,0.536784,-0.556442,-0.035611,0.739223,0.672519,0.772332,-0.406709,0.487945),fov=70.000000,dt=0.029912},
	{cf=CFrame.new(-30.544159,591.483154,-53.215523,0.615102,0.543923,-0.570787,-0.036723,0.742916,0.668377,0.787592,-0.390159,0.476943),fov=70.000000,dt=0.023195},
	{cf=CFrame.new(-30.888588,590.850952,-54.017895,0.596173,0.550076,-0.584803,-0.037905,0.746875,0.663883,0.801961,-0.373622,0.466118),fov=70.000000,dt=0.015555},
	{cf=CFrame.new(-31.056149,590.540161,-54.413555,0.586762,0.552886,-0.591631,-0.038512,0.748853,0.661617,0.808843,-0.365427,0.460691),fov=70.000000,dt=0.030781},
	{cf=CFrame.new(-31.220390,590.232178,-54.805473,0.577376,0.555433,-0.598441,-0.039079,0.750913,0.659244,0.815543,-0.357245,0.455264),fov=70.000000,dt=0.017938},
	{cf=CFrame.new(-31.539162,589.624878,-55.578659,0.558780,0.559876,-0.611804,-0.040266,0.755167,0.654295,0.828338,-0.340972,0.444516),fov=70.000000,dt=0.027617},
	{cf=CFrame.new(-31.693336,589.325684,-55.959881,0.549688,0.561722,-0.618314,-0.040810,0.757341,0.651743,0.834373,-0.333022,0.439225),fov=70.000000,dt=0.016388},
	{cf=CFrame.new(-31.844086,589.029541,-56.337650,0.540501,0.563464,-0.624794,-0.041423,0.759536,0.649145,0.840323,-0.324983,0.433870),fov=70.000000,dt=0.029522},
	{cf=CFrame.new(-32.134979,588.445435,-57.082695,0.522547,0.566316,-0.637363,-0.042577,0.763942,0.643878,0.851547,-0.309320,0.423308),fov=70.000000,dt=0.017566},
	{cf=CFrame.new(-32.274967,588.157593,-57.450371,0.513682,0.567448,-0.643532,-0.043242,0.766224,0.641117,0.856890,-0.301503,0.418133),fov=70.000000,dt=0.022179},
	{cf=CFrame.new(-32.411327,587.872253,-57.814571,0.504925,0.568449,-0.649551,-0.043887,0.768458,0.638394,0.862047,-0.293834,0.412961),fov=70.000000,dt=0.031345},
	{cf=CFrame.new(-32.672432,587.309326,-58.533150,0.487655,0.569863,-0.661399,-0.045052,0.773001,0.632803,0.871873,-0.278792,0.402632),fov=70.000000,dt=0.020633},
	{cf=CFrame.new(-32.797184,587.031738,-58.887680,0.479167,0.570399,-0.667116,-0.045738,0.775247,0.630001,0.876532,-0.271363,0.397561),fov=70.000000,dt=0.020720},
	{cf=CFrame.new(-33.034855,586.483521,-59.587261,0.462469,0.570940,-0.678344,-0.046940,0.779770,0.624305,0.885392,-0.256880,0.387419),fov=70.000000,dt=0.026049},
	{cf=CFrame.new(-33.147694,586.212646,-59.932480,0.454235,0.570978,-0.683853,-0.047568,0.782063,0.621382,0.889611,-0.249723,0.382400),fov=70.000000,dt=0.022172},
	{cf=CFrame.new(-33.360588,585.678223,-60.613827,0.438179,0.570685,-0.694491,-0.048803,0.786576,0.615562,0.897562,-0.235833,0.372512),fov=70.000000,dt=0.021840},
	{cf=CFrame.new(-33.460892,585.413940,-60.950001,0.430280,0.570372,-0.699668,-0.049375,0.788798,0.612667,0.901344,-0.229073,0.367566),fov=70.000000,dt=0.024018},
	{cf=CFrame.new(-33.556740,585.151855,-61.283398,0.422496,0.569945,-0.704741,-0.050084,0.791039,0.609712,0.904980,-0.222305,0.362756),fov=70.000000,dt=0.020949},
	{cf=CFrame.new(-33.735184,584.633789,-61.941582,0.407246,0.568749,-0.714616,-0.051294,0.795447,0.603849,0.911877,-0.209259,0.353116),fov=70.000000,dt=0.018172},
	{cf=CFrame.new(-33.817764,584.377686,-62.266556,0.399751,0.568050,-0.719388,-0.051859,0.797582,0.600978,0.915156,-0.202935,0.348293),fov=70.000000,dt=0.022227},
	{cf=CFrame.new(-33.895824,584.123474,-62.588734,0.392418,0.567180,-0.724096,-0.052495,0.799771,0.598006,0.918288,-0.196657,0.343618),fov=70.000000,dt=0.029477},
	{cf=CFrame.new(-34.037697,583.620239,-63.225155,0.378034,0.565254,-0.733197,-0.053681,0.804018,0.592176,0.924234,-0.184505,0.334290),fov=70.000000,dt=0.021939},
	{cf=CFrame.new(-34.101601,583.371216,-63.539280,0.370990,0.564204,-0.737591,-0.054229,0.806080,0.589318,0.927052,-0.178632,0.329643),fov=70.000000,dt=0.017890},
	{cf=CFrame.new(-34.160690,583.123657,-63.851074,0.364027,0.563000,-0.741967,-0.054815,0.808195,0.586359,0.929774,-0.172780,0.325065),fov=70.000000,dt=0.022557},
	{cf=CFrame.new(-34.264088,582.633423,-64.467041,0.350379,0.560535,-0.750357,-0.055907,0.812231,0.580651,0.934938,-0.161498,0.315926),fov=70.000000,dt=0.030314},
	{cf=CFrame.new(-34.308418,582.390503,-64.771255,0.343698,0.559239,-0.754403,-0.056461,0.814195,0.577840,0.937381,-0.156008,0.311412),fov=70.000000,dt=0.018626},
	{cf=CFrame.new(-34.347870,582.149109,-65.073006,0.337106,0.557877,-0.758375,-0.056950,0.816133,0.575050,0.939743,-0.150664,0.306895),fov=70.000000,dt=0.020569},
	{cf=CFrame.new(-34.410877,581.669922,-65.669800,0.324131,0.555005,-0.766100,-0.057959,0.819949,0.569494,0.944235,-0.140189,0.297938),fov=70.000000,dt=0.025271},
	{cf=CFrame.new(-34.434528,581.432373,-65.964737,0.317846,0.553489,-0.769820,-0.058510,0.821828,0.566724,0.946335,-0.135089,0.293599),fov=70.000000,dt=0.022407},
	{cf=CFrame.new(-34.465878,580.960693,-66.547935,0.305437,0.550397,-0.777027,-0.059387,0.825445,0.561350,0.950359,-0.125312,0.284808),fov=70.000000,dt=0.023111},
	{cf=CFrame.new(-34.473583,580.726318,-66.836220,0.299315,0.548737,-0.780576,-0.059817,0.827263,0.558621,0.952278,-0.120512,0.280436),fov=70.000000,dt=0.027087},
	{cf=CFrame.new(-34.472321,580.260620,-67.406799,0.287370,0.545480,-0.787318,-0.060636,0.830702,0.553406,0.955898,-0.111293,0.271794),fov=70.000000,dt=0.024920},
	{cf=CFrame.new(-34.463299,580.029175,-67.688950,0.281453,0.543894,-0.790547,-0.060990,0.832325,0.550923,0.957635,-0.106843,0.267432),fov=70.000000,dt=0.025101},
	{cf=CFrame.new(-34.428127,579.568848,-68.247414,0.269765,0.540571,-0.796875,-0.061739,0.835563,0.545915,0.960945,-0.098071,0.258780),fov=70.000000,dt=0.022415},
	{cf=CFrame.new(-34.402035,579.339722,-68.523758,0.264130,0.538858,-0.799917,-0.061993,0.837140,0.543464,0.962493,-0.093956,0.254520),fov=70.000000,dt=0.022066},
	{cf=CFrame.new(-34.369934,579.111328,-68.798248,0.258436,0.537185,-0.802897,-0.062322,0.838672,0.541060,0.964016,-0.089791,0.250222),fov=70.000000,dt=0.019276},
	{cf=CFrame.new(-34.332047,578.883545,-69.070831,0.252851,0.535467,-0.805817,-0.062578,0.840189,0.538672,0.965479,-0.085777,0.245951),fov=70.000000,dt=0.024256},
	{cf=CFrame.new(-34.237991,578.429749,-69.610893,0.241776,0.532157,-0.811390,-0.063083,0.843049,0.534124,0.968279,-0.077954,0.237399),fov=70.000000,dt=0.028008},
	{cf=CFrame.new(-34.119713,577.977661,-70.144135,0.230843,0.528880,-0.816699,-0.063411,0.845762,0.529778,0.970922,-0.070508,0.228776),fov=70.000000,dt=0.024916},
	{cf=CFrame.new(-34.051361,577.751892,-70.408310,0.225344,0.527236,-0.819294,-0.063563,0.847087,0.527639,0.972204,-0.066823,0.224398),fov=70.000000,dt=0.021176},
	{cf=CFrame.new(-33.977093,577.526855,-70.670776,0.219957,0.525555,-0.821834,-0.063639,0.848402,0.525513,0.973432,-0.063289,0.220058),fov=70.000000,dt=0.025994},
	{cf=CFrame.new(-33.810486,577.078247,-71.190605,0.209291,0.522335,-0.826658,-0.063774,0.850872,0.521488,0.975771,-0.056424,0.211391),fov=70.000000,dt=0.023826},
	{cf=CFrame.new(-33.718430,576.854431,-71.448090,0.203944,0.520692,-0.829027,-0.063797,0.852094,0.519486,0.976902,-0.053056,0.206998),fov=70.000000,dt=0.023594},
	{cf=CFrame.new(-33.517277,576.408325,-71.957848,0.193361,0.517556,-0.833515,-0.063821,0.854384,0.515708,0.979050,-0.046522,0.198235),fov=70.000000,dt=0.016096},
	{cf=CFrame.new(-33.408180,576.185913,-72.210182,0.188194,0.515943,-0.835695,-0.063700,0.855519,0.513837,0.980064,-0.043467,0.193869),fov=70.000000,dt=0.028921},
	{cf=CFrame.new(-33.293640,575.963745,-72.460922,0.182869,0.514378,-0.837839,-0.063618,0.856615,0.512020,0.981077,-0.040331,0.189372),fov=70.000000,dt=0.026027},
	{cf=CFrame.new(-33.048138,575.521484,-72.957146,0.172403,0.511237,-0.841970,-0.063363,0.858755,0.508454,0.982986,-0.034309,0.180445),fov=70.000000,dt=0.021946},
	{cf=CFrame.new(-32.917225,575.301025,-73.202766,0.167158,0.509664,-0.843979,-0.063160,0.859801,0.506708,0.983905,-0.031395,0.175913),fov=70.000000,dt=0.019074},
	{cf=CFrame.new(-32.781113,575.081177,-73.446495,0.161893,0.508126,-0.845931,-0.062907,0.860810,0.505024,0.984801,-0.028545,0.171323),fov=70.000000,dt=0.030154},
	{cf=CFrame.new(-32.493298,574.642883,-73.929024,0.151445,0.504950,-0.849759,-0.062392,0.862843,0.501606,0.986495,-0.022947,0.162178),fov=70.000000,dt=0.016813},
	{cf=CFrame.new(-32.341839,574.424561,-74.167648,0.146262,0.503412,-0.851577,-0.062015,0.863807,0.499991,0.987300,-0.020319,0.157561),fov=70.000000,dt=0.028541},
	{cf=CFrame.new(-32.023842,573.989502,-74.639771,0.135732,0.500251,-0.855176,-0.061309,0.865751,0.496706,0.988847,-0.014989,0.148180),fov=70.000000,dt=0.024161},
	{cf=CFrame.new(-31.857380,573.773071,-74.873177,0.130492,0.498727,-0.856880,-0.060894,0.866670,0.495152,0.989578,-0.012435,0.143463),fov=70.000000,dt=0.020827},
	{cf=CFrame.new(-31.510525,573.341431,-75.334763,0.119913,0.495528,-0.860275,-0.059935,0.868560,0.491946,0.990974,-0.007430,0.133851),fov=70.000000,dt=0.024144},
	{cf=CFrame.new(-31.330048,573.126465,-75.562897,0.114539,0.493962,-0.861906,-0.059392,0.869469,0.490404,0.991642,-0.004980,0.128926),fov=70.000000,dt=0.017565},
	{cf=CFrame.new(-31.144867,572.912476,-75.789246,0.109146,0.492436,-0.863478,-0.058796,0.870345,0.488921,0.992285,-0.002594,0.123948),fov=70.000000,dt=0.031071},
	{cf=CFrame.new(-30.761486,572.485474,-76.236641,0.098365,0.489185,-0.866615,-0.057566,0.872177,0.485791,0.993484,0.002103,0.113952),fov=70.000000,dt=0.021977},
	{cf=CFrame.new(-30.563114,572.273193,-76.457695,0.092977,0.487563,-0.868123,-0.056813,0.873077,0.484261,0.994046,0.004295,0.108876),fov=70.000000,dt=0.025128},
	{cf=CFrame.new(-30.153339,571.850342,-76.894348,0.081917,0.484289,-0.871065,-0.055266,0.874864,0.481205,0.995106,0.008722,0.098431),fov=70.000000,dt=0.021188},
	{cf=CFrame.new(-29.942181,571.639893,-77.110054,0.076356,0.482637,-0.872486,-0.054503,0.875752,0.479674,0.995590,0.010927,0.093174),fov=70.000000,dt=0.025580},
	{cf=CFrame.new(-29.507698,571.220886,-77.535927,0.065008,0.479292,-0.875245,-0.052700,0.877525,0.476626,0.996492,0.015141,0.082305),fov=70.000000,dt=0.024290},
	{cf=CFrame.new(-29.284473,571.012573,-77.746147,0.059335,0.477547,-0.876600,-0.051751,0.878438,0.475046,0.996896,0.017178,0.076835),fov=70.000000,dt=0.022889},
	{cf=CFrame.new(-29.057388,570.804993,-77.954453,0.053525,0.475793,-0.877927,-0.050779,0.879347,0.473466,0.997275,0.019238,0.071227),fov=70.000000,dt=0.022922},
	{cf=CFrame.new(-28.591789,570.391663,-78.365761,0.041901,0.472249,-0.880469,-0.048620,0.881163,0.470307,0.997938,0.023102,0.059882),fov=70.000000,dt=0.025520},
	{cf=CFrame.new(-28.353294,570.186035,-78.568748,0.035823,0.470460,-0.881694,-0.047492,0.882065,0.468728,0.998229,0.025082,0.053941),fov=70.000000,dt=0.019085},
	{cf=CFrame.new(-27.865814,569.777283,-78.968811,0.023659,0.466742,-0.884077,-0.045143,0.883921,0.465452,0.998700,0.028898,0.041982),fov=70.000000,dt=0.026466},
	{cf=CFrame.new(-27.616642,569.574097,-79.166176,0.017571,0.464869,-0.885205,-0.043860,0.884848,0.463811,0.998883,0.030676,0.035937),fov=70.000000,dt=0.019974},
	{cf=CFrame.new(-27.364304,569.371521,-79.361588,0.011255,0.462872,-0.886354,-0.042534,0.885829,0.462058,0.999032,0.032499,0.029658),fov=70.000000,dt=0.023403},
	{cf=CFrame.new(-26.849506,568.968750,-79.746933,-0.001543,0.458905,-0.888484,-0.039693,0.887757,0.458598,0.999211,0.035975,0.016845),fov=70.000000,dt=0.030887},
	{cf=CFrame.new(-26.321915,568.569214,-80.124619,-0.014838,0.454785,-0.890478,-0.036664,0.889730,0.455013,0.999218,0.039400,0.003473),fov=70.000000,dt=0.025846},
	{cf=CFrame.new(-26.053482,568.370850,-80.310616,-0.021567,0.452683,-0.891411,-0.035120,0.890725,0.453184,0.999150,0.041081,-0.003312),fov=70.000000,dt=0.015666},
	{cf=CFrame.new(-25.782093,568.172852,-80.494812,-0.028391,0.450516,-0.892317,-0.033507,0.891746,0.451294,0.999035,0.042712,-0.010222),fov=70.000000,dt=0.031372},
	{cf=CFrame.new(-25.230625,567.780029,-80.857224,-0.042550,0.445983,-0.894030,-0.030023,0.893865,0.447330,0.998643,0.045875,-0.024644),fov=70.000000,dt=0.023759},
	{cf=CFrame.new(-24.950825,567.584961,-81.035576,-0.049765,0.443619,-0.894833,-0.028182,0.894962,0.445251,0.998363,0.047376,-0.032035),fov=70.000000,dt=0.017936},
	{cf=CFrame.new(-24.668194,567.390625,-81.211975,-0.057183,0.441244,-0.895563,-0.026311,0.896054,0.443165,0.998017,0.048905,-0.039630),fov=70.000000,dt=0.023034},
	{cf=CFrame.new(-24.095043,567.004517,-81.559006,-0.072418,0.436240,-0.896912,-0.022415,0.898334,0.438741,0.997122,0.051877,-0.055277),fov=70.000000,dt=0.028778},
	{cf=CFrame.new(-23.511902,566.622192,-81.898178,-0.088210,0.430976,-0.898041,-0.018230,0.900706,0.434046,0.995935,0.054658,-0.071595),fov=70.000000,dt=0.024735},
	{cf=CFrame.new(-23.216980,566.432495,-82.064781,-0.096408,0.428216,-0.898519,-0.016043,0.901938,0.431567,0.995212,0.056022,-0.080085),fov=70.000000,dt=0.023524},
	{cf=CFrame.new(-22.919628,566.243591,-82.229530,-0.104682,0.425394,-0.898933,-0.013803,0.903191,0.429016,0.994410,0.057318,-0.088676),fov=70.000000,dt=0.026404},
	{cf=CFrame.new(-22.318748,565.868286,-82.553558,-0.121898,0.419553,-0.899509,-0.009068,0.905759,0.423696,0.992501,0.059805,-0.106605),fov=70.000000,dt=0.022488},
	{cf=CFrame.new(-22.015335,565.681519,-82.712975,-0.130745,0.416477,-0.899696,-0.006665,0.907096,0.420871,0.991394,0.061023,-0.115823),fov=70.000000,dt=0.024978},
	{cf=CFrame.new(-21.403122,565.311035,-83.026321,-0.148942,0.410196,-0.899753,-0.001588,0.909802,0.415040,0.988845,0.063246,-0.134856),fov=70.000000,dt=0.023136},
	{cf=CFrame.new(-21.094307,565.126831,-83.180649,-0.158441,0.406866,-0.899642,0.000980,0.911216,0.411928,0.987368,0.064385,-0.144772),fov=70.000000,dt=0.023195},
	{cf=CFrame.new(-20.472267,564.760864,-83.484169,-0.177798,0.400036,-0.899088,0.006393,0.914096,0.405449,0.984046,0.066340,-0.165081),fov=70.000000,dt=0.027415},
	{cf=CFrame.new(-20.159031,564.578857,-83.633644,-0.187802,0.396408,-0.898661,0.009130,0.915605,0.401974,0.982164,0.067287,-0.175572),fov=70.000000,dt=0.021853},
	{cf=CFrame.new(-19.529072,564.217224,-83.927971,-0.208349,0.389035,-0.897353,0.014844,0.918640,0.394817,0.977942,0.068940,-0.197172),fov=70.000000,dt=0.026441},
	{cf=CFrame.new(-19.212288,564.037048,-84.073006,-0.218904,0.385179,-0.896503,0.017806,0.920211,0.391017,0.975584,0.069632,-0.208297),fov=70.000000,dt=0.023355},
	{cf=CFrame.new(-18.575893,563.679199,-84.358780,-0.240679,0.377162,-0.894328,0.023769,0.923427,0.383037,0.970314,0.070932,-0.231214),fov=70.000000,dt=0.019319},
	{cf=CFrame.new(-18.256390,563.500793,-84.499756,-0.251989,0.372950,-0.892978,0.026835,0.925093,0.378790,0.967358,0.071488,-0.243121),fov=70.000000,dt=0.030387},
	{cf=CFrame.new(-17.615490,563.146301,-84.777718,-0.274965,0.364370,-0.889735,0.033054,0.928441,0.370007,0.960886,0.072330,-0.267333),fov=70.000000,dt=0.017443},
	{cf=CFrame.new(-17.293964,562.969971,-84.914932,-0.286844,0.359883,-0.887809,0.036226,0.930166,0.365349,0.957292,0.072636,-0.279850),fov=70.000000,dt=0.033036},
	{cf=CFrame.new(-16.650127,562.618347,-85.185806,-0.311122,0.350597,-0.883337,0.042695,0.933684,0.355542,0.949410,0.072903,-0.305459),fov=70.000000,dt=0.018855},
	{cf=CFrame.new(-16.327782,562.443359,-85.319603,-0.323626,0.345779,-0.880740,0.045882,0.935473,0.350408,0.945072,0.072991,-0.318609),fov=70.000000,dt=0.028746},
	{cf=CFrame.new(-16.005405,562.268860,-85.452393,-0.336307,0.340867,-0.877899,0.049141,0.937279,0.345098,0.940469,0.072918,-0.331965),fov=70.000000,dt=0.022590},
	{cf=CFrame.new(-15.360200,561.921143,-85.714973,-0.362283,0.330750,-0.871410,0.055754,0.940937,0.333961,0.930399,0.072404,-0.359326),fov=70.000000,dt=0.027435},
	{cf=CFrame.new(-15.037923,561.748047,-85.844803,-0.375579,0.325482,-0.867757,0.059025,0.942803,0.328083,0.924909,0.072002,-0.373309),fov=70.000000,dt=0.023686},
	{cf=CFrame.new(-14.394237,561.402588,-86.101944,-0.402786,0.314627,-0.859520,0.065666,0.946577,0.315722,0.912936,0.070727,-0.401928),fov=70.000000,dt=0.024530},
	{cf=CFrame.new(-14.072915,561.230469,-86.229294,-0.416692,0.309022,-0.854911,0.068902,0.948478,0.309260,0.906433,0.069961,-0.416516),fov=70.000000,dt=0.025124},
	{cf=CFrame.new(-13.432124,560.887207,-86.481842,-0.444942,0.297457,-0.844716,0.075320,0.952315,0.295673,0.892386,0.067934,-0.446129),fov=70.000000,dt=0.026171},
	{cf=CFrame.new(-13.112784,560.716003,-86.607117,-0.459331,0.291574,-0.839047,0.078571,0.954225,0.288585,0.884784,0.066631,-0.461214),fov=70.000000,dt=0.024321},
	{cf=CFrame.new(-12.476737,560.374390,-86.855888,-0.488639,0.279381,-0.826546,0.084785,0.958067,0.273714,0.868357,0.063669,-0.491837),fov=70.000000,dt=0.024957},
	{cf=CFrame.new(-12.160232,560.203979,-86.979408,-0.503510,0.273152,-0.819674,0.087801,0.959974,0.265972,0.859516,0.061951,-0.507339),fov=70.000000,dt=0.026353},
	{cf=CFrame.new(-11.530843,559.863770,-87.225189,-0.533607,0.260371,-0.804656,0.093694,0.963773,0.249725,0.840527,0.057863,-0.538671),fov=70.000000,dt=0.025657},
	{cf=CFrame.new(-10.906798,559.524353,-87.469505,-0.564093,0.247189,-0.787844,0.099139,0.967512,0.232578,0.819739,0.053090,-0.570272),fov=70.000000,dt=0.024162},
	{cf=CFrame.new(-10.597020,559.354736,-87.591209,-0.579430,0.240446,-0.778747,0.101761,0.969358,0.223584,0.808644,0.050305,-0.586143),fov=70.000000,dt=0.025419},
	{cf=CFrame.new(-9.982255,559.016113,-87.834038,-0.610208,0.226841,-0.759071,0.106598,0.972928,0.205057,0.785037,0.044212,-0.617869),fov=70.000000,dt=0.030235},
	{cf=CFrame.new(-9.677705,558.846802,-87.955315,-0.625701,0.219875,-0.748434,0.108766,0.974672,0.195410,0.772443,0.040864,-0.633768),fov=70.000000,dt=0.016650},
	{cf=CFrame.new(-9.375014,558.677612,-88.076477,-0.641094,0.212950,-0.737327,0.110802,0.976350,0.185643,0.759422,0.037317,-0.649528),fov=70.000000,dt=0.024919},
	{cf=CFrame.new(-8.775710,558.339111,-88.318939,-0.671777,0.198837,-0.713569,0.114422,0.979593,0.165245,0.731863,0.029360,-0.680819),fov=70.000000,dt=0.031579},
	{cf=CFrame.new(-8.185227,558.000671,-88.561806,-0.702108,0.184664,-0.687709,0.117274,0.982587,0.144115,0.702347,0.020534,-0.711538),fov=70.000000,dt=0.021892},
	{cf=CFrame.new(-7.893525,557.831543,-88.683525,-0.717099,0.177479,-0.673996,0.118344,0.983999,0.133197,0.686851,0.015753,-0.726628),fov=70.000000,dt=0.030046},
	{cf=CFrame.new(-7.318315,557.493103,-88.927589,-0.746521,0.163301,-0.645011,0.120004,0.986562,0.110884,0.654451,0.005373,-0.756086),fov=70.000000,dt=0.025951},
	{cf=CFrame.new(-7.035211,557.323730,-89.050011,-0.760943,0.156194,-0.629737,0.120388,0.987726,0.099515,0.637552,-0.000088,-0.770407),fov=70.000000,dt=0.024793},
	{cf=CFrame.new(-6.478536,556.985840,-89.295731,-0.788959,0.142213,-0.597762,0.120628,0.989764,0.076262,0.602489,-0.011939,-0.798038),fov=70.000000,dt=0.027739},
	{cf=CFrame.new(-5.935916,556.648743,-89.542725,-0.815826,0.128438,-0.563854,0.119790,0.991410,0.052507,0.565755,-0.024707,-0.824204),fov=70.000000,dt=0.019924},
	{cf=CFrame.new(-5.670348,556.480469,-89.666756,-0.828714,0.121621,-0.546298,0.118908,0.992080,0.040487,0.546896,-0.031407,-0.836612),fov=70.000000,dt=0.030100},
	{cf=CFrame.new(-5.151336,556.144897,-89.915977,-0.853305,0.108491,-0.510001,0.116526,0.993054,0.016284,0.508225,-0.045533,-0.860020),fov=70.000000,dt=0.023599},
	{cf=CFrame.new(-4.898293,555.977295,-90.041229,-0.865000,0.102107,-0.491273,0.114938,0.993364,0.004087,0.488430,-0.052931,-0.870996),fov=70.000000,dt=0.033263},
	{cf=CFrame.new(-4.405906,555.643494,-90.293015,-0.886983,0.089762,-0.452995,0.110914,0.993623,-0.020284,0.448286,-0.068235,-0.891282),fov=70.000000,dt=0.025033},
	{cf=CFrame.new(-4.166837,555.477234,-90.419617,-0.897218,0.083889,-0.433546,0.108563,0.993561,-0.032423,0.428034,-0.076157,-0.900548),fov=70.000000,dt=0.028739},
	{cf=CFrame.new(-3.703820,555.145996,-90.674255,-0.916240,0.072590,-0.393999,0.103027,0.993065,-0.056628,0.387157,-0.092477,-0.917365),fov=70.000000,dt=0.019553},
	{cf=CFrame.new(-3.480151,554.981140,-90.802307,-0.924920,0.067257,-0.374166,0.099920,0.992630,-0.068569,0.366797,-0.100808,-0.924823),fov=70.000000,dt=0.031924},
	{cf=CFrame.new(-3.049268,554.652954,-91.059952,-0.940732,0.057235,-0.334285,0.093053,0.991390,-0.092124,0.326134,-0.117770,-0.937959),fov=70.000000,dt=0.027694},
	{cf=CFrame.new(-2.641335,554.326782,-91.319565,-0.954387,0.048112,-0.294672,0.085413,0.989681,-0.115049,0.286096,-0.134970,-0.948648),fov=70.000000,dt=0.019629},
	{cf=CFrame.new(-2.446307,554.164490,-91.450188,-0.960429,0.043940,-0.275036,0.081392,0.988651,-0.126272,0.266366,-0.143661,-0.953106),fov=70.000000,dt=0.028007},
	{cf=CFrame.new(-2.074965,553.842285,-91.712791,-0.970914,0.036265,-0.236665,0.072910,0.986300,-0.147976,0.228057,-0.160927,-0.960257),fov=70.000000,dt=0.034689},
	{cf=CFrame.new(-1.729495,553.522766,-91.977310,-0.979411,0.029623,-0.199690,0.064134,0.983588,-0.168645,0.191417,-0.177980,-0.965237),fov=70.000000,dt=0.025768},
	{cf=CFrame.new(-1.566798,553.364258,-92.110382,-0.982965,0.026621,-0.181852,0.059649,0.982103,-0.178652,0.173841,-0.186456,-0.966961),fov=70.000000,dt=0.026695},
	{cf=CFrame.new(-1.262326,553.049316,-92.377731,-0.988787,0.021387,-0.147797,0.050720,0.978956,-0.197666,0.140459,-0.202946,-0.969064),fov=70.000000,dt=0.026986},
	{cf=CFrame.new(-0.986708,552.737793,-92.646500,-0.993078,0.017007,-0.116226,0.041922,0.975617,-0.215441,0.109728,-0.218822,-0.969576),fov=70.000000,dt=0.026421},
	{cf=CFrame.new(-0.860083,552.583374,-92.781586,-0.994728,0.015126,-0.101429,0.037635,0.973896,-0.223855,0.095395,-0.226492,-0.969330),fov=70.000000,dt=0.028413},
	{cf=CFrame.new(-0.629932,552.277832,-93.052574,-0.997160,0.011943,-0.074370,0.029499,0.970405,-0.239676,0.069307,-0.241188,-0.968001),fov=70.000000,dt=0.019110},
	{cf=CFrame.new(-0.526747,552.126465,-93.188583,-0.998016,0.010713,-0.062046,0.025754,0.968670,-0.247012,0.057456,-0.248120,-0.967024),fov=70.000000,dt=0.036350},
	{cf=CFrame.new(-0.344904,551.826904,-93.461456,-0.999157,0.008598,-0.040146,0.018779,0.965246,-0.260668,0.036509,-0.261202,-0.964594),fov=70.000000,dt=0.026503},
	{cf=CFrame.new(-0.196837,551.531799,-93.735275,-0.999730,0.007026,-0.022155,0.012808,0.961965,-0.272872,0.019395,-0.273082,-0.961795),fov=70.000000,dt=0.022156},
	{cf=CFrame.new(-0.135868,551.386230,-93.872452,-0.999870,0.006445,-0.014778,0.010306,0.960393,-0.278459,0.012398,-0.278575,-0.960335),fov=70.000000,dt=0.031849},
	{cf=CFrame.new(-0.040867,551.098999,-94.147499,-0.999979,0.005651,-0.003101,0.006305,0.957468,-0.288472,0.001339,-0.288485,-0.957483),fov=70.000000,dt=0.021955},
	{cf=CFrame.new(-0.007168,550.956787,-94.285248,-0.999985,0.005391,0.001026,0.004854,0.956128,-0.292909,-0.002560,-0.292900,-0.956140),fov=70.000000,dt=0.031351},
	{cf=CFrame.new(0.031799,550.677490,-94.561218,-0.999970,0.005093,0.005854,0.003098,0.953749,-0.300588,-0.007114,-0.300560,-0.953737),fov=70.000000,dt=0.028269},
	{cf=CFrame.new(0.036735,550.403992,-94.837929,-0.999966,0.005121,0.006447,0.002895,0.951733,-0.306914,-0.007708,-0.306885,-0.951715),fov=70.000000,dt=0.022736},
	{cf=CFrame.new(0.036732,550.269592,-94.976219,-0.999967,0.005045,0.006453,0.002798,0.950790,-0.309823,-0.007699,-0.309795,-0.950772),fov=70.000000,dt=0.026415},
	{cf=CFrame.new(0.036734,550.005798,-95.253838,-0.999966,0.005065,0.006438,0.002775,0.948904,-0.315553,-0.007707,-0.315524,-0.948886),fov=70.000000,dt=0.036661},
