local Players=game:GetService('Players')
local RunService=game:GetService('RunService')
local player=Players.LocalPlayer
local camera=workspace.CurrentCamera
local root=player.Character:WaitForChild('HumanoidRootPart')
camera.CameraType=Enum.CameraType.Scriptable
local frames={
{cf=CFrame.new(168.877350,983.369934,134.971542,-0.934099,0.064041,-0.351224,0.000000,0.983780,0.179379,0.357015,0.167557,-0.918948),fov=70.000000,dt=0.282303},
{cf=CFrame.new(168.938263,983.316284,135.296631,-0.529426,0.405521,-0.745158,0.247286,0.913979,0.321701,0.811516,-0.013950,-0.584164),fov=70.000000,dt=0.106587},
{cf=CFrame.new(167.671600,982.622437,134.878906,-0.085691,0.550354,-0.830523,0.331834,0.801761,0.497057,0.939438,-0.233003,-0.251330),fov=70.000000,dt=0.093738},
{cf=CFrame.new(166.045227,981.748413,134.066849,0.256411,0.577146,-0.775342,0.322883,0.704935,0.631516,0.911043,-0.412272,-0.005598),fov=70.000000,dt=0.123298},
{cf=CFrame.new(165.194794,981.113525,133.611145,0.485602,0.554592,-0.675736,0.276524,0.635851,0.720575,0.829292,-0.536770,0.155413),fov=70.000000,dt=0.087508},
{cf=CFrame.new(163.616257,980.315613,133.905014,0.625975,0.522270,-0.579128,0.221545,0.592927,0.774180,0.747712,-0.612921,0.255451),fov=70.000000,dt=0.069866},
{cf=CFrame.new(161.962555,980.096436,133.690063,0.710995,0.494220,-0.500232,0.171780,0.567747,0.805081,0.681893,-0.658338,0.318768),fov=70.000000,dt=0.053119},
{cf=CFrame.new(159.522156,979.993896,133.970490,0.762281,0.473969,-0.440774,0.130934,0.553997,0.822158,0.633865,-0.684428,0.360242),fov=70.000000,dt=0.063744},
{cf=CFrame.new(157.321503,979.090210,134.067337,0.793388,0.460767,-0.397780,0.098927,0.547186,0.831144,0.600623,-0.698771,0.388549),fov=70.000000,dt=0.104278},
{cf=CFrame.new(155.815521,978.962280,133.927902,0.810722,0.454363,-0.369166,0.074350,0.545572,0.834760,0.580690,-0.704206,0.408525),fov=70.000000,dt=0.083236},
{cf=CFrame.new(154.226074,978.631958,133.701324,0.816585,0.455480,-0.354581,0.055737,0.549195,0.833834,0.574528,-0.700660,0.423077),fov=70.000000,dt=0.060205},
{cf=CFrame.new(152.100739,977.820618,134.092194,0.816267,0.460430,-0.348873,0.041827,0.555235,0.830641,0.576158,-0.692618,0.433962),fov=70.000000,dt=0.085785},
{cf=CFrame.new(150.276321,977.252563,133.658981,0.813046,0.466676,-0.348095,0.031443,0.561826,0.826658,0.581349,-0.683056,0.442117),fov=70.000000,dt=0.088285},
{cf=CFrame.new(148.894562,976.596313,133.770554,0.806874,0.474472,-0.351897,0.023724,0.569195,0.821860,0.590248,-0.671485,0.448012),fov=70.000000,dt=0.101132},
{cf=CFrame.new(147.738205,975.842651,133.283081,0.798955,0.482937,-0.358388,0.017969,0.576496,0.816902,0.601122,-0.659108,0.451917),fov=70.000000,dt=0.109627},
{cf=CFrame.new(146.602493,974.967285,132.890640,0.789993,0.491751,-0.366185,0.013652,0.582996,0.812360,0.612964,-0.646758,0.453850),fov=70.000000,dt=0.069743},
{cf=CFrame.new(145.828369,973.750488,132.257462,0.780969,0.500549,-0.373549,0.010362,0.587623,0.809068,0.624484,-0.635728,0.453729),fov=70.000000,dt=0.073055},
{cf=CFrame.new(145.418304,972.748047,131.527985,0.773302,0.508251,-0.379058,0.007828,0.590149,0.807257,0.633990,-0.627220,0.452385),fov=70.000000,dt=0.088811},
{cf=CFrame.new(145.320877,971.760437,130.682922,0.767154,0.515083,-0.382314,0.005874,0.590338,0.807135,0.641436,-0.621442,0.449855),fov=70.000000,dt=0.068638},
{cf=CFrame.new(145.618622,970.756470,129.655792,0.762866,0.521318,-0.382444,0.004368,0.587340,0.809328,0.646542,-0.619079,0.445785),fov=70.000000,dt=0.070058},
{cf=CFrame.new(146.204330,969.804138,128.554977,0.760587,0.526599,-0.379737,0.003240,0.581813,0.813316,0.649228,-0.619828,0.440813),fov=70.000000,dt=0.127152},
{cf=CFrame.new(147.076431,968.888672,127.371048,0.760529,0.530854,-0.373886,0.002428,0.573496,0.819205,0.649300,-0.623937,0.434871),fov=70.000000,dt=0.069361},
{cf=CFrame.new(148.662689,967.847717,125.784790,0.765597,0.533183,-0.359968,0.002049,0.557524,0.830158,0.643317,-0.636304,0.425747),fov=70.000000,dt=0.064056},
{cf=CFrame.new(150.425186,966.877014,124.196587,0.773606,0.532942,-0.342793,0.001954,0.538959,0.842330,0.633664,-0.652301,0.415900),fov=70.000000,dt=0.184130},
{cf=CFrame.new(152.309082,965.976929,122.629883,0.784557,0.529454,-0.322721,0.002106,0.518191,0.855262,0.620053,-0.671682,0.405436),fov=70.000000,dt=0.164771},
{cf=CFrame.new(155.451874,964.835876,120.359436,0.815530,0.505637,-0.281501,0.004979,0.480276,0.877104,0.578694,-0.716706,0.389161),fov=70.000000,dt=0.154507},
{cf=CFrame.new(159.395706,963.585022,117.704750,0.873027,0.435101,-0.220252,0.012725,0.431160,0.902186,0.487506,-0.790435,0.370878),fov=70.000000,dt=0.171084},
{cf=CFrame.new(163.776093,962.290283,114.885712,0.950251,0.277768,-0.140955,0.025606,0.381333,0.924083,0.310431,-0.881720,0.355250),fov=70.000000,dt=0.159481},
{cf=CFrame.new(168.472153,960.930847,111.962173,0.998955,0.013525,-0.043657,0.036332,0.344522,0.938075,0.027728,-0.938681,0.343670),fov=70.000000,dt=0.127142},
{cf=CFrame.new(173.093552,959.545654,109.137535,0.961624,-0.268185,0.057938,0.034455,0.327527,0.944213,-0.272200,-0.905982,0.324198),fov=70.000000,dt=0.136699},
{cf=CFrame.new(177.264847,958.205566,106.605957,0.855696,-0.495657,0.148687,0.025076,0.326709,0.944792,-0.516871,-0.804727,0.291993),fov=70.000000,dt=0.110683},
{cf=CFrame.new(180.978821,956.862183,104.351280,0.717763,-0.658363,0.226661,0.013692,0.338810,0.940755,-0.696153,-0.672135,0.252200),fov=70.000000,dt=0.126153},
{cf=CFrame.new(184.112442,955.565918,102.434448,0.578550,-0.762852,0.288681,0.004587,0.356966,0.934106,-0.815634,-0.539103,0.210022),fov=70.000000,dt=0.151858},
{cf=CFrame.new(186.731140,954.245972,100.798607,0.451585,-0.825500,0.338556,-0.001868,0.378575,0.925569,-0.892226,-0.418606,0.169416),fov=70.000000,dt=0.112268},
{cf=CFrame.new(188.857224,952.805725,99.401886,0.341871,-0.859719,0.379483,-0.005972,0.401819,0.915700,-0.939728,-0.315318,0.132236),fov=70.000000,dt=0.095119},
{cf=CFrame.new(190.480850,951.362976,98.268677,0.252300,-0.875943,0.411179,-0.007764,0.423080,0.906059,-0.967618,-0.231791,0.099942),fov=70.000000,dt=0.142057},
{cf=CFrame.new(191.674118,949.958191,97.366364,0.181119,-0.881755,0.435550,-0.008052,0.441530,0.897210,-0.983428,-0.166009,0.072870),fov=70.000000,dt=0.135135},
{cf=CFrame.new(192.468384,948.413208,96.632980,0.124209,-0.881387,0.455774,-0.007668,0.458464,0.888680,-0.992226,-0.113878,0.050187),fov=70.000000,dt=0.142856},
{cf=CFrame.new(192.924988,946.769653,96.042412,0.078973,-0.877634,0.472781,-0.006925,0.473768,0.880623,-0.996853,-0.072820,0.031337),fov=70.000000,dt=0.174305},
{cf=CFrame.new(193.089035,945.001465,95.559120,0.042478,-0.871853,0.487923,-0.006089,0.488129,0.872751,-0.999079,-0.040044,0.015426),fov=70.000000,dt=0.104705},
{cf=CFrame.new(192.965149,942.979858,95.140724,0.011341,-0.864139,0.503126,-0.005369,0.503098,0.864213,-0.999921,-0.012502,0.001066),fov=70.000000,dt=0.112730},
{cf=CFrame.new(192.710739,941.019531,94.786163,-0.014746,-0.855688,0.517282,-0.004675,0.517391,0.855736,-0.999880,0.010201,-0.011630),fov=70.000000,dt=0.115390},
{cf=CFrame.new(192.336823,939.046265,94.468369,-0.037961,-0.846160,0.531575,-0.004107,0.532086,0.846680,-0.999271,0.029958,-0.023673),fov=70.000000,dt=0.152387},
{cf=CFrame.new(191.857971,937.023438,94.166992,-0.060047,-0.835018,0.546936,-0.003710,0.548108,0.836399,-0.998189,0.048194,-0.036010),fov=70.000000,dt=0.108496},
{cf=CFrame.new(191.221588,934.744751,93.841766,-0.084769,-0.819798,0.566344,-0.003702,0.568645,0.822575,-0.996394,0.067632,-0.051239),fov=70.000000,dt=0.099659},
{cf=CFrame.new(190.533020,932.464600,93.514641,-0.110567,-0.801375,0.587854,-0.003882,0.591824,0.806058,-0.993861,0.086841,-0.068548),fov=70.000000,dt=0.085621},
{cf=CFrame.new(189.812607,930.210815,93.183548,-0.137908,-0.778996,0.611676,-0.004271,0.618039,0.786136,-0.990436,0.105802,-0.088560),fov=70.000000,dt=0.071243},
{cf=CFrame.new(189.090576,928.040527,92.854958,-0.166444,-0.752499,0.637214,-0.004813,0.646840,0.762610,-0.986039,0.123865,-0.111284),fov=70.000000,dt=0.111923},
{cf=CFrame.new(188.393051,926.006348,92.536835,-0.195382,-0.722215,0.663499,-0.005404,0.677320,0.735668,-0.980712,0.140151,-0.136239),fov=70.000000,dt=0.068809},
{cf=CFrame.new(187.615707,923.829590,92.178741,-0.231441,-0.678607,0.697085,-0.007176,0.717712,0.696303,-0.972823,0.156150,-0.170977),fov=70.000000,dt=0.073661},
{cf=CFrame.new(186.870056,921.793701,91.830994,-0.268343,-0.627730,0.730717,-0.008984,0.760135,0.649703,-0.963281,0.167779,-0.209616),fov=70.000000,dt=0.088507},
{cf=CFrame.new(186.132080,919.832947,91.481979,-0.307890,-0.565388,0.765206,-0.011354,0.806403,0.591258,-0.951354,0.173354,-0.254703),fov=70.000000,dt=0.081175},
{cf=CFrame.new(185.357910,917.840088,91.110443,-0.353865,-0.482211,0.801407,-0.015604,0.859772,0.510439,-0.935167,0.168121,-0.311767),fov=70.000000,dt=0.068353},
{cf=CFrame.new(184.570068,915.864380,90.730408,-0.405879,-0.378769,0.831743,-0.021682,0.913811,0.405561,-0.913670,0.146575,-0.379109),fov=70.000000,dt=0.091003},
{cf=CFrame.new(183.801239,913.981201,90.357849,-0.460700,-0.263325,0.847594,-0.028232,0.958840,0.282541,-0.887107,0.106237,-0.449172),fov=70.000000,dt=0.097516},
{cf=CFrame.new(182.983673,912.042480,89.959534,-0.524204,-0.130847,0.841481,-0.038298,0.990748,0.130200,-0.850731,0.036025,-0.524365),fov=70.000000,dt=0.067805},
{cf=CFrame.new(182.108673,910.038269,89.531418,-0.596309,0.002496,0.802751,-0.051291,0.997833,-0.041203,-0.801115,-0.065744,-0.594889),fov=70.000000,dt=0.087695},
{cf=CFrame.new(181.269165,908.163208,89.119812,-0.665808,0.110131,0.737951,-0.059933,0.977957,-0.200022,-0.743712,-0.177404,-0.644531),fov=70.000000,dt=0.067172},
{cf=CFrame.new(180.402328,906.291382,88.694183,-0.736136,0.187172,0.650439,-0.067245,0.936023,-0.345456,-0.673485,-0.298041,-0.676453),fov=70.000000,dt=0.065441},
{cf=CFrame.new(179.571350,904.544189,88.286064,-0.798964,0.230157,0.555595,-0.069538,0.882312,-0.465499,-0.597346,-0.410551,-0.688931),fov=70.000000,dt=0.088102},
{cf=CFrame.new(178.773468,902.911560,87.894386,-0.853082,0.243719,0.461359,-0.067991,0.824745,-0.561402,-0.517328,-0.510291,-0.687005),fov=70.000000,dt=0.067502},
{cf=CFrame.new(177.943695,901.273987,87.487717,-0.901168,0.229545,0.367703,-0.065287,0.766725,-0.638648,-0.428525,-0.599535,-0.675962),fov=70.000000,dt=0.060378},
{cf=CFrame.new(177.148132,899.746521,87.098564,-0.938393,0.197894,0.283296,-0.060040,0.713960,-0.697608,-0.340314,-0.671639,-0.658094),fov=70.000000,dt=0.073405},
{cf=CFrame.new(176.400299,898.346558,86.733559,-0.965134,0.156258,0.210002,-0.053216,0.668391,-0.741904,-0.256292,-0.727212,-0.636771),fov=70.000000,dt=0.058218},
{cf=CFrame.new(175.661392,897.004944,86.374039,-0.983637,0.106641,0.145209,-0.046224,0.629636,-0.775514,-0.174130,-0.769536,-0.614404),fov=70.000000,dt=0.049454},
{cf=CFrame.new(174.971237,895.781677,86.039185,-0.994328,0.055967,0.090433,-0.039148,0.598005,-0.800535,-0.098883,-0.799536,-0.592423),fov=70.000000,dt=0.054989},
{cf=CFrame.new(174.342209,894.690002,85.734795,-0.998958,0.007762,0.044977,-0.032427,0.572779,-0.819068,-0.032120,-0.819673,-0.571930),fov=70.000000,dt=0.046071},
{cf=CFrame.new(173.751404,893.688660,85.449806,-0.999254,-0.038092,0.006475,-0.026469,0.552769,-0.832914,0.028148,-0.832464,-0.553365),fov=70.000000,dt=0.041012},
{cf=CFrame.new(173.212830,892.793823,85.190742,-0.996491,-0.079691,-0.025591,-0.021303,0.537161,-0.843211,0.080943,-0.839707,-0.536973),fov=70.000000,dt=0.050281},
{cf=CFrame.new(172.727417,892.001709,84.957863,-0.991806,-0.116599,-0.052210,-0.016942,0.525105,-0.850869,0.126626,-0.843012,-0.522778),fov=70.000000,dt=0.042676},
{cf=CFrame.new(172.268234,891.268433,84.738281,-0.985756,-0.150438,-0.075192,-0.013375,0.515789,-0.856611,0.167651,-0.843404,-0.510454),fov=70.000000,dt=0.041056},
{cf=CFrame.new(171.847458,890.608337,84.537628,-0.979013,-0.180453,-0.094711,-0.010478,0.508682,-0.860891,0.203528,-0.841831,-0.499898),fov=70.000000,dt=0.032835},
{cf=CFrame.new(171.462357,890.014221,84.354469,-0.971992,-0.206950,-0.111371,-0.008155,0.503304,-0.864071,0.234873,-0.838962,-0.490895),fov=70.000000,dt=0.041732},
{cf=CFrame.new(171.120819,889.494385,84.192390,-0.965158,-0.229695,-0.125336,-0.006306,0.499274,-0.866421,0.261590,-0.835443,-0.483327),fov=70.000000,dt=0.042055},
{cf=CFrame.new(170.801529,889.016357,84.041283,-0.958400,-0.250076,-0.137595,-0.004856,0.496279,-0.868150,0.285389,-0.831366,-0.476848),fov=70.000000,dt=0.038963},
{cf=CFrame.new(170.502945,888.576172,83.900337,-0.951821,-0.268343,-0.148424,-0.003725,0.494091,-0.869402,0.306633,-0.826962,-0.471286),fov=70.000000,dt=0.026337},
{cf=CFrame.new(170.228409,888.176819,83.771034,-0.945584,-0.284493,-0.157909,-0.002847,0.492524,-0.870294,0.325367,-0.822487,-0.466532),fov=70.000000,dt=0.020271},
{cf=CFrame.new(169.990631,887.833984,83.659218,-0.940020,-0.298087,-0.165852,-0.002167,0.491406,-0.870928,0.341113,-0.818330,-0.462578),fov=70.000000,dt=0.027508},
{cf=CFrame.new(169.789062,887.545410,83.564545,-0.935194,-0.309336,-0.172403,-0.001644,0.490616,-0.871374,0.354132,-0.814621,-0.459330),fov=70.000000,dt=0.044175},
{cf=CFrame.new(169.608185,887.289062,83.479736,-0.930831,-0.319118,-0.178092,-0.001244,0.490086,-0.871673,0.365447,-0.811159,-0.456585),fov=70.000000,dt=0.048326},
{cf=CFrame.new(169.429352,887.039001,83.396080,-0.926551,-0.328385,-0.183485,-0.000939,0.489789,-0.871840,0.376168,-0.807632,-0.454123),fov=70.000000,dt=0.060084},
{cf=CFrame.new(169.254456,886.797302,83.314438,-0.922389,-0.337105,-0.188575,-0.000706,0.489672,-0.871906,0.386264,-0.804103,-0.451906),fov=70.000000,dt=0.045590},
{cf=CFrame.new(169.082214,886.561890,83.234200,-0.918313,-0.345380,-0.193428,-0.000529,0.489703,-0.871889,0.395856,-0.800565,-0.449883),fov=70.000000,dt=0.066367},
{cf=CFrame.new(168.929123,886.353943,83.162956,-0.914674,-0.352566,-0.197657,-0.000395,0.489799,-0.871835,0.404192,-0.797367,-0.448145),fov=70.000000,dt=0.049231},
{cf=CFrame.new(168.790817,886.167358,83.098679,-0.911386,-0.358904,-0.201405,-0.000294,0.489946,-0.871753,0.411553,-0.794444,-0.446635),fov=70.000000,dt=0.029499},
{cf=CFrame.new(168.678436,886.016113,83.046471,-0.908691,-0.363995,-0.204422,-0.000219,0.490085,-0.871675,0.417469,-0.792038,-0.445416),fov=70.000000,dt=0.044828},
{cf=CFrame.new(168.592545,885.900635,83.006577,-0.906610,-0.367868,-0.206719,-0.000163,0.490195,-0.871613,0.421971,-0.790179,-0.444475),fov=70.000000,dt=0.045884},
{cf=CFrame.new(168.528122,885.813965,82.976646,-0.905033,-0.370767,-0.208439,-0.000122,0.490278,-0.871566,0.425341,-0.788771,-0.443763),fov=70.000000,dt=0.033853},
{cf=CFrame.new(168.479797,885.748962,82.954201,-0.903843,-0.372937,-0.209727,-0.000091,0.490340,-0.871531,0.427864,-0.787708,-0.443224),fov=70.000000,dt=0.031860},
{cf=CFrame.new(168.443558,885.700195,82.937363,-0.902946,-0.374563,-0.210692,-0.000068,0.490386,-0.871505,0.429754,-0.786908,-0.442818),fov=70.000000,dt=0.036297},
{cf=CFrame.new(168.416382,885.663635,82.924736,-0.902270,-0.375782,-0.211415,-0.000051,0.490421,-0.871486,0.431171,-0.786305,-0.442512),fov=70.000000,dt=0.053738},
{cf=CFrame.new(168.395996,885.636230,82.915268,-0.901762,-0.376695,-0.211957,-0.000038,0.490447,-0.871471,0.432233,-0.785851,-0.442281),fov=70.000000,dt=0.044448},
{cf=CFrame.new(168.369232,885.600220,82.902840,-0.901093,-0.377893,-0.212669,-0.000021,0.490482,-0.871451,0.433626,-0.785254,-0.441978),fov=70.000000,dt=0.159872},
{cf=CFrame.new(168.354187,885.580017,82.895851,-0.900716,-0.378566,-0.213068,-0.000012,0.490502,-0.871440,0.434408,-0.784918,-0.441807),fov=70.000000,dt=0.147051},
{cf=CFrame.new(168.343002,885.564941,82.890656,-0.900435,-0.379067,-0.213366,-0.000005,0.490516,-0.871432,0.434990,-0.784667,-0.441680),fov=70.000000,dt=0.125032},
{cf=CFrame.new(168.338287,885.558655,82.888466,-0.900317,-0.379278,-0.213491,-0.000002,0.490522,-0.871429,0.435235,-0.784561,-0.441626),fov=70.000000,dt=0.175654},
{cf=CFrame.new(168.337433,885.557495,82.888062,-0.900295,-0.379316,-0.213514,-0.000002,0.490523,-0.871428,0.435280,-0.784542,-0.441616),fov=70.000000,dt=0.105556},
{cf=CFrame.new(168.335938,885.555481,82.887375,-0.900258,-0.379383,-0.213553,-0.000001,0.490525,-0.871427,0.435358,-0.784509,-0.441599),fov=70.000000,dt=0.127994},
{cf=CFrame.new(168.335449,885.554810,82.887146,-0.900246,-0.379404,-0.213566,-0.000000,0.490526,-0.871427,0.435383,-0.784498,-0.441594),fov=70.000000,dt=0.133954},
{cf=CFrame.new(168.335297,885.554626,82.887077,-0.900242,-0.379411,-0.213570,-0.000000,0.490526,-0.871427,0.435391,-0.784495,-0.441592),fov=70.000000,dt=0.140775},
{cf=CFrame.new(168.335175,885.554443,82.887024,-0.900239,-0.379416,-0.213573,-0.000000,0.490526,-0.871427,0.435397,-0.784492,-0.441591),fov=70.000000,dt=0.100011},
{cf=CFrame.new(168.335022,885.554260,82.886955,-0.900235,-0.379423,-0.213577,-0.000000,0.490526,-0.871426,0.435404,-0.784488,-0.441589),fov=70.000000,dt=0.149017},
{cf=CFrame.new(168.334946,885.554138,82.886917,-0.900233,-0.379427,-0.213579,-0.000000,0.490526,-0.871426,0.435409,-0.784487,-0.441588),fov=70.000000,dt=0.128665},
{cf=CFrame.new(168.334885,885.554077,82.886887,-0.900231,-0.379430,-0.213581,-0.000000,0.490526,-0.871426,0.435412,-0.784485,-0.441587),fov=70.000000,dt=0.111041},
{cf=CFrame.new(168.334869,885.554077,82.886871,-0.900231,-0.379430,-0.213582,-0.000000,0.490526,-0.871426,0.435413,-0.784485,-0.441587),fov=70.000000,dt=0.117029},
{cf=CFrame.new(168.334869,885.554077,82.886871,-0.900231,-0.379431,-0.213582,-0.000000,0.490526,-0.871426,0.435414,-0.784485,-0.441587),fov=70.000000,dt=0.105056},
{cf=CFrame.new(168.334869,885.554077,82.886871,-0.900231,-0.379431,-0.213582,-0.000000,0.490526,-0.871426,0.435414,-0.784484,-0.441587),fov=70.000000,dt=0.104163},
{cf=CFrame.new(168.334869,885.554077,82.886871,-0.900231,-0.379432,-0.213582,-0.000000,0.490526,-0.871426,0.435414,-0.784484,-0.441587),fov=70.000000,dt=0.116853},
{cf=CFrame.new(168.334869,885.554077,82.886871,-0.900230,-0.379432,-0.213582,-0.000000,0.490527,-0.871426,0.435414,-0.784484,-0.441587),fov=70.000000,dt=0.107611},
{cf=CFrame.new(168.334869,885.554077,82.886871,-0.900230,-0.379432,-0.213582,-0.000000,0.490527,-0.871426,0.435414,-0.784484,-0.441587),fov=70.000000,dt=0.102857},
{cf=CFrame.new(168.334869,885.554077,82.886871,-0.900230,-0.379432,-0.213582,-0.000000,0.490527,-0.871426,0.435414,-0.784484,-0.441587),fov=70.000000,dt=0.110671},
{cf=CFrame.new(168.334869,885.554077,82.886871,-0.900230,-0.379432,-0.213582,-0.000000,0.490527,-0.871426,0.435414,-0.784484,-0.441587),fov=70.000000,dt=0.142452},
{cf=CFrame.new(168.334869,885.554077,82.886871,-0.900230,-0.379432,-0.213582,-0.000000,0.490527,-0.871426,0.435414,-0.784484,-0.441587),fov=70.000000,dt=0.129703},
{cf=CFrame.new(168.334869,885.554077,82.886871,-0.900230,-0.379432,-0.213582,-0.000000,0.490527,-0.871426,0.435414,-0.784484,-0.441587),fov=70.000000,dt=0.162191},
{cf=CFrame.new(135.964142,438.078613,11.923962,-0.900230,-0.379431,-0.213582,0.000000,0.490527,-0.871426,0.435414,-0.784484,-0.441587),fov=70.000000,dt=0.229082},
{cf=CFrame.new(135.959045,438.078613,12.012984,-0.900230,-0.379431,-0.213582,0.000000,0.490527,-0.871426,0.435414,-0.784484,-0.441587),fov=70.000000,dt=0.101275},
{cf=CFrame.new(135.968262,438.078613,12.112884,-0.900230,-0.379431,-0.213582,0.000000,0.490527,-0.871426,0.435414,-0.784484,-0.441587),fov=70.000000,dt=0.191659},
{cf=CFrame.new(135.970581,438.078613,12.148350,-0.900230,-0.379431,-0.213582,0.000000,0.490527,-0.871426,0.435414,-0.784484,-0.441587),fov=70.000000,dt=0.102357},
}

local t=0
local i=1

RunService:BindToRenderStep(
"CutscenePlayback",
Enum.RenderPriority.Camera.Value+1,
function(dt)

	t+=dt

	while frames[i] and t>=frames[i].dt do

		t-=frames[i].dt

		camera.CFrame = frames[i].cf
		camera.FieldOfView = 40

		i+=1

	end

	if not frames[i] then

		RunService:UnbindFromRenderStep(
			"CutscenePlayback"
		)

		camera.CameraType =
			Enum.CameraType.Custom

	end
end)
