local Players = game:GetService('Players')
local RunService = game:GetService('RunService')

local player = Players.LocalPlayer
local camera = workspace.CurrentCamera

local root = player.Character:WaitForChild('HumanoidRootPart')

camera.CameraType = Enum.CameraType.Scriptable

local frames = {
	{cf=CFrame.new(3.721848,7.446564,10.497643,0.942394,-0.152444,0.297748,-0.000000,0.890117,0.455732,-0.334504,-0.429480,0.838841),fov=70.000000,dt=0.045825},
	{cf=CFrame.new(3.721840,7.446564,10.498627,0.942394,-0.152444,0.297747,0.000000,0.890117,0.455732,-0.334504,-0.429480,0.838841),fov=70.000000,dt=0.044275},
	{cf=CFrame.new(3.721848,7.446564,10.499420,0.942394,-0.152444,0.297748,0.000000,0.890117,0.455732,-0.334504,-0.429480,0.838841),fov=70.000000,dt=0.033854},
	{cf=CFrame.new(2.516060,4.758057,5.743240,0.615043,-0.300769,0.728876,0.030341,0.932733,0.359288,-0.787909,-0.198863,0.582797),fov=70.000000,dt=0.082273},
	{cf=CFrame.new(1.928856,3.279083,2.594299,-0.024508,-0.369407,0.928944,0.042831,0.927982,0.370155,-0.998782,0.048859,-0.006921),fov=70.000000,dt=0.075735},
	{cf=CFrame.new(1.755302,2.841949,1.663628,-0.225566,-0.355951,0.906873,0.044687,0.926103,0.374614,-0.973203,0.125026,-0.192991),fov=70.000000,dt=0.033387},
	{cf=CFrame.new(1.705360,2.716156,1.395782,-0.282066,-0.349242,0.893571,0.045036,0.925543,0.375955,-0.958337,0.146287,-0.245336),fov=70.000000,dt=0.017181},
	{cf=CFrame.new(1.615700,2.490356,0.915031,-0.380935,-0.334131,0.862117,0.045447,0.924526,0.378400,-0.923484,0.183327,-0.336999),fov=70.000000,dt=0.017760},
	{cf=CFrame.new(1.575531,2.389160,0.699593,-0.423945,-0.326116,0.844937,0.045541,0.924067,0.379507,-0.904542,0.199369,-0.376902),fov=70.000000,dt=0.017483},
	{cf=CFrame.new(1.471100,2.126129,0.139603,-0.531123,-0.301845,0.791705,0.045520,0.922878,0.382394,-0.846071,0.239137,-0.476422),fov=70.000000,dt=0.026085},
	{cf=CFrame.new(1.413101,1.980042,-0.171448,-0.587330,-0.286322,0.757010,0.045344,0.922223,0.383991,-0.808076,0.259855,-0.528666),fov=70.000000,dt=0.028397},
	{cf=CFrame.new(1.340462,1.797089,-0.561028,-0.653882,-0.264955,0.708687,0.044960,0.921415,0.385970,-0.755260,0.284242,-0.590584),fov=70.000000,dt=0.026167},
	{cf=CFrame.new(1.300102,1.695435,-0.777420,-0.688837,-0.252216,0.679626,0.044668,0.920974,0.387056,-0.723539,0.296976,-0.623135),fov=70.000000,dt=0.021322},
	{cf=CFrame.new(1.282021,1.649902,-0.874390,-0.704007,-0.246314,0.666110,0.044519,0.920778,0.387538,-0.708796,0.302484,-0.637269),fov=70.000000,dt=0.020085},
	{cf=CFrame.new(1.235016,1.531494,-1.126434,-0.741948,-0.230443,0.629610,0.044082,0.920277,0.388776,-0.669007,0.316206,-0.672639),fov=70.000000,dt=0.030122},
	{cf=CFrame.new(1.208908,1.465759,-1.266441,-0.762060,-0.221308,0.608513,0.043808,0.920003,0.389454,-0.646023,0.323445,-0.691402),fov=70.000000,dt=0.020927},
	{cf=CFrame.new(1.186333,1.408875,-1.387520,-0.778881,-0.213232,0.589810,0.043552,0.919770,0.390034,-0.625658,0.329478,-0.707104),fov=70.000000,dt=0.021225},
	{cf=CFrame.new(1.166801,1.359680,-1.492256,-0.792992,-0.206121,0.573305,0.043318,0.919570,0.390531,-0.607691,0.334522,-0.720283),fov=70.000000,dt=0.019769},
	{cf=CFrame.new(1.149910,1.317139,-1.582832,-0.804862,-0.199878,0.558790,0.043106,0.919399,0.390956,-0.591895,0.338753,-0.731373),fov=70.000000,dt=0.025664},
	{cf=CFrame.new(1.128754,1.263855,-1.696289,-0.819285,-0.191944,0.540304,0.042827,0.919188,0.391484,-0.571784,0.343877,-0.744857),fov=70.000000,dt=0.035198},
	{cf=CFrame.new(1.111732,1.220978,-1.787537,-0.830523,-0.185472,0.525196,0.042593,0.919020,0.391904,-0.555353,0.347855,-0.755368),fov=70.000000,dt=0.035841},
	{cf=CFrame.new(1.102280,1.197174,-1.838219,-0.836623,-0.181842,0.516716,0.042459,0.918927,0.392135,-0.546131,0.350008,-0.761075),fov=70.000000,dt=0.022625},
	{cf=CFrame.new(1.094109,1.176575,-1.882072,-0.841816,-0.178685,0.509330,0.042341,0.918848,0.392334,-0.538101,0.351839,-0.765935),fov=70.000000,dt=0.020903},
	{cf=CFrame.new(1.087036,1.158783,-1.919983,-0.846246,-0.175940,0.502905,0.042237,0.918780,0.392505,-0.531116,0.353397,-0.770082),fov=70.000000,dt=0.019514},
	{cf=CFrame.new(1.080925,1.143372,-1.952774,-0.850030,-0.173555,0.497321,0.042146,0.918721,0.392652,-0.525045,0.354727,-0.773626),fov=70.000000,dt=0.024583},
	{cf=CFrame.new(1.075638,1.130066,-1.981140,-0.853268,-0.171485,0.492470,0.042067,0.918670,0.392779,-0.519773,0.355863,-0.776658),fov=70.000000,dt=0.020345},
	{cf=CFrame.new(1.071060,1.118530,-2.005669,-0.856042,-0.169689,0.488260,0.041997,0.918626,0.392889,-0.515197,0.356835,-0.779257),fov=70.000000,dt=0.023294},
	{cf=CFrame.new(1.065331,1.104126,-2.036400,-0.859482,-0.167432,0.482967,0.041909,0.918572,0.393025,-0.509445,0.358039,-0.782479),fov=70.000000,dt=0.028857},
	{cf=CFrame.new(1.062149,1.096100,-2.053467,-0.861376,-0.166175,0.480018,0.041860,0.918542,0.393101,-0.506240,0.358701,-0.784254),fov=70.000000,dt=0.018932},
	{cf=CFrame.new(1.060722,1.092499,-2.061111,-0.862221,-0.165611,0.478694,0.041838,0.918528,0.393135,-0.504802,0.358997,-0.785046),fov=70.000000,dt=0.019749},
	{cf=CFrame.new(1.057014,1.083160,-2.080994,-0.864406,-0.164142,0.475247,0.041780,0.918493,0.393223,-0.501056,0.359760,-0.787093),fov=70.000000,dt=0.025866},
	{cf=CFrame.new(1.055946,1.080475,-2.086716,-0.865032,-0.163719,0.474253,0.041763,0.918483,0.393248,-0.499976,0.359978,-0.787680),fov=70.000000,dt=0.019752},
	{cf=CFrame.new(1.053177,1.073486,-2.101593,-0.866652,-0.162617,0.471667,0.041719,0.918457,0.393314,-0.497165,0.360544,-0.789199),fov=70.000000,dt=0.026983},
	{cf=CFrame.new(1.051636,1.069611,-2.109848,-0.867549,-0.162005,0.470228,0.041695,0.918443,0.393350,-0.495602,0.360857,-0.790039),fov=70.000000,dt=0.024499},
	{cf=CFrame.new(1.051140,1.065125,-2.117210,-0.868356,-0.161116,0.469042,0.041860,0.918573,0.393027,-0.494172,0.360922,-0.790904),fov=70.000000,dt=0.018967},
	{cf=CFrame.new(1.051353,1.062531,-2.120636,-0.868735,-0.160532,0.468540,0.042031,0.918706,0.392699,-0.493491,0.360845,-0.791365),fov=70.000000,dt=0.018752},
	{cf=CFrame.new(1.052399,1.056946,-2.126953,-0.869442,-0.159196,0.467683,0.042488,0.919057,0.391827,-0.492205,0.360542,-0.792303),fov=70.000000,dt=0.021112},
	{cf=CFrame.new(1.055153,1.047974,-2.135246,-0.870385,-0.156900,0.466704,0.043387,0.919741,0.390120,-0.490457,0.359803,-0.793721),fov=70.000000,dt=0.029061},
	{cf=CFrame.new(1.057854,1.041382,-2.140167,-0.870955,-0.155123,0.466233,0.044149,0.920316,0.388676,-0.489374,0.359103,-0.794706),fov=70.000000,dt=0.022198},
	{cf=CFrame.new(1.061028,1.034546,-2.144646,-0.871482,-0.153226,0.465876,0.044997,0.920950,0.387073,-0.488358,0.358290,-0.795697),fov=70.000000,dt=0.020683},
	{cf=CFrame.new(1.064438,1.027710,-2.148705,-0.871964,-0.151299,0.465605,0.045882,0.921607,0.385403,-0.487416,0.357420,-0.796666),fov=70.000000,dt=0.018924},
	{cf=CFrame.new(1.066315,1.024170,-2.150620,-0.872193,-0.150286,0.465503,0.046356,0.921957,0.384507,-0.486960,0.356943,-0.797158),fov=70.000000,dt=0.016705},
	{cf=CFrame.new(1.101753,0.977386,-2.180473,-0.874689,-0.139807,0.464083,0.049400,0.926794,0.372307,-0.482160,0.348579,-0.803750),fov=70.000000,dt=0.026966},
	{cf=CFrame.new(1.109291,0.977509,-2.183662,-0.874335,-0.141934,0.464104,0.047035,0.926997,0.372107,-0.483038,0.347176,-0.803831),fov=70.000000,dt=0.019526},
	{cf=CFrame.new(1.115318,0.977570,-2.186218,-0.874050,-0.143634,0.464119,0.045142,0.927155,0.371947,-0.483735,0.346051,-0.803896),fov=70.000000,dt=0.018923},
	{cf=CFrame.new(1.124359,0.977722,-2.190048,-0.873616,-0.146184,0.464138,0.042300,0.927386,0.371707,-0.484773,0.344362,-0.803996),fov=70.000000,dt=0.030770},
	{cf=CFrame.new(1.134903,0.977844,-2.194519,-0.873104,-0.149157,0.464157,0.038982,0.927644,0.371427,-0.485973,0.342388,-0.804115),fov=70.000000,dt=0.022911},
	{cf=CFrame.new(1.140930,0.977936,-2.197075,-0.872808,-0.150855,0.464164,0.037084,0.927785,0.371267,-0.486652,0.341258,-0.804184),fov=70.000000,dt=0.018004},
	{cf=CFrame.new(1.146957,0.978027,-2.199631,-0.872510,-0.152553,0.464170,0.035185,0.927923,0.371107,-0.487328,0.340127,-0.804255),fov=70.000000,dt=0.016219},
	{cf=CFrame.new(1.154495,0.978119,-2.202827,-0.872134,-0.154674,0.464175,0.032810,0.928090,0.370908,-0.488165,0.338711,-0.804344),fov=70.000000,dt=0.022784},
	{cf=CFrame.new(1.162025,0.978241,-2.206024,-0.871754,-0.156793,0.464177,0.030433,0.928251,0.370708,-0.488997,0.337293,-0.804435),fov=70.000000,dt=0.019889},
	{cf=CFrame.new(1.169563,0.978333,-2.209213,-0.871371,-0.158912,0.464177,0.028055,0.928405,0.370508,-0.489822,0.335873,-0.804527),fov=70.000000,dt=0.018779},
	{cf=CFrame.new(1.175591,0.978424,-2.211769,-0.871061,-0.160606,0.464174,0.026151,0.928525,0.370349,-0.490478,0.334735,-0.804602),fov=70.000000,dt=0.017191},
	{cf=CFrame.new(1.171631,0.971405,-2.233444,-0.871034,-0.158461,0.464962,0.026161,0.930233,0.366036,-0.490525,0.330994,-0.806119),fov=70.000000,dt=0.022589},
	{cf=CFrame.new(1.164703,0.959167,-2.271362,-0.871002,-0.154692,0.466290,0.026173,0.933174,0.358471,-0.490583,0.324433,-0.808747),fov=70.000000,dt=0.029556},
	{cf=CFrame.new(1.158768,0.948669,-2.303879,-0.870988,-0.151448,0.467379,0.026178,0.935646,0.351968,-0.490606,0.318795,-0.810972),fov=70.000000,dt=0.018147},
	{cf=CFrame.new(1.154800,0.941681,-2.325539,-0.870986,-0.149279,0.468079,0.026178,0.937269,0.347624,-0.490609,0.315029,-0.812440),fov=70.000000,dt=0.024015},
	{cf=CFrame.new(1.148872,0.931183,-2.358055,-0.870995,-0.146016,0.469091,0.026175,0.939664,0.341095,-0.490594,0.309370,-0.814621),fov=70.000000,dt=0.017176},
	{cf=CFrame.new(1.141945,0.918945,-2.395973,-0.871023,-0.142196,0.470213,0.026165,0.942402,0.333457,-0.490545,0.302752,-0.817133),fov=70.000000,dt=0.028106},
	{cf=CFrame.new(1.137001,0.910217,-2.423065,-0.871054,-0.139458,0.470975,0.026155,0.944319,0.327989,-0.490491,0.298014,-0.818905),fov=70.000000,dt=0.023560},
	{cf=CFrame.new(1.181221,0.957245,-2.502022,-0.870824,-0.142694,0.470430,0.024179,0.943355,0.330903,-0.491001,0.299532,-0.818046),fov=70.000000,dt=0.018746},
	{cf=CFrame.new(1.237747,1.018250,-2.593941,-0.870525,-0.147419,0.469526,0.021712,0.941645,0.335906,-0.491646,0.302609,-0.816525),fov=70.000000,dt=0.026498},
	{cf=CFrame.new(1.294273,1.079254,-2.685852,-0.870223,-0.152135,0.468580,0.019245,0.939902,0.340901,-0.492282,0.305678,-0.814997),fov=70.000000,dt=0.017348},
	{cf=CFrame.new(1.339485,1.128052,-2.759392,-0.869980,-0.155902,0.467793,0.017272,0.938484,0.344891,-0.492785,0.308127,-0.813769),fov=70.000000,dt=0.017756},
	{cf=CFrame.new(1.384705,1.176849,-2.832924,-0.869735,-0.159663,0.466978,0.015298,0.937044,0.348875,-0.493282,0.310573,-0.812538),fov=70.000000,dt=0.022122},
	{cf=CFrame.new(1.452522,1.250031,-2.943230,-0.869365,-0.165295,0.465707,0.012338,0.934845,0.354840,-0.494017,0.314232,-0.810682),fov=70.000000,dt=0.017315},
	{cf=CFrame.new(1.497749,1.298828,-3.016769,-0.869116,-0.169041,0.464825,0.010365,0.933353,0.358810,-0.494500,0.316665,-0.809440),fov=70.000000,dt=0.016937},
	{cf=CFrame.new(1.565575,1.372040,-3.127075,-0.868740,-0.174650,0.463453,0.007405,0.931075,0.364752,-0.495214,0.320307,-0.807569),fov=70.000000,dt=0.024570},
	{cf=CFrame.new(1.610786,1.420837,-3.200607,-0.868487,-0.178381,0.462504,0.005432,0.929530,0.368706,-0.495682,0.322729,-0.806316),fov=70.000000,dt=0.015898},
	{cf=CFrame.new(1.667313,1.481812,-3.292519,-0.868169,-0.183036,0.461282,0.002965,0.927569,0.373639,-0.496260,0.325749,-0.804744),fov=70.000000,dt=0.025507},
	{cf=CFrame.new(1.735146,1.555023,-3.402832,-0.867783,-0.188609,0.459760,0.000004,0.925174,0.379545,-0.496943,0.329365,-0.802849),fov=70.000000,dt=0.027766},
	{cf=CFrame.new(1.801414,1.640900,-3.493057,-0.866528,-0.197623,0.458339,-0.005136,0.921760,0.387728,-0.499102,0.333623,-0.799746),fov=70.000000,dt=0.018824},
	{cf=CFrame.new(1.844551,1.706604,-3.539803,-0.865094,-0.205921,0.457394,-0.010008,0.918756,0.394699,-0.501510,0.336874,-0.796871),fov=70.000000,dt=0.016296},
	{cf=CFrame.new(1.887695,1.772308,-3.586571,-0.863637,-0.214201,0.456343,-0.014872,0.915670,0.401657,-0.503895,0.340099,-0.793992),fov=70.000000,dt=0.019271},
	{cf=CFrame.new(1.918053,1.810974,-3.620247,-0.862616,-0.219791,0.455615,-0.018143,0.913539,0.406347,-0.505533,0.342255,-0.792021),fov=70.000000,dt=0.015894},
	{cf=CFrame.new(1.937630,1.833221,-3.642227,-0.861959,-0.223311,0.455147,-0.020197,0.912178,0.409297,-0.506575,0.343604,-0.790770),fov=70.000000,dt=0.019356},
	{cf=CFrame.new(1.962097,1.861053,-3.669716,-0.861132,-0.227705,0.454535,-0.022762,0.910456,0.412980,-0.507872,0.345284,-0.789205),fov=70.000000,dt=0.024943},
	{cf=CFrame.new(1.984467,1.886475,-3.694839,-0.860363,-0.231718,0.453962,-0.025101,0.908861,0.416342,-0.509062,0.346810,-0.787768),fov=70.000000,dt=0.025927},
	{cf=CFrame.new(2.002388,1.906860,-3.714973,-0.859732,-0.234933,0.453505,-0.026968,0.907571,0.419031,-0.510033,0.348025,-0.786604),fov=70.000000,dt=0.025453},
	{cf=CFrame.new(2.015205,1.921417,-3.729355,-0.859279,-0.237227,0.453170,-0.028300,0.906642,0.420951,-0.510724,0.348889,-0.785772),fov=70.000000,dt=0.024396},
	{cf=CFrame.new(2.028008,1.936005,-3.743744,-0.858825,-0.239520,0.452825,-0.029632,0.905706,0.422869,-0.511412,0.349752,-0.784940),fov=70.000000,dt=0.016070},
	{cf=CFrame.new(2.038254,1.947632,-3.755249,-0.858460,-0.241353,0.452544,-0.030697,0.904953,0.424403,-0.511962,0.350441,-0.784275),fov=70.000000,dt=0.020969},
	{cf=CFrame.new(2.053627,1.965118,-3.772507,-0.857911,-0.244100,0.452111,-0.032293,0.903816,0.426702,-0.512783,0.351472,-0.783276),fov=70.000000,dt=0.024959},
	{cf=CFrame.new(2.066429,1.979675,-3.786896,-0.857451,-0.246388,0.451742,-0.033623,0.902861,0.428616,-0.513466,0.352329,-0.782443),fov=70.000000,dt=0.016086},
	{cf=CFrame.new(2.071167,1.985077,-3.792213,-0.857280,-0.247233,0.451605,-0.034114,0.902506,0.429323,-0.513720,0.352644,-0.782134),fov=70.000000,dt=0.012309},
	{cf=CFrame.new(2.073341,1.987549,-3.794670,-0.857200,-0.247622,0.451544,-0.034339,0.902344,0.429648,-0.513838,0.352789,-0.781991),fov=70.000000,dt=0.017456},
	{cf=CFrame.new(2.076965,1.991669,-3.798729,-0.857067,-0.248269,0.451440,-0.034713,0.902071,0.430189,-0.514034,0.353030,-0.781754),fov=70.000000,dt=0.020932},
	{cf=CFrame.new(2.080597,1.995789,-3.802811,-0.856934,-0.248916,0.451337,-0.035088,0.901799,0.430729,-0.514230,0.353270,-0.781516),fov=70.000000,dt=0.018898},
	{cf=CFrame.new(2.084213,1.999908,-3.806870,-0.856801,-0.249563,0.451232,-0.035462,0.901526,0.431270,-0.514426,0.353511,-0.781278),fov=70.000000,dt=0.022757},
	{cf=CFrame.new(2.087273,2.003387,-3.810341,-0.856688,-0.250110,0.451144,-0.035780,0.901294,0.431728,-0.514593,0.353714,-0.781077),fov=70.000000,dt=0.018723},
	{cf=CFrame.new(2.089020,2.005432,-3.812363,-0.856622,-0.250430,0.451092,-0.035964,0.901159,0.431994,-0.514689,0.353833,-0.780959),fov=70.000000,dt=0.018408},
	{cf=CFrame.new(2.091217,2.007965,-3.814903,-0.856539,-0.250829,0.451027,-0.036195,0.900990,0.432328,-0.514811,0.353981,-0.780812),fov=70.000000,dt=0.022647},
	{cf=CFrame.new(2.093407,2.010498,-3.817444,-0.856457,-0.251228,0.450962,-0.036426,0.900820,0.432661,-0.514932,0.354129,-0.780665),fov=70.000000,dt=0.025334},
	{cf=CFrame.new(2.096481,2.014069,-3.820999,-0.856341,-0.251786,0.450870,-0.036749,0.900583,0.433127,-0.515102,0.354336,-0.780459),fov=70.000000,dt=0.023993},
	{cf=CFrame.new(2.097374,2.015106,-3.822037,-0.856307,-0.251949,0.450844,-0.036843,0.900514,0.433263,-0.515151,0.354396,-0.780399),fov=70.000000,dt=0.015932},
	{cf=CFrame.new(2.098137,2.015991,-3.822922,-0.856278,-0.252087,0.450821,-0.036923,0.900455,0.433379,-0.515193,0.354447,-0.780348),fov=70.000000,dt=0.019718},
	{cf=CFrame.new(2.098740,2.016693,-3.823616,-0.856255,-0.252197,0.450803,-0.036987,0.900408,0.433471,-0.515227,0.354488,-0.780307),fov=70.000000,dt=0.018751},
	{cf=CFrame.new(2.099487,2.017578,-3.824493,-0.856227,-0.252335,0.450781,-0.037067,0.900349,0.433586,-0.515269,0.354539,-0.780256),fov=70.000000,dt=0.021313},
	{cf=CFrame.new(2.100403,2.018616,-3.825546,-0.856192,-0.252501,0.450754,-0.037163,0.900279,0.433725,-0.515320,0.354600,-0.780195),fov=70.000000,dt=0.023974},
	{cf=CFrame.new(2.101013,2.019318,-3.826248,-0.856169,-0.252611,0.450735,-0.037226,0.900232,0.433817,-0.515353,0.354641,-0.780154),fov=70.000000,dt=0.020563},
	{cf=CFrame.new(2.101921,2.020386,-3.827309,-0.856135,-0.252777,0.450708,-0.037322,0.900161,0.433955,-0.515403,0.354703,-0.780093),fov=70.000000,dt=0.020938},
	{cf=CFrame.new(2.102676,2.021271,-3.828194,-0.856106,-0.252915,0.450685,-0.037402,0.900102,0.434071,-0.515446,0.354754,-0.780042),fov=70.000000,dt=0.021277},
	{cf=CFrame.new(2.103447,2.022125,-3.829079,-0.856077,-0.253053,0.450662,-0.037482,0.900043,0.434186,-0.515488,0.354805,-0.779991),fov=70.000000,dt=0.021613},
	{cf=CFrame.new(2.104050,2.022858,-3.829765,-0.856054,-0.253163,0.450644,-0.037546,0.899996,0.434278,-0.515521,0.354846,-0.779950),fov=70.000000,dt=0.014171},
	{cf=CFrame.new(2.104652,2.023560,-3.830475,-0.856031,-0.253274,0.450626,-0.037610,0.899949,0.434370,-0.515555,0.354887,-0.779910),fov=70.000000,dt=0.015841},
	{cf=CFrame.new(2.104805,2.023712,-3.830643,-0.856025,-0.253301,0.450621,-0.037626,0.899937,0.434393,-0.515563,0.354897,-0.779899),fov=70.000000,dt=0.016970},
	{cf=CFrame.new(2.104805,2.023712,-3.830643,-0.856025,-0.253301,0.450621,-0.037626,0.899937,0.434393,-0.515563,0.354897,-0.779899),fov=70.000000,dt=0.018554},
	{cf=CFrame.new(2.104805,2.023712,-3.830635,-0.856025,-0.253301,0.450621,-0.037626,0.899937,0.434393,-0.515563,0.354897,-0.779899),fov=70.000000,dt=0.018575},
	{cf=CFrame.new(2.104805,2.023712,-3.830643,-0.856025,-0.253301,0.450621,-0.037626,0.899937,0.434393,-0.515563,0.354897,-0.779899),fov=70.000000,dt=0.019018},
	{cf=CFrame.new(2.104805,2.023712,-3.830643,-0.856025,-0.253301,0.450621,-0.037626,0.899937,0.434393,-0.515563,0.354897,-0.779899),fov=70.000000,dt=0.025022},
	{cf=CFrame.new(2.104805,2.023712,-3.830643,-0.856025,-0.253301,0.450621,-0.037626,0.899937,0.434393,-0.515563,0.354897,-0.779899),fov=70.000000,dt=0.016198},
	{cf=CFrame.new(2.104805,2.023712,-3.830643,-0.856025,-0.253301,0.450621,-0.037626,0.899937,0.434393,-0.515563,0.354897,-0.779899),fov=70.000000,dt=0.017988},
	{cf=CFrame.new(2.104805,2.023712,-3.830643,-0.856025,-0.253302,0.450621,-0.037626,0.899937,0.434393,-0.515563,0.354897,-0.779899),fov=70.000000,dt=0.017807},
	{cf=CFrame.new(2.104805,2.023712,-3.830643,-0.856025,-0.253301,0.450621,-0.037626,0.899937,0.434393,-0.515563,0.354897,-0.779899),fov=70.000000,dt=0.018042},
	{cf=CFrame.new(2.104813,2.023712,-3.830643,-0.856025,-0.253301,0.450621,-0.037626,0.899937,0.434393,-0.515563,0.354897,-0.779899),fov=70.000000,dt=0.024178},
	{cf=CFrame.new(2.110947,2.023712,-3.830650,-0.858474,-0.250852,0.447321,-0.035265,0.899022,0.436482,-0.511644,0.358934,-0.780633),fov=70.000000,dt=0.015594},
	{cf=CFrame.new(2.115860,2.023712,-3.830650,-0.860420,-0.248881,0.444675,-0.033390,0.898280,0.438154,-0.508490,0.362149,-0.781208),fov=70.000000,dt=0.016790},
	{cf=CFrame.new(2.122002,2.023712,-3.830658,-0.862838,-0.246404,0.441358,-0.031063,0.897340,0.440245,-0.504526,0.366150,-0.781913),fov=70.000000,dt=0.018448},
	{cf=CFrame.new(2.126915,2.023712,-3.830650,-0.864759,-0.244410,0.438697,-0.029216,0.896579,0.441918,-0.501336,0.369336,-0.782466),fov=70.000000,dt=0.022350},
	{cf=CFrame.new(2.134285,2.023712,-3.830650,-0.867621,-0.241401,0.434694,-0.026469,0.895422,0.444430,-0.496521,0.374092,-0.783277),fov=70.000000,dt=0.023831},
	{cf=CFrame.new(2.141655,2.023712,-3.830658,-0.870457,-0.238370,0.430678,-0.023749,0.894246,0.446944,-0.491670,0.378818,-0.784065),fov=70.000000,dt=0.025474},
	{cf=CFrame.new(2.146561,2.023712,-3.830658,-0.872334,-0.236337,0.427993,-0.021952,0.893452,0.448621,-0.488417,0.381952,-0.784577),fov=70.000000,dt=0.016668},
	{cf=CFrame.new(2.151474,2.023712,-3.830658,-0.874200,-0.234294,0.425301,-0.020167,0.892650,0.450298,-0.485147,0.385074,-0.785080),fov=70.000000,dt=0.015832},
	{cf=CFrame.new(2.157608,2.023712,-3.830650,-0.876515,-0.231727,0.421928,-0.017954,0.891636,0.452396,-0.481039,0.388957,-0.785693),fov=70.000000,dt=0.023165},
	{cf=CFrame.new(2.163750,2.023712,-3.830650,-0.878813,-0.229144,0.418547,-0.015761,0.890610,0.454495,-0.476907,0.392819,-0.786291),fov=70.000000,dt=0.017522},
	{cf=CFrame.new(2.180122,2.023712,-3.830643,-0.884751,-0.222112,0.409734,-0.009743,0.887759,0.460205,-0.465963,0.403175,-0.787610),fov=70.000000,dt=0.023313},
	{cf=CFrame.new(2.193222,2.023712,-3.830643,-0.889409,-0.216410,0.402638,-0.005032,0.885413,0.464777,-0.457084,0.411351,-0.788584),fov=70.000000,dt=0.021905},
	{cf=CFrame.new(2.212868,2.023712,-3.830643,-0.896240,-0.207732,0.391919,0.001861,0.881790,0.471639,-0.443565,0.423431,-0.789909),fov=70.000000,dt=0.022990},
	{cf=CFrame.new(2.235794,2.023712,-3.830643,-0.903968,-0.197421,0.379299,0.009636,0.877408,0.479647,-0.427492,0.437240,-0.791247),fov=70.000000,dt=0.024162},
	{cf=CFrame.new(2.293915,2.023712,-3.830643,-0.921895,-0.170060,0.348121,0.029386,0.865239,0.500497,-0.386323,0.471636,-0.792663),fov=70.000000,dt=0.020513},
	{cf=CFrame.new(2.379868,2.023712,-3.830635,-0.945080,-0.127382,0.300995,0.055265,0.845383,0.531294,-0.322134,0.518750,-0.791914),fov=70.000000,dt=0.023162},
	{cf=CFrame.new(2.483017,2.023712,-3.830627,-0.965427,-0.071471,0.250683,0.087735,0.816481,0.570667,-0.245464,0.572931,-0.781983),fov=70.000000,dt=0.017856},
	{cf=CFrame.new(2.586166,2.023712,-3.830612,-0.979973,-0.012711,0.198724,0.113344,0.784918,0.609144,-0.163724,0.619469,-0.767758),fov=70.000000,dt=0.023821},
	{cf=CFrame.new(2.689316,2.023712,-3.830605,-0.988191,0.048382,0.145392,0.131897,0.751523,0.646387,-0.077992,0.657930,-0.749030),fov=70.000000,dt=0.022743},
	{cf=CFrame.new(2.792465,2.023712,-3.830589,-0.988827,0.130506,0.072035,0.144352,0.717763,0.681160,0.037192,0.683948,-0.728582),fov=70.000000,dt=0.021783},
	{cf=CFrame.new(2.792465,2.023712,-3.830605,-0.973703,0.226798,-0.021579,0.152843,0.720545,0.676353,0.168944,0.655269,-0.736261),fov=70.000000,dt=0.020298},
	{cf=CFrame.new(2.792465,2.023712,-3.830605,-0.931658,0.339737,-0.128811,0.170651,0.722145,0.670363,0.320767,0.602567,-0.730768),fov=70.000000,dt=0.027732},
	{cf=CFrame.new(2.792465,2.023712,-3.830605,-0.865040,0.446739,-0.228318,0.196446,0.720358,0.665202,0.461643,0.530575,-0.710899),fov=70.000000,dt=0.026648},
	{cf=CFrame.new(2.792465,2.023712,-3.830605,-0.759323,0.559795,-0.331750,0.235790,0.711879,0.661538,0.606491,0.424097,-0.672540),fov=70.000000,dt=0.027136},
	{cf=CFrame.new(2.792458,2.023712,-3.830605,-0.648053,0.643292,-0.407680,0.276240,0.697388,0.661318,0.709731,0.315951,-0.629648),fov=70.000000,dt=0.023130},
	{cf=CFrame.new(-1.038391,4.902924,-7.900757,-0.093588,0.405506,0.909289,0.393259,0.854088,-0.340412,-0.914652,0.325728,-0.239402),fov=70.000000,dt=0.021278},
	{cf=CFrame.new(-1.321281,4.923706,-7.903465,-0.215142,0.353129,0.910502,0.394193,0.884409,-0.249866,-0.893491,0.305157,-0.329475),fov=70.000000,dt=0.012327},
	{cf=CFrame.new(-1.604004,4.944397,-7.905998,-0.335171,0.299994,0.893120,0.385229,0.908727,-0.160667,-0.859802,0.290205,-0.420145),fov=70.000000,dt=0.017693},
	{cf=CFrame.new(-2.028114,4.975403,-7.909790,-0.507211,0.221489,0.832874,0.354107,0.934626,-0.032901,-0.785713,0.278239,-0.552483),fov=70.000000,dt=0.024315},
	{cf=CFrame.new(-2.522900,5.011566,-7.914215,-0.686837,0.136156,0.713944,0.293746,0.950498,0.101323,-0.664807,0.279310,-0.692833),fov=70.000000,dt=0.028933},
	{cf=CFrame.new(-3.017681,5.047760,-7.918640,-0.833290,0.062412,0.549302,0.212179,0.953618,0.213525,-0.510498,0.294479,-0.807882),fov=70.000000,dt=0.034943},
	{cf=CFrame.new(-3.220318,4.971802,-7.874161,-0.880568,0.067955,0.469023,0.202934,0.948411,0.243587,-0.428273,0.309675,-0.848931),fov=70.000000,dt=0.036042},
	{cf=CFrame.new(-3.355385,4.921143,-7.844521,-0.907763,0.072715,0.413134,0.195214,0.944947,0.262617,-0.371293,0.319044,-0.871982),fov=70.000000,dt=0.023382},
	{cf=CFrame.new(-3.512981,4.862061,-7.809906,-0.934922,0.079265,0.345888,0.184731,0.940954,0.283689,-0.302978,0.329123,-0.894361),fov=70.000000,dt=0.032523},
	{cf=CFrame.new(-3.693092,4.794556,-7.770370,-0.959727,0.087958,0.266809,0.170942,0.936509,0.306151,-0.222941,0.339431,-0.913830),fov=70.000000,dt=0.034716},
	{cf=CFrame.new(-3.828167,4.743896,-7.740723,-0.973847,0.095242,0.206281,0.159436,0.933293,0.321782,-0.161873,0.346255,-0.924069),fov=70.000000,dt=0.019233},
	{cf=CFrame.new(-3.918217,4.710144,-7.720955,-0.981085,0.100426,0.165489,0.151255,0.931218,0.331594,-0.120805,0.350353,-0.928794),fov=70.000000,dt=0.016895},
	{cf=CFrame.new(-3.958378,4.680542,-7.679352,-0.984454,0.107944,0.138557,0.149260,0.929958,0.336004,-0.092582,0.351461,-0.931614),fov=70.000000,dt=0.022452},
	{cf=CFrame.new(-4.028664,4.628754,-7.606537,-0.988409,0.121277,0.091321,0.145585,0.927737,0.343671,-0.043042,0.352982,-0.934639),fov=70.000000,dt=0.028603},
	{cf=CFrame.new(-4.088902,4.584351,-7.544144,-0.989830,0.132869,0.050809,0.142251,0.925815,0.350189,-0.000510,0.353855,-0.935300),fov=70.000000,dt=0.026018},
	{cf=CFrame.new(-4.149143,4.539948,-7.481720,-0.989432,0.144644,0.010093,0.138699,0.923877,0.356671,0.042266,0.354302,-0.934176),fov=70.000000,dt=0.018458},
	{cf=CFrame.new(-4.189304,4.510345,-7.440125,-0.988155,0.152534,-0.016822,0.136266,0.922577,0.360949,0.070576,0.354381,-0.932434),fov=70.000000,dt=0.023760},
	{cf=CFrame.new(-4.249542,4.465942,-7.377716,-0.984731,0.164465,-0.057066,0.132470,0.920614,0.367316,0.112947,0.354148,-0.928344),fov=70.000000,dt=0.015587},
	{cf=CFrame.new(-4.289707,4.436340,-7.336121,-0.981445,0.172477,-0.083775,0.129843,0.919298,0.371527,0.141094,0.353755,-0.924635),fov=70.000000,dt=0.017507},
	{cf=CFrame.new(-4.329865,4.406738,-7.294525,-0.977358,0.180530,-0.110360,0.127138,0.917976,0.375707,0.169135,0.353170,-0.920144),fov=70.000000,dt=0.017530},
	{cf=CFrame.new(-4.370033,4.377136,-7.252899,-0.972476,0.188619,-0.136797,0.124357,0.916648,0.379858,0.197043,0.352391,-0.914874),fov=70.000000,dt=0.020665},
	{cf=CFrame.new(-4.420227,4.340149,-7.200912,-0.965259,0.198773,-0.169600,0.120773,0.914981,0.385000,0.231708,0.351142,-0.907199),fov=70.000000,dt=0.025424},
	{cf=CFrame.new(-4.434067,4.262878,-7.035332,-0.949720,0.225552,-0.217159,0.128041,0.912715,0.388016,0.285722,0.340701,-0.895704),fov=70.000000,dt=0.041802},
	{cf=CFrame.new(-4.429379,4.216003,-6.926765,-0.939318,0.242504,-0.242637,0.134814,0.911344,0.388942,0.315446,0.332630,-0.888736),fov=70.000000,dt=0.021186},
	{cf=CFrame.new(-4.425476,4.176971,-6.836296,-0.929894,0.256564,-0.263574,0.140598,0.910083,0.389848,0.339895,0.325460,-0.882353),fov=70.000000,dt=0.015910},
	{cf=CFrame.new(-4.404175,4.144287,-6.763641,-0.924812,0.263684,-0.274214,0.143417,0.909285,0.390682,0.352356,0.321980,-0.878735),fov=70.000000,dt=0.019655},
	{cf=CFrame.new(-4.369980,4.102844,-6.672714,-0.919473,0.270867,-0.284958,0.146182,0.908375,0.391773,0.364967,0.318569,-0.874822),fov=70.000000,dt=0.020921},
	{cf=CFrame.new(-4.328930,4.053131,-6.563606,-0.912826,0.279465,-0.297739,0.149529,0.907244,0.393128,0.379988,0.314337,-0.869943),fov=70.000000,dt=0.025789},
	{cf=CFrame.new(-4.294731,4.011688,-6.472672,-0.907088,0.286611,-0.308295,0.152341,0.906268,0.394298,0.392408,0.310697,-0.865727),fov=70.000000,dt=0.020581},
	{cf=CFrame.new(-4.260532,3.970245,-6.381737,-0.901172,0.293738,-0.318761,0.155174,0.905261,0.395503,0.404736,0.306953,-0.861376),fov=70.000000,dt=0.020426},
	{cf=CFrame.new(-4.233173,3.937073,-6.309013,-0.896310,0.299424,-0.327067,0.157455,0.904434,0.396494,0.414531,0.303883,-0.857799),fov=70.000000,dt=0.021480},
	{cf=CFrame.new(-4.178448,3.870789,-6.163528,-0.886250,0.310753,-0.343503,0.162054,0.902718,0.398546,0.433936,0.297545,-0.850392),fov=70.000000,dt=0.024661},
	{cf=CFrame.new(-4.151093,3.837616,-6.090775,-0.881052,0.316394,-0.351629,0.164372,0.901829,0.399608,0.443543,0.294277,-0.846564),fov=70.000000,dt=0.016993},
	{cf=CFrame.new(-4.116894,3.796173,-5.999847,-0.874398,0.323423,-0.361698,0.167285,0.900688,0.400969,0.455460,0.290100,-0.841664),fov=70.000000,dt=0.023604},
	{cf=CFrame.new(-4.082973,3.760956,-5.923401,-0.869764,0.328262,-0.368450,0.169269,0.899815,0.402095,0.463529,0.287361,-0.838191),fov=70.000000,dt=0.018949},
	{cf=CFrame.new(-4.015965,3.709167,-5.813904,-0.866947,0.331440,-0.372224,0.170406,0.898946,0.403556,0.468364,0.286432,-0.835818),fov=70.000000,dt=0.019251},
	{cf=CFrame.new(-3.948963,3.657410,-5.704399,-0.864102,0.334617,-0.375978,0.171541,0.898070,0.405024,0.473183,0.285486,-0.833424),fov=70.000000,dt=0.016681},
	{cf=CFrame.new(-3.881958,3.605621,-5.594917,-0.861229,0.337793,-0.379710,0.172673,0.897186,0.406499,0.477984,0.284523,-0.831010),fov=70.000000,dt=0.024506},
	{cf=CFrame.new(-3.828354,3.564178,-5.507317,-0.858911,0.340334,-0.382680,0.173577,0.896473,0.407685,0.481812,0.283741,-0.829065),fov=70.000000,dt=0.014516},
	{cf=CFrame.new(-3.743214,3.509277,-5.427185,-0.860411,0.341172,-0.378542,0.175695,0.895877,0.408087,0.478355,0.284615,-0.830765),fov=70.000000,dt=0.015682},
	{cf=CFrame.new(-3.615505,3.426910,-5.307007,-0.862631,0.342413,-0.372319,0.178870,0.894983,0.408669,0.473153,0.285933,-0.833287),fov=70.000000,dt=0.027837},
	{cf=CFrame.new(-3.530365,3.372009,-5.226875,-0.864089,0.343231,-0.368161,0.180986,0.894387,0.409042,0.469675,0.286817,-0.834950),fov=70.000000,dt=0.015115},
	{cf=CFrame.new(-3.445221,3.317108,-5.146744,-0.865530,0.344041,-0.363996,0.183101,0.893791,0.409405,0.466189,0.287704,-0.836597),fov=70.000000,dt=0.017789},
	{cf=CFrame.new(-3.360085,3.262177,-5.066628,-0.866954,0.344844,-0.359824,0.185215,0.893194,0.409756,0.462694,0.288595,-0.838228),fov=70.000000,dt=0.019456},
	{cf=CFrame.new(-3.253658,3.193542,-4.966461,-0.868711,0.345836,-0.354597,0.187856,0.892447,0.410180,0.458314,0.289714,-0.840246),fov=70.000000,dt=0.016836},
	{cf=CFrame.new(-3.180210,3.149048,-4.912819,-0.871191,0.345668,-0.348626,0.189865,0.892081,0.410053,0.452745,0.291043,-0.842802),fov=70.000000,dt=0.016408},
	{cf=CFrame.new(-3.075882,3.087463,-4.845596,-0.875376,0.344918,-0.338746,0.192822,0.891650,0.409610,0.443325,0.293245,-0.847036),fov=70.000000,dt=0.015968},
	{cf=CFrame.new(-2.934093,3.005829,-4.766930,-0.881755,0.341170,-0.325748,0.193952,0.891716,0.408932,0.429990,0.297398,-0.852445),fov=70.000000,dt=0.015965},
	{cf=CFrame.new(-2.814598,2.938019,-4.706863,-0.887389,0.336657,-0.314965,0.193503,0.892084,0.408342,0.418446,0.301412,-0.856769),fov=70.000000,dt=0.019911},
	{cf=CFrame.new(-2.695084,2.870209,-4.646797,-0.892870,0.332111,-0.304116,0.193069,0.892446,0.407757,0.406827,0.305359,-0.860958),fov=70.000000,dt=0.018879},
	{cf=CFrame.new(-2.545708,2.785461,-4.571709,-0.899502,0.326383,-0.290465,0.192547,0.892890,0.407031,0.392202,0.310197,-0.866000),fov=70.000000,dt=0.015300},
	{cf=CFrame.new(-2.396328,2.700714,-4.496620,-0.905891,0.320608,-0.276718,0.192047,0.893326,0.406310,0.377466,0.314929,-0.870827),fov=70.000000,dt=0.024894},
	{cf=CFrame.new(-2.276825,2.632904,-4.436554,-0.910825,0.315954,-0.265654,0.191664,0.893668,0.405736,0.365600,0.318638,-0.874532),fov=70.000000,dt=0.013503},
	{cf=CFrame.new(-2.157322,2.565094,-4.376488,-0.915600,0.311271,-0.254532,0.191296,0.894006,0.405165,0.353670,0.322278,-0.878097),fov=70.000000,dt=0.016132},
	{cf=CFrame.new(-2.037823,2.497284,-4.316406,-0.920217,0.306561,-0.243354,0.190943,0.894339,0.404597,0.341675,0.325850,-0.881521),fov=70.000000,dt=0.018821},
	{cf=CFrame.new(-1.919987,2.430847,-4.259712,-0.924773,0.301302,-0.232405,0.189985,0.894782,0.404067,0.329698,0.329517,-0.884713),fov=70.000000,dt=0.016198},
	{cf=CFrame.new(-1.807144,2.368439,-4.213135,-0.929465,0.294458,-0.222239,0.187196,0.895552,0.403664,0.317888,0.333589,-0.887505),fov=70.000000,dt=0.018226},
	{cf=CFrame.new(-1.694305,2.306061,-4.166557,-0.933993,0.287590,-0.212012,0.184437,0.896294,0.403286,0.306006,0.337563,-0.890175),fov=70.000000,dt=0.016085},
	{cf=CFrame.new(-1.553261,2.228058,-4.108322,-0.939423,0.278974,-0.199145,0.181032,0.897184,0.402850,0.291054,0.342394,-0.893338),fov=70.000000,dt=0.019027},
	{cf=CFrame.new(-1.440422,2.165680,-4.061737,-0.943580,0.272059,-0.188786,0.178343,0.897867,0.402529,0.279016,0.346150,-0.895729),fov=70.000000,dt=0.017618},
	{cf=CFrame.new(-1.327583,2.103271,-4.015167,-0.947572,0.265125,-0.178371,0.175685,0.898523,0.402232,0.266912,0.349807,-0.897994),fov=70.000000,dt=0.019747},
	{cf=CFrame.new(-1.214745,2.040894,-3.968590,-0.951397,0.258173,-0.167903,0.173059,0.899155,0.401960,0.254746,0.353366,-0.900132),fov=70.000000,dt=0.018710},
	{cf=CFrame.new(-0.974243,1.910675,-3.886551,-0.959881,0.239132,-0.146437,0.163172,0.901052,0.401846,0.228041,0.361831,-0.903922),fov=70.000000,dt=0.021121},
	{cf=CFrame.new(-0.744156,1.786926,-3.813126,-0.967425,0.219632,-0.125900,0.152644,0.902812,0.402032,0.201963,0.369718,-0.906929),fov=70.000000,dt=0.018929},
	{cf=CFrame.new(-0.606110,1.712677,-3.769081,-0.971548,0.207912,-0.113437,0.146439,0.903751,0.402232,0.186148,0.374175,-0.908483),fov=70.000000,dt=0.017094},
	{cf=CFrame.new(-0.422028,1.613678,-3.710335,-0.976570,0.192268,-0.096663,0.138301,0.904869,0.402598,0.164874,0.379797,-0.910259),fov=70.000000,dt=0.013977},
	{cf=CFrame.new(-0.126015,1.480591,-3.598900,-0.984607,0.163240,-0.062462,0.124654,0.906349,0.403725,0.122516,0.389725,-0.912746),fov=70.000000,dt=0.020496},
	{cf=CFrame.new(0.110786,1.374146,-3.509743,-0.989538,0.140032,-0.034731,0.114171,0.907211,0.404885,0.088205,0.396684,-0.913708),fov=70.000000,dt=0.016717},
	{cf=CFrame.new(0.347595,1.267670,-3.420593,-0.993124,0.116875,-0.006711,0.104089,0.907809,0.406262,0.053574,0.402770,-0.913732),fov=70.000000,dt=0.016630},
	{cf=CFrame.new(0.556755,1.176086,-3.340263,-0.995183,0.096185,0.018956,0.095535,0.908118,0.407670,0.021998,0.407517,-0.912933),fov=70.000000,dt=0.016559},
	{cf=CFrame.new(0.683121,1.128998,-3.286346,-0.995900,0.082502,0.037106,0.090463,0.908174,0.408700,0.000020,0.410381,-0.911914),fov=70.000000,dt=0.019242},
	{cf=CFrame.new(0.841072,1.070190,-3.218948,-0.996107,0.065237,0.059289,0.083889,0.908140,0.410176,-0.027084,0.413552,-0.910077),fov=70.000000,dt=0.018470},
	{cf=CFrame.new(0.999031,1.011353,-3.151566,-0.995550,0.047725,0.081254,0.077141,0.907982,0.411845,-0.054121,0.416281,-0.907624),fov=70.000000,dt=0.019889},
	{cf=CFrame.new(1.272934,0.921509,-3.026787,-0.992191,0.016615,0.123613,0.066889,0.907395,0.414923,-0.105271,0.419952,-0.901420),fov=70.000000,dt=0.021224},
	{cf=CFrame.new(1.515213,0.843475,-2.915497,-0.986900,-0.011500,0.160925,0.057615,0.906562,0.418122,-0.150697,0.421917,-0.894023),fov=70.000000,dt=0.017262},
	{cf=CFrame.new(1.757484,0.765411,-2.804214,-0.979490,-0.040095,0.197466,0.047976,0.905410,0.421818,-0.195700,0.422639,-0.884917),fov=70.000000,dt=0.015881},
	{cf=CFrame.new(1.999710,0.687378,-2.692947,-0.969987,-0.069099,0.233133,0.038001,0.903914,0.426024,-0.240170,0.422097,-0.874158),fov=70.000000,dt=0.020686},
	{cf=CFrame.new(2.130119,0.652496,-2.628403,-0.963298,-0.085076,0.254596,0.033460,0.902995,0.428346,-0.266341,0.421143,-0.867007),fov=70.000000,dt=0.023401},
	{cf=CFrame.new(2.260529,0.617645,-2.563858,-0.955896,-0.101152,0.275736,0.028827,0.901977,0.430821,-0.292286,0.419769,-0.859281),fov=70.000000,dt=0.023202},
	{cf=CFrame.new(2.366798,0.583923,-2.497566,-0.947997,-0.116442,0.296213,0.024100,0.901740,0.431607,-0.317365,0.416301,-0.852040),fov=70.000000,dt=0.020482},
	{cf=CFrame.new(2.444160,0.542084,-2.404594,-0.937062,-0.134443,0.322242,0.017499,0.903656,0.427901,-0.348724,0.406608,-0.844429),fov=70.000000,dt=0.016458},
	{cf=CFrame.new(2.521530,0.500275,-2.311623,-0.925092,-0.152293,0.347868,0.010509,0.905442,0.424340,-0.379598,0.396209,-0.836017),fov=70.000000,dt=0.019835},
	{cf=CFrame.new(2.618240,0.447998,-2.195412,-0.908700,-0.174358,0.379293,0.001233,0.907471,0.420112,-0.417447,0.382224,-0.824404),fov=70.000000,dt=0.015519},
	{cf=CFrame.new(2.697433,0.397736,-2.081017,-0.891317,-0.194497,0.409544,-0.007722,0.909690,0.415216,-0.453316,0.366927,-0.812324),fov=70.000000,dt=0.024677},
	{cf=CFrame.new(2.751480,0.358612,-1.990479,-0.876708,-0.209472,0.433019,-0.014817,0.911535,0.410955,-0.480795,0.353871,-0.802254),fov=70.000000,dt=0.017044},
	{cf=CFrame.new(2.805511,0.319519,-1.899940,-0.861254,-0.224172,0.456058,-0.022274,0.913232,0.406829,-0.507687,0.340225,-0.791518),fov=70.000000,dt=0.017519},
	{cf=CFrame.new(2.859550,0.280396,-1.809402,-0.844974,-0.238579,0.478643,-0.030087,0.914771,0.402851,-0.533960,0.325997,-0.780136),fov=70.000000,dt=0.014947},
	{cf=CFrame.new(2.927094,0.231506,-1.696228,-0.823495,-0.256144,0.506207,-0.040344,0.916454,0.398101,-0.565887,0.307412,-0.765029),fov=70.000000,dt=0.022777},
	{cf=CFrame.new(2.983574,0.181183,-1.577156,-0.800010,-0.273230,0.534163,-0.051642,0.918345,0.392398,-0.597761,0.286337,-0.748794),fov=70.000000,dt=0.022234},
	{cf=CFrame.new(2.989723,0.153107,-1.505760,-0.786168,-0.281576,0.550140,-0.058592,0.920126,0.387215,-0.615229,0.272182,-0.739872),fov=70.000000,dt=0.020661},
	{cf=CFrame.new(2.994637,0.130646,-1.448639,-0.774826,-0.288062,0.562730,-0.064328,0.921456,0.383120,-0.628893,0.260651,-0.732498),fov=70.000000,dt=0.017875},
	{cf=CFrame.new(3.001770,0.105164,-1.365143,-0.756807,-0.295180,0.583191,-0.069036,0.923330,0.377752,-0.649982,0.245624,-0.719160),fov=70.000000,dt=0.014336},
	{cf=CFrame.new(3.007675,0.085327,-1.295937,-0.741266,-0.300449,0.600212,-0.072483,0.924825,0.373424,-0.667286,0.233301,-0.707319),fov=70.000000,dt=0.012821},
	{cf=CFrame.new(3.017509,0.052246,-1.180595,-0.714507,-0.308651,0.627865,-0.078664,0.927177,0.366270,-0.695192,0.212312,-0.686754),fov=70.000000,dt=0.017223},
	{cf=CFrame.new(3.025383,0.025787,-1.088318,-0.692357,-0.314678,0.649323,-0.083999,0.928924,0.360615,-0.716649,0.195131,-0.669580),fov=70.000000,dt=0.017922},
	{cf=CFrame.new(3.033249,-0.000671,-0.996048,-0.669577,-0.320218,0.670170,-0.089676,0.930543,0.355032,-0.737310,0.177622,-0.651786),fov=70.000000,dt=0.017982},
	{cf=CFrame.new(3.040520,-0.023499,-0.910713,-0.647657,-0.324362,0.689441,-0.094053,0.931973,0.350114,-0.756105,0.161910,-0.634106),fov=70.000000,dt=0.018805},
	{cf=CFrame.new(3.047142,-0.043732,-0.832863,-0.627098,-0.327592,0.706705,-0.097888,0.933214,0.345729,-0.772766,0.147628,-0.617284),fov=70.000000,dt=0.021271},
	{cf=CFrame.new(3.047218,-0.059296,-0.773994,-0.610628,-0.329783,0.719984,-0.100852,0.934147,0.342344,-0.785469,0.136433,-0.603676),fov=70.000000,dt=0.019040},
	{cf=CFrame.new(3.031677,-0.072876,-0.725311,-0.594762,-0.331356,0.732436,-0.103147,0.935025,0.339249,-0.797257,0.126223,-0.590295),fov=70.000000,dt=0.017369},
	{cf=CFrame.new(3.012253,-0.089874,-0.664459,-0.574614,-0.333050,0.747594,-0.106179,0.936072,0.335404,-0.811508,0.113349,-0.573242),fov=70.000000,dt=0.017806},
	{cf=CFrame.new(3.002594,-0.100159,-0.626717,-0.562014,-0.333888,0.756742,-0.108006,0.936695,0.333073,-0.820046,0.105460,-0.562497),fov=70.000000,dt=0.013602},
	{cf=CFrame.new(2.991219,-0.121124,-0.546310,-0.535025,-0.335073,0.775548,-0.111557,0.937968,0.328286,-0.837439,0.089123,-0.539216),fov=70.000000,dt=0.024391},
	{cf=CFrame.new(2.976044,-0.149048,-0.439095,-0.498221,-0.335855,0.799361,-0.116741,0.939521,0.321983,-0.859155,0.067100,-0.507297),fov=70.000000,dt=0.038252},
	{cf=CFrame.new(2.962624,-0.185455,-0.296776,-0.448183,-0.335261,0.828693,-0.123562,0.941345,0.314010,-0.885361,0.038339,-0.463320),fov=70.000000,dt=0.030707},
	{cf=CFrame.new(2.961311,-0.220001,-0.156708,-0.397993,-0.332914,0.854851,-0.130383,0.942898,0.306501,-0.908076,0.010528,-0.418673),fov=70.000000,dt=0.032761},
	{cf=CFrame.new(2.977417,-0.245850,-0.044724,-0.357593,-0.329701,0.873742,-0.135416,0.944024,0.300800,-0.924008,-0.010755,-0.382223),fov=70.000000,dt=0.031016},
	{cf=CFrame.new(2.988785,-0.251892,0.043121,-0.323451,-0.327279,0.887845,-0.140603,0.944489,0.296936,-0.935740,-0.028790,-0.351513),fov=70.000000,dt=0.018861},
	{cf=CFrame.new(3.002319,-0.249207,0.154778,-0.278043,-0.323784,0.904354,-0.148285,0.944660,0.292625,-0.949054,-0.052740,-0.310668),fov=70.000000,dt=0.015488},
	{cf=CFrame.new(3.019226,-0.245850,0.294342,-0.220553,-0.317857,0.922130,-0.158540,0.944521,0.287656,-0.962404,-0.082751,-0.258710),fov=70.000000,dt=0.018342},
