local Players = game:GetService('Players')
local RunService = game:GetService('RunService')

local player = Players.LocalPlayer
local camera = workspace.CurrentCamera

local root = player.Character:WaitForChild('HumanoidRootPart')

camera.CameraType = Enum.CameraType.Scriptable

local frames = {
	{cf=CFrame.new(0.000000,0.000000,0.000000,1.000000,0.000000,-0.000000,0.000000,1.000000,-0.000000,-0.000000,-0.000000,1.000000),fov=25.000000,dt=0.020426},
	{cf=CFrame.new(3.288757,-0.316389,-17.495361,-0.974343,-0.005779,0.224992,-0.007551,0.999947,-0.007015,-0.224939,-0.008534,-0.974335),fov=25.000000,dt=0.023430},
	{cf=CFrame.new(4.043030,-0.384668,-19.229492,-0.967504,-0.011668,0.252587,-0.014841,0.999833,-0.010661,-0.252421,-0.014063,-0.967515),fov=25.000000,dt=0.013199},
	{cf=CFrame.new(8.183624,-0.759478,-28.398682,-0.915322,-0.049780,0.399635,-0.055121,0.998478,-0.001874,-0.398933,-0.023744,-0.916673),fov=25.000000,dt=0.059279},
	{cf=CFrame.new(11.394623,-1.050140,-34.967407,-0.855106,-0.063427,0.514560,-0.086285,0.996057,-0.020612,-0.511223,-0.062024,-0.857207),fov=25.000000,dt=0.091163},
	{cf=CFrame.new(11.497437,-1.059444,-34.863770,-0.847352,-0.042096,0.529360,-0.086995,0.994389,-0.060178,-0.523856,-0.097044,-0.846260),fov=25.000000,dt=0.071334},
	{cf=CFrame.new(11.497437,-1.059444,-34.863770,-0.846608,-0.051452,0.529723,-0.087076,0.995295,-0.042492,-0.525045,-0.082101,-0.847105),fov=25.000000,dt=0.050331},
	{cf=CFrame.new(11.497437,-1.059448,-34.863770,-0.846106,-0.059090,0.529730,-0.087121,0.995802,-0.028073,-0.525847,-0.069904,-0.847702),fov=25.000000,dt=0.038305},
	{cf=CFrame.new(11.497437,-1.059446,-34.863770,-0.845953,-0.058434,0.530046,-0.087118,0.995768,-0.029263,-0.526093,-0.070932,-0.847464),fov=25.000000,dt=0.045825},
	{cf=CFrame.new(11.497437,-1.059446,-34.863770,-0.845654,-0.055470,0.530841,-0.087103,0.995594,-0.034724,-0.526576,-0.075602,-0.846759),fov=25.000000,dt=0.037597},
	{cf=CFrame.new(11.497437,-1.059446,-34.863770,-0.845031,-0.053070,0.532077,-0.087089,0.995436,-0.039027,-0.527578,-0.079317,-0.845796),fov=25.000000,dt=0.041724},
	{cf=CFrame.new(11.497437,-1.059448,-34.863770,-0.843657,-0.052186,0.534341,-0.087085,0.995386,-0.040283,-0.529773,-0.080518,-0.844309),fov=25.000000,dt=0.039429},
	{cf=CFrame.new(11.497437,-1.059444,-34.863770,-0.841966,-0.052063,0.537013,-0.087086,0.995396,-0.040037,-0.532456,-0.080476,-0.842623),fov=25.000000,dt=0.032136},
	{cf=CFrame.new(11.497437,-1.059448,-34.863770,-0.839990,-0.051961,0.540108,-0.087087,0.995410,-0.039676,-0.535568,-0.080364,-0.840660),fov=25.000000,dt=0.038027},
	{cf=CFrame.new(11.497437,-1.059446,-34.863770,-0.839047,-0.051922,0.541576,-0.087088,0.995417,-0.039490,-0.537044,-0.080299,-0.839724),fov=25.000000,dt=0.026726},
	{cf=CFrame.new(11.497437,-1.059444,-34.863770,-0.838796,-0.051916,0.541965,-0.087088,0.995420,-0.039432,-0.537435,-0.080274,-0.839476),fov=25.000000,dt=0.030730},
	{cf=CFrame.new(11.497437,-1.059443,-34.863770,-0.839113,-0.051940,0.541472,-0.087088,0.995418,-0.039474,-0.536941,-0.080279,-0.839792),fov=25.000000,dt=0.031000},
	{cf=CFrame.new(11.497437,-1.059446,-34.863770,-0.840328,-0.052015,0.539577,-0.087087,0.995410,-0.039671,-0.535037,-0.080327,-0.841001),fov=25.000000,dt=0.030806},
	{cf=CFrame.new(11.497437,-1.059446,-34.863770,-0.842480,-0.052012,0.536210,-0.087087,0.995386,-0.040277,-0.531642,-0.080629,-0.843123),fov=25.000000,dt=0.025542},
	{cf=CFrame.new(11.497437,-1.059446,-34.863770,-0.848929,-0.051299,0.526012,-0.087075,0.995253,-0.043469,-0.521285,-0.082704,-0.849366),fov=25.000000,dt=0.034248},
	{cf=CFrame.new(11.497437,-1.059446,-34.863770,-0.852467,-0.050156,0.520369,-0.087062,0.995107,-0.046712,-0.515480,-0.085125,-0.852663),fov=25.000000,dt=0.022631},
	{cf=CFrame.new(11.497437,-1.059446,-34.863770,-0.853110,-0.049232,0.519402,-0.087052,0.995014,-0.048668,-0.514416,-0.086734,-0.853143),fov=25.000000,dt=0.027926},
	{cf=CFrame.new(11.497437,-1.059446,-34.863770,-0.853147,-0.048338,0.519425,-0.087045,0.994929,-0.050380,-0.514356,-0.088195,-0.853029),fov=25.000000,dt=0.028569},
	{cf=CFrame.new(11.497437,-1.059444,-34.863770,-0.853127,-0.047678,0.519521,-0.087039,0.994866,-0.051628,-0.514392,-0.089264,-0.852897),fov=25.000000,dt=0.028029},
	{cf=CFrame.new(11.497437,-1.059444,-34.863770,-0.852946,-0.046937,0.519884,-0.087033,0.994796,-0.052976,-0.514692,-0.090433,-0.852592),fov=25.000000,dt=0.025627},
	{cf=CFrame.new(11.497437,-1.059446,-34.863770,-0.852291,-0.046216,0.521022,-0.087027,0.994735,-0.054125,-0.515778,-0.091474,-0.851825),fov=25.000000,dt=0.026848},
	{cf=CFrame.new(11.497437,-1.059446,-34.863770,-0.850965,-0.045297,0.523266,-0.087021,0.994664,-0.055414,-0.517963,-0.092690,-0.850366),fov=25.000000,dt=0.027200},
	{cf=CFrame.new(11.497437,-1.059446,-34.863770,-0.849597,-0.044522,0.525550,-0.087016,0.994609,-0.056410,-0.520205,-0.093657,-0.848891),fov=25.000000,dt=0.026716},
	{cf=CFrame.new(11.497437,-1.059446,-34.863770,-0.847933,-0.043745,0.528295,-0.087012,0.994558,-0.057304,-0.522913,-0.094558,-0.847125),fov=25.000000,dt=0.029074},
	{cf=CFrame.new(11.497437,-1.059444,-34.863770,-0.846763,-0.043298,0.530205,-0.087010,0.994533,-0.057743,-0.524806,-0.095028,-0.845901),fov=25.000000,dt=0.016864},
	{cf=CFrame.new(11.497437,-1.059444,-34.863770,-0.845569,-0.043849,0.532063,-0.087018,0.994613,-0.056322,-0.526727,-0.093923,-0.844830),fov=25.000000,dt=0.024128},
	{cf=CFrame.new(11.497437,-1.059448,-34.863770,-0.844380,-0.044949,0.533855,-0.087030,0.994747,-0.053898,-0.528628,-0.091972,-0.843856),fov=25.000000,dt=0.023910},
	{cf=CFrame.new(11.497437,-1.059446,-34.863770,-0.843848,-0.046545,0.534559,-0.087043,0.994910,-0.050776,-0.529475,-0.089377,-0.843604),fov=25.000000,dt=0.029496},
	{cf=CFrame.new(11.497437,-1.059448,-34.863770,-0.844600,-0.047488,0.533288,-0.087050,0.994985,-0.049265,-0.528274,-0.088032,-0.844498),fov=25.000000,dt=0.026445},
	{cf=CFrame.new(11.497437,-1.059446,-34.863770,-0.845984,-0.048280,0.531018,-0.087054,0.995036,-0.048221,-0.526053,-0.087021,-0.845988),fov=25.000000,dt=0.023758},
	{cf=CFrame.new(11.497437,-1.059446,-34.863770,-0.847138,-0.048881,0.529120,-0.087057,0.995072,-0.047455,-0.524193,-0.086264,-0.847219),fov=25.000000,dt=0.019204},
	{cf=CFrame.new(11.497437,-1.059444,-34.863770,-0.848291,-0.049442,0.527218,-0.087060,0.995105,-0.046759,-0.522325,-0.085565,-0.848443),fov=25.000000,dt=0.023309},
	{cf=CFrame.new(11.497437,-1.059446,-34.863770,-0.849292,-0.049731,0.525576,-0.087061,0.995116,-0.046525,-0.520695,-0.085270,-0.849474),fov=25.000000,dt=0.018480},
	{cf=CFrame.new(11.497437,-1.059444,-34.863770,-0.850224,-0.049728,0.524066,-0.087060,0.995102,-0.046819,-0.519172,-0.085432,-0.850389),fov=25.000000,dt=0.022277},
	{cf=CFrame.new(11.497437,-1.059448,-34.863770,-0.851054,-0.049290,0.522759,-0.087056,0.995051,-0.047905,-0.517811,-0.086279,-0.851133),fov=25.000000,dt=0.021404},
	{cf=CFrame.new(11.497437,-1.059444,-34.863770,-0.851765,-0.048605,0.521664,-0.087050,0.994977,-0.049428,-0.516641,-0.087512,-0.851718),fov=25.000000,dt=0.022639},
	{cf=CFrame.new(11.497437,-1.059446,-34.863770,-0.852477,-0.047790,0.520575,-0.087041,0.994888,-0.051204,-0.515467,-0.088962,-0.852279),fov=25.000000,dt=0.023361},
	{cf=CFrame.new(11.497437,-1.059444,-34.863770,-0.852894,-0.047243,0.519943,-0.087036,0.994827,-0.052378,-0.514779,-0.089927,-0.852594),fov=25.000000,dt=0.018433},
	{cf=CFrame.new(11.497437,-1.059446,-34.863770,-0.853087,-0.046978,0.519650,-0.087033,0.994798,-0.052946,-0.514459,-0.090395,-0.852737),fov=25.000000,dt=0.024443},
	{cf=CFrame.new(11.497437,-1.059444,-34.863770,-0.853155,-0.046814,0.519553,-0.087032,0.994780,-0.053279,-0.514347,-0.090673,-0.852775),fov=25.000000,dt=0.033791},
	{cf=CFrame.new(11.497437,-1.059444,-34.863770,-0.852949,-0.046779,0.519893,-0.087032,0.994780,-0.053277,-0.514687,-0.090690,-0.852568),fov=25.000000,dt=0.022732},
	{cf=CFrame.new(11.497437,-1.059446,-34.863770,-0.852747,-0.046746,0.520228,-0.087032,0.994780,-0.053273,-0.515022,-0.090704,-0.852364),fov=25.000000,dt=0.020019},
	{cf=CFrame.new(11.497437,-1.059444,-34.863770,-0.852318,-0.046679,0.520937,-0.087032,0.994781,-0.053256,-0.515733,-0.090729,-0.851932),fov=25.000000,dt=0.037701},
	{cf=CFrame.new(11.497437,-1.059444,-34.863770,-0.852002,-0.046634,0.521458,-0.087032,0.994782,-0.053236,-0.516255,-0.090741,-0.851615),fov=25.000000,dt=0.027247},
	{cf=CFrame.new(11.497437,-1.059446,-34.863770,-0.851623,-0.046585,0.522080,-0.087032,0.994784,-0.053204,-0.516878,-0.090748,-0.851235),fov=25.000000,dt=0.027479},
	{cf=CFrame.new(11.497437,-1.059446,-34.863770,-0.851350,-0.046552,0.522529,-0.087032,0.994785,-0.053174,-0.517329,-0.090747,-0.850962),fov=25.000000,dt=0.021261},
	{cf=CFrame.new(11.497437,-1.059446,-34.863770,-0.851021,-0.046518,0.523067,-0.087032,0.994788,-0.053131,-0.517869,-0.090739,-0.850634),fov=25.000000,dt=0.021977},
	{cf=CFrame.new(11.497437,-1.059446,-34.863770,-0.850809,-0.046503,0.523413,-0.087033,0.994790,-0.053089,-0.518218,-0.090722,-0.850423),fov=25.000000,dt=0.019358},
	{cf=CFrame.new(11.497437,-1.059443,-34.863770,-0.850548,-0.046488,0.523839,-0.087033,0.994793,-0.053032,-0.518646,-0.090697,-0.850165),fov=25.000000,dt=0.023602},
	{cf=CFrame.new(11.497437,-1.059444,-34.863770,-0.850305,-0.046486,0.524233,-0.087033,0.994797,-0.052955,-0.519044,-0.090654,-0.849927),fov=25.000000,dt=0.021757},
	{cf=CFrame.new(11.497437,-1.059446,-34.863770,-0.850094,-0.046505,0.524573,-0.087034,0.994802,-0.052851,-0.519389,-0.090584,-0.849723),fov=25.000000,dt=0.014789},
	{cf=CFrame.new(11.497437,-1.059444,-34.863770,-0.849981,-0.046524,0.524755,-0.087034,0.994806,-0.052777,-0.519574,-0.090531,-0.849616),fov=25.000000,dt=0.014641},
	{cf=CFrame.new(11.497437,-1.059444,-34.863770,-0.849851,-0.046783,0.524942,-0.087037,0.994834,-0.052248,-0.519786,-0.090092,-0.849533),fov=25.000000,dt=0.018737},
	{cf=CFrame.new(11.497437,-1.059446,-34.863770,-0.849778,-0.047110,0.525031,-0.087039,0.994867,-0.051608,-0.519905,-0.089554,-0.849517),fov=25.000000,dt=0.017641},
	{cf=CFrame.new(11.497437,-1.059444,-34.863770,-0.849687,-0.047520,0.525141,-0.087043,0.994908,-0.050808,-0.520053,-0.088881,-0.849497),fov=25.000000,dt=0.021469},
	{cf=CFrame.new(11.497437,-1.059448,-34.863770,-0.849615,-0.047847,0.525229,-0.087046,0.994940,-0.050168,-0.520171,-0.088343,-0.849481),fov=25.000000,dt=0.018407},
	{cf=CFrame.new(11.497437,-1.059446,-34.863770,-0.849505,-0.048339,0.525361,-0.087050,0.994988,-0.049209,-0.520349,-0.087536,-0.849455),fov=25.000000,dt=0.020524},
	{cf=CFrame.new(11.497437,-1.059446,-34.863770,-0.849469,-0.048503,0.525405,-0.087051,0.995004,-0.048889,-0.520408,-0.087266,-0.849447),fov=25.000000,dt=0.009846},
	{cf=CFrame.new(11.497437,-1.059446,-34.863770,-0.849378,-0.048914,0.525514,-0.087055,0.995042,-0.048089,-0.520556,-0.086594,-0.849425),fov=25.000000,dt=0.024033},
	{cf=CFrame.new(11.497437,-1.059446,-34.863770,-0.849305,-0.049242,0.525600,-0.087057,0.995073,-0.047449,-0.520674,-0.086056,-0.849407),fov=25.000000,dt=0.015808},
	{cf=CFrame.new(11.497437,-1.059446,-34.863770,-0.849214,-0.049652,0.525709,-0.087061,0.995110,-0.046649,-0.520823,-0.085383,-0.849384),fov=25.000000,dt=0.021879},
	{cf=CFrame.new(11.497437,-1.059443,-34.863770,-0.849056,-0.049674,0.525962,-0.087061,0.995114,-0.046558,-0.521079,-0.085321,-0.849233),fov=25.000000,dt=0.015130},
	{cf=CFrame.new(11.497437,-1.059446,-34.863770,-0.848894,-0.049485,0.526241,-0.087060,0.995100,-0.046865,-0.521343,-0.085597,-0.849043),fov=25.000000,dt=0.024290},
	{cf=CFrame.new(11.497437,-1.059448,-34.863770,-0.848640,-0.049073,0.526690,-0.087057,0.995067,-0.047559,-0.521758,-0.086212,-0.848726),fov=25.000000,dt=0.018993},
	{cf=CFrame.new(11.497437,-1.059444,-34.863770,-0.848366,-0.048597,0.527175,-0.087053,0.995028,-0.048367,-0.522204,-0.086926,-0.848379),fov=25.000000,dt=0.020947},
	{cf=CFrame.new(11.497437,-1.059448,-34.863770,-0.848067,-0.048038,0.527707,-0.087049,0.994982,-0.049321,-0.522690,-0.087764,-0.847993),fov=25.000000,dt=0.017571},
	{cf=CFrame.new(11.497437,-1.059444,-34.863770,-0.847822,-0.047566,0.528143,-0.087046,0.994942,-0.050126,-0.523088,-0.088471,-0.847674),fov=25.000000,dt=0.020554},
	{cf=CFrame.new(11.497437,-1.059444,-34.863770,-0.847507,-0.046946,0.528704,-0.087041,0.994889,-0.051186,-0.523599,-0.089399,-0.847261),fov=25.000000,dt=0.017449},
	{cf=CFrame.new(11.497437,-1.059446,-34.863770,-0.847249,-0.046426,0.529164,-0.087037,0.994843,-0.052073,-0.524017,-0.090176,-0.846920),fov=25.000000,dt=0.018550},
	{cf=CFrame.new(11.497437,-1.059446,-34.863770,-0.846858,-0.045631,0.529858,-0.087031,0.994772,-0.053430,-0.524649,-0.091362,-0.846402),fov=25.000000,dt=0.022887},
	{cf=CFrame.new(11.497437,-1.059446,-34.863770,-0.846530,-0.044951,0.530439,-0.087025,0.994709,-0.054590,-0.525179,-0.092374,-0.845963),fov=25.000000,dt=0.021005},
	{cf=CFrame.new(11.497437,-1.059446,-34.863770,-0.846271,-0.044408,0.530898,-0.087021,0.994658,-0.055515,-0.525597,-0.093180,-0.845615),fov=25.000000,dt=0.016426},
	{cf=CFrame.new(11.497437,-1.059443,-34.863770,-0.845951,-0.043730,0.531465,-0.087015,0.994594,-0.056668,-0.526114,-0.094184,-0.845183),fov=25.000000,dt=0.023389},
	{cf=CFrame.new(11.497437,-1.059446,-34.863770,-0.845682,-0.043156,0.531940,-0.087010,0.994538,-0.057644,-0.526547,-0.095033,-0.844818),fov=25.000000,dt=0.017754},
	{cf=CFrame.new(11.497437,-1.059446,-34.863770,-0.845477,-0.042717,0.532300,-0.087007,0.994495,-0.058390,-0.526875,-0.095681,-0.844540),fov=25.000000,dt=0.023372},
	{cf=CFrame.new(11.497437,-1.059444,-34.863770,-0.846960,-0.048118,0.529475,-0.087041,0.995008,-0.048809,-0.524483,-0.087425,-0.846920),fov=25.000000,dt=0.017145},
	{cf=CFrame.new(11.497437,-1.059446,-34.863770,-0.847859,-0.051342,0.527731,-0.087075,0.995270,-0.043068,-0.523024,-0.082467,-0.848319),fov=25.000000,dt=0.012834},
	{cf=CFrame.new(11.497437,-1.059446,-34.863770,-0.847840,-0.044227,0.528404,-0.087014,0.994611,-0.056369,-0.523063,-0.093770,-0.847120),fov=25.000000,dt=0.021402},
	{cf=CFrame.new(11.497437,-1.059444,-34.863770,-0.847736,-0.046710,0.528358,-0.087035,0.994863,-0.051693,-0.523229,-0.089808,-0.847446),fov=25.000000,dt=0.022919},
	{cf=CFrame.new(11.497437,-1.059444,-34.863770,-0.847607,-0.054799,0.527787,-0.087098,0.995530,-0.036513,-0.523427,-0.076917,-0.848592),fov=25.000000,dt=0.019474},
	{cf=CFrame.new(11.497437,-1.059448,-34.863770,-0.846912,-0.037773,0.530390,-0.086920,0.993891,-0.068009,-0.524581,-0.103699,-0.845021),fov=25.000000,dt=0.022294},
	{cf=CFrame.new(11.497437,-1.059444,-34.863770,-0.846633,-0.027531,0.531464,-0.086826,0.992426,-0.086906,-0.525046,-0.119722,-0.842611),fov=25.000000,dt=0.023394},
	{cf=CFrame.new(38.127136,-1.610388,-5.300171,0.018516,0.035461,0.999199,0.002536,0.999366,-0.035514,-0.999825,0.003191,0.018414),fov=25.000000,dt=0.027939},
	{cf=CFrame.new(38.762146,-1.632401,-5.288574,0.018530,0.030313,0.999369,0.002534,0.999536,-0.030365,-0.999825,0.003095,0.018444),fov=25.000000,dt=0.022649},
	{cf=CFrame.new(39.088104,-1.643702,-5.282593,0.018522,0.033451,0.999269,0.002535,0.999435,-0.033503,-0.999825,0.003154,0.018427),fov=25.000000,dt=0.031766},
	{cf=CFrame.new(39.221100,-1.648312,-5.280151,0.018515,0.036025,0.999179,0.002536,0.999346,-0.036078,-0.999825,0.003202,0.018412),fov=25.000000,dt=0.013408},
	{cf=CFrame.new(39.330261,-1.652096,-5.278198,0.018509,0.038593,0.999084,0.002537,0.999250,-0.038646,-0.999825,0.003250,0.018397),fov=25.000000,dt=0.019429},
	{cf=CFrame.new(39.434998,-1.655729,-5.276245,0.018503,0.040628,0.999003,0.002538,0.999169,-0.040682,-0.999826,0.003288,0.018385),fov=25.000000,dt=0.015676},
	{cf=CFrame.new(39.535370,-1.659208,-5.274414,0.018499,0.042131,0.998941,0.002539,0.999107,-0.042185,-0.999826,0.003316,0.018376),fov=25.000000,dt=0.018408},
	{cf=CFrame.new(39.659607,-1.663517,-5.272217,0.018497,0.043239,0.998893,0.002539,0.999059,-0.043294,-0.999826,0.003337,0.018369),fov=25.000000,dt=0.020237},
	{cf=CFrame.new(39.783081,-1.667795,-5.269897,0.018495,0.043834,0.998868,0.002539,0.999033,-0.043888,-0.999826,0.003348,0.018366),fov=25.000000,dt=0.018066},
	{cf=CFrame.new(39.887390,-1.671392,-5.268066,0.018496,0.043553,0.998880,0.002539,0.999046,-0.043607,-0.999826,0.003343,0.018368),fov=25.000000,dt=0.020700},
	{cf=CFrame.new(39.987488,-1.674841,-5.266235,0.018496,0.043211,0.998895,0.002539,0.999060,-0.043265,-0.999826,0.003336,0.018369),fov=25.000000,dt=0.021518},
	{cf=CFrame.new(40.081177,-1.678059,-5.264526,0.018498,0.042778,0.998913,0.002539,0.999079,-0.042832,-0.999826,0.003328,0.018372),fov=25.000000,dt=0.022332},
	{cf=CFrame.new(40.172516,-1.681198,-5.262939,0.018499,0.042307,0.998933,0.002539,0.999099,-0.042361,-0.999826,0.003319,0.018375),fov=25.000000,dt=0.024848},
	{cf=CFrame.new(40.263000,-1.684305,-5.261353,0.018500,0.041821,0.998954,0.002538,0.999120,-0.041875,-0.999826,0.003310,0.018377),fov=25.000000,dt=0.013628},
	{cf=CFrame.new(40.316681,-1.686146,-5.260376,0.018501,0.041518,0.998967,0.002538,0.999132,-0.041572,-0.999826,0.003305,0.018379),fov=25.000000,dt=0.013029},
	{cf=CFrame.new(40.370361,-1.687988,-5.259399,0.018502,0.041215,0.998979,0.002538,0.999145,-0.041269,-0.999826,0.003299,0.018381),fov=25.000000,dt=0.010526},
	{cf=CFrame.new(40.423798,-1.689821,-5.258423,0.018502,0.040905,0.998992,0.002538,0.999158,-0.040958,-0.999826,0.003293,0.018383),fov=25.000000,dt=0.016235},
	{cf=CFrame.new(40.512634,-1.692871,-5.256836,0.018503,0.040382,0.999013,0.002538,0.999179,-0.040436,-0.999826,0.003284,0.018386),fov=25.000000,dt=0.020480},
	{cf=CFrame.new(40.565887,-1.694698,-5.255859,0.018505,0.040063,0.999026,0.002538,0.999192,-0.040117,-0.999826,0.003278,0.018388),fov=25.000000,dt=0.012954},
	{cf=CFrame.new(40.636780,-1.697132,-5.254761,0.018506,0.039635,0.999043,0.002537,0.999209,-0.039689,-0.999825,0.003270,0.018391),fov=25.000000,dt=0.017760},
	{cf=CFrame.new(40.725464,-1.700178,-5.253052,0.018507,0.039095,0.999064,0.002537,0.999230,-0.039148,-0.999825,0.003259,0.018394),fov=25.000000,dt=0.045781},
	{cf=CFrame.new(40.903107,-1.706278,-5.250000,0.018510,0.038001,0.999106,0.002537,0.999272,-0.038054,-0.999825,0.003239,0.018400),fov=25.000000,dt=0.015350},
	{cf=CFrame.new(40.956482,-1.708111,-5.249023,0.018510,0.037671,0.999119,0.002537,0.999285,-0.037724,-0.999825,0.003233,0.018402),fov=25.000000,dt=0.010621},
	{cf=CFrame.new(40.992218,-1.709339,-5.248291,0.018511,0.037448,0.999127,0.002537,0.999293,-0.037502,-0.999825,0.003229,0.018403),fov=25.000000,dt=0.046394},
	{cf=CFrame.new(41.207428,-1.716736,-5.244385,0.018514,0.036107,0.999176,0.002536,0.999343,-0.036160,-0.999825,0.003203,0.018411),fov=25.000000,dt=0.011079},
	{cf=CFrame.new(41.261505,-1.718597,-5.243530,0.018515,0.035769,0.999189,0.002536,0.999355,-0.035822,-0.999825,0.003197,0.018413),fov=25.000000,dt=0.012804},
	{cf=CFrame.new(41.297791,-1.719847,-5.242798,0.018516,0.035543,0.999197,0.002536,0.999363,-0.035596,-0.999825,0.003193,0.018414),fov=25.000000,dt=0.010524},
	{cf=CFrame.new(41.370331,-1.722342,-5.241577,0.018517,0.035092,0.999213,0.002536,0.999379,-0.035144,-0.999825,0.003184,0.018416),fov=25.000000,dt=0.015750},
	{cf=CFrame.new(41.425110,-1.724228,-5.240479,0.018518,0.034751,0.999224,0.002536,0.999391,-0.034804,-0.999825,0.003178,0.018419),fov=25.000000,dt=0.014755},
	{cf=CFrame.new(41.498383,-1.726751,-5.239258,0.018519,0.034296,0.999240,0.002535,0.999407,-0.034349,-0.999825,0.003170,0.018421),fov=25.000000,dt=0.019163},
	{cf=CFrame.new(41.590607,-1.729927,-5.237671,0.018520,0.033726,0.999260,0.002535,0.999426,-0.033779,-0.999825,0.003159,0.018424),fov=25.000000,dt=0.018260},
	{cf=CFrame.new(41.664734,-1.732485,-5.236328,0.018521,0.033269,0.999275,0.002535,0.999442,-0.033322,-0.999825,0.003150,0.018427),fov=25.000000,dt=0.013937},
	{cf=CFrame.new(41.739624,-1.735067,-5.234985,0.018522,0.032811,0.999290,0.002535,0.999457,-0.032863,-0.999825,0.003142,0.018429),fov=25.000000,dt=0.016557},
	{cf=CFrame.new(41.814819,-1.737659,-5.233521,0.018523,0.032352,0.999305,0.002535,0.999472,-0.032405,-0.999825,0.003133,0.018431),fov=25.000000,dt=0.018286},
	{cf=CFrame.new(41.890930,-1.740290,-5.232178,0.018525,0.031892,0.999320,0.002534,0.999486,-0.031944,-0.999825,0.003124,0.018434),fov=25.000000,dt=0.015318},
	{cf=CFrame.new(41.967346,-1.742929,-5.230835,0.018526,0.031431,0.999334,0.002534,0.999501,-0.031484,-0.999825,0.003116,0.018437),fov=25.000000,dt=0.016934},
	{cf=CFrame.new(42.025452,-1.744938,-5.229858,0.018527,0.031085,0.999345,0.002534,0.999512,-0.031137,-0.999825,0.003109,0.018439),fov=25.000000,dt=0.014508},
	{cf=CFrame.new(42.142426,-1.748983,-5.227661,0.018529,0.030393,0.999366,0.002534,0.999533,-0.030445,-0.999825,0.003096,0.018443),fov=25.000000,dt=0.023520},
	{cf=CFrame.new(42.202332,-1.751059,-5.226562,0.018529,0.030046,0.999377,0.002534,0.999544,-0.030098,-0.999825,0.003090,0.018445),fov=25.000000,dt=0.011252},
	{cf=CFrame.new(42.282227,-1.753826,-5.225098,0.018531,0.029583,0.999391,0.002533,0.999558,-0.029635,-0.999825,0.003081,0.018447),fov=25.000000,dt=0.015807},
	{cf=CFrame.new(42.363953,-1.756659,-5.223633,0.018532,0.029120,0.999404,0.002533,0.999571,-0.029172,-0.999825,0.003072,0.018450),fov=25.000000,dt=0.018073},
	{cf=CFrame.new(42.446289,-1.759520,-5.222046,0.018533,0.028656,0.999417,0.002533,0.999585,-0.028708,-0.999825,0.003064,0.018453),fov=25.000000,dt=0.017170},
	{cf=CFrame.new(42.531097,-1.762466,-5.220459,0.018534,0.028194,0.999431,0.002533,0.999598,-0.028245,-0.999825,0.003055,0.018455),fov=25.000000,dt=0.016850},
	{cf=CFrame.new(42.616669,-1.765442,-5.218994,0.018535,0.027731,0.999444,0.002533,0.999611,-0.027783,-0.999825,0.003046,0.018458),fov=25.000000,dt=0.016698},
	{cf=CFrame.new(42.705719,-1.768547,-5.217407,0.018536,0.027268,0.999456,0.002533,0.999624,-0.027320,-0.999825,0.003038,0.018460),fov=25.000000,dt=0.018150},
	{cf=CFrame.new(42.795929,-1.771694,-5.215576,0.018537,0.026805,0.999469,0.002532,0.999636,-0.026856,-0.999825,0.003029,0.018463),fov=25.000000,dt=0.014428},
	{cf=CFrame.new(42.891479,-1.775038,-5.213867,0.018538,0.026343,0.999481,0.002532,0.999648,-0.026394,-0.999825,0.003020,0.018465),fov=25.000000,dt=0.014908},
	{cf=CFrame.new(42.988861,-1.778448,-5.212036,0.018540,0.025881,0.999493,0.002532,0.999661,-0.025933,-0.999825,0.003011,0.018468),fov=25.000000,dt=0.020153},
	{cf=CFrame.new(43.068695,-1.781256,-5.210571,0.018540,0.025536,0.999502,0.002532,0.999669,-0.025587,-0.999825,0.003005,0.018470),fov=25.000000,dt=0.012376},
	{cf=CFrame.new(43.179749,-1.785168,-5.208374,0.018542,0.025076,0.999514,0.002532,0.999681,-0.025127,-0.999825,0.002996,0.018473),fov=25.000000,dt=0.016756},
	{cf=CFrame.new(43.318939,-1.790115,-5.205688,0.018543,0.024618,0.999525,0.002531,0.999692,-0.024669,-0.999825,0.002988,0.018475),fov=25.000000,dt=0.018140},
	{cf=CFrame.new(43.486359,-1.796097,-5.202515,0.018544,0.024163,0.999536,0.002531,0.999704,-0.024214,-0.999825,0.002979,0.018478),fov=25.000000,dt=0.015710},
	{cf=CFrame.new(43.806244,-1.807682,-5.195923,0.018545,0.023713,0.999547,0.002531,0.999714,-0.023763,-0.999825,0.002971,0.018480),fov=25.000000,dt=0.014724},
	{cf=CFrame.new(44.278656,-1.824865,-5.186279,0.018547,0.023266,0.999557,0.002531,0.999725,-0.023317,-0.999825,0.002962,0.018483),fov=25.000000,dt=0.020121},
	{cf=CFrame.new(44.907074,-1.847780,-5.173462,0.018548,0.022847,0.999567,0.002531,0.999735,-0.022898,-0.999825,0.002954,0.018485),fov=25.000000,dt=0.015385},
	{cf=CFrame.new(45.691559,-1.876423,-5.157349,0.018548,0.022456,0.999576,0.002531,0.999743,-0.022507,-0.999825,0.002947,0.018487),fov=25.000000,dt=0.016345},
	{cf=CFrame.new(-14697.103516,-19037.470703,-24466.722656,-0.171313,0.020627,0.985001,-0.023256,0.999418,-0.024974,-0.984942,-0.027186,-0.170733),fov=25.000000,dt=0.015874},
	{cf=CFrame.new(-14696.425781,-19037.494141,-24466.837891,-0.178041,0.016787,0.983880,-0.074664,0.996742,-0.030517,-0.981186,-0.078894,-0.176207),fov=25.000000,dt=0.018593},
	{cf=CFrame.new(-14695.833984,-19037.515625,-24466.937500,-0.176053,0.021408,0.984148,-0.057502,0.997833,-0.031992,-0.982700,-0.062223,-0.174441),fov=25.000000,dt=0.012780},
	{cf=CFrame.new(-14695.324219,-19037.535156,-24467.023438,-0.165643,0.034089,0.985596,0.028448,0.999152,-0.029777,-0.985775,0.023106,-0.166472),fov=25.000000,dt=0.015883},
	{cf=CFrame.new(-14694.966797,-19037.548828,-24467.083984,-0.160921,0.041051,0.986113,0.065896,0.997352,-0.030766,-0.984765,0.060030,-0.163200),fov=25.000000,dt=0.017419},
	{cf=CFrame.new(-14694.709961,-19037.560547,-24467.125000,-0.161276,0.043357,0.985957,0.051932,0.998023,-0.035393,-0.985542,0.045495,-0.163208),fov=25.000000,dt=0.021674},
	{cf=CFrame.new(-14694.559570,-19037.566406,-24467.152344,-0.161844,0.044138,0.985829,0.037927,0.998539,-0.038480,-0.986087,0.031161,-0.163281),fov=25.000000,dt=0.016910},
	{cf=CFrame.new(-14694.461914,-19037.568359,-24467.167969,-0.162369,0.044454,0.985728,0.026713,0.998817,-0.040644,-0.986368,0.019732,-0.163364),fov=25.000000,dt=0.013738},
	{cf=CFrame.new(-14694.344727,-19037.576172,-24467.187500,-0.163693,0.042316,0.985603,0.010772,0.999097,-0.041107,-0.986453,0.003888,-0.164001),fov=25.000000,dt=0.014701},
	{cf=CFrame.new(-14694.237305,-19037.580078,-24467.205078,-0.165598,0.037605,0.985476,-0.006155,0.999214,-0.039163,-0.986174,-0.012551,-0.165237),fov=25.000000,dt=0.019344},
	{cf=CFrame.new(-14694.147461,-19037.582031,-24467.220703,-0.167156,0.033650,0.985356,-0.019062,0.999120,-0.037354,-0.985746,-0.025027,-0.166368),fov=25.000000,dt=0.015029},
	{cf=CFrame.new(-14694.075195,-19037.585938,-24467.232422,-0.168364,0.030468,0.985254,-0.027952,0.998973,-0.035668,-0.985328,-0.033545,-0.167339),fov=25.000000,dt=0.014979},
	{cf=CFrame.new(-14694.009766,-19037.585938,-24467.244141,-0.168856,0.029707,0.985193,-0.028682,0.998974,-0.035039,-0.985223,-0.034174,-0.167830),fov=25.000000,dt=0.017599},
	{cf=CFrame.new(-14693.955078,-19037.587891,-24467.253906,-0.168639,0.031376,0.985178,-0.021253,0.999145,-0.035459,-0.985449,-0.026918,-0.167828),fov=25.000000,dt=0.018220},
	{cf=CFrame.new(-14693.907227,-19037.587891,-24467.261719,-0.168353,0.033364,0.985162,-0.012386,0.999276,-0.035959,-0.985649,-0.018256,-0.167818),fov=25.000000,dt=0.017126},
	{cf=CFrame.new(-14693.868164,-19037.587891,-24467.269531,-0.168002,0.035672,0.985141,-0.002081,0.999330,-0.036541,-0.985785,-0.008189,-0.167815),fov=25.000000,dt=0.014119},
	{cf=CFrame.new(-14693.835938,-19037.589844,-24467.277344,-0.167750,0.037279,0.985124,0.005105,0.999304,-0.036947,-0.985816,-0.001169,-0.167824),fov=25.000000,dt=0.019323},
	{cf=CFrame.new(-14693.808594,-19037.591797,-24467.279297,-0.167595,0.038188,0.985116,0.009171,0.999267,-0.037176,-0.985813,0.002803,-0.167823),fov=25.000000,dt=0.013411},
	{cf=CFrame.new(-14693.788086,-19037.593750,-24467.283203,-0.167542,0.038448,0.985115,0.010611,0.999252,-0.037195,-0.985808,0.004221,-0.167824),fov=25.000000,dt=0.018362},
	{cf=CFrame.new(-14693.772461,-19037.593750,-24467.285156,-0.167588,0.038059,0.985122,0.009425,0.999271,-0.037003,-0.985812,0.003084,-0.167825),fov=25.000000,dt=0.018475},
	{cf=CFrame.new(-14693.762695,-19037.593750,-24467.287109,-0.167654,0.037498,0.985133,0.007727,0.999296,-0.036722,-0.985816,0.001455,-0.167825),fov=25.000000,dt=0.013820},
	{cf=CFrame.new(-14693.755859,-19037.597656,-24467.287109,-0.167738,0.036762,0.985146,0.005514,0.999324,-0.036352,-0.985816,-0.000665,-0.167827),fov=25.000000,dt=0.018363},
	{cf=CFrame.new(-14693.750977,-19037.597656,-24467.287109,-0.167821,0.035999,0.985160,0.003249,0.999348,-0.035964,-0.985812,-0.002834,-0.167829),fov=25.000000,dt=0.017753},
	{cf=CFrame.new(-14693.747070,-19037.597656,-24467.289062,-0.167904,0.035207,0.985174,0.000932,0.999367,-0.035555,-0.985803,-0.005051,-0.167830),fov=25.000000,dt=0.013849},
	{cf=CFrame.new(-14693.744141,-19037.595703,-24467.289062,-0.167978,0.034456,0.985188,-0.001221,0.999381,-0.035161,-0.985790,-0.007109,-0.167832),fov=25.000000,dt=0.016795},
	{cf=CFrame.new(-14693.741211,-19037.595703,-24467.291016,-0.168045,0.033745,0.985202,-0.003212,0.999390,-0.034779,-0.985774,-0.009009,-0.167834),fov=25.000000,dt=0.018232},
	{cf=CFrame.new(-14693.740234,-19037.595703,-24467.291016,-0.168100,0.033120,0.985213,-0.004894,0.999395,-0.034432,-0.985758,-0.010610,-0.167837),fov=25.000000,dt=0.015904},
	{cf=CFrame.new(-14693.737305,-19037.593750,-24467.292969,-0.168144,0.032580,0.985224,-0.006269,0.999398,-0.034119,-0.985743,-0.011914,-0.167838),fov=25.000000,dt=0.015622},
	{cf=CFrame.new(-14693.736328,-19037.593750,-24467.292969,-0.168173,0.032164,0.985233,-0.007213,0.999401,-0.033858,-0.985731,-0.012801,-0.167840),fov=25.000000,dt=0.022303},
	{cf=CFrame.new(-14693.734375,-19037.593750,-24467.291016,-0.168189,0.031872,0.985239,-0.007726,0.999404,-0.033649,-0.985725,-0.013271,-0.167842),fov=25.000000,dt=0.013626},
	{cf=CFrame.new(-14693.732422,-19037.593750,-24467.291016,-0.168199,0.031673,0.985244,-0.007942,0.999408,-0.033485,-0.985721,-0.013457,-0.167848),fov=25.000000,dt=0.014630},
	{cf=CFrame.new(-14693.731445,-19037.595703,-24467.291016,-0.168205,0.031569,0.985246,-0.007863,0.999412,-0.033365,-0.985721,-0.013359,-0.167858),fov=25.000000,dt=0.015036},
	{cf=CFrame.new(-14693.730469,-19037.595703,-24467.291016,-0.168215,0.031497,0.985247,-0.007718,0.999417,-0.033267,-0.985720,-0.013200,-0.167874),fov=25.000000,dt=0.017007},
	{cf=CFrame.new(-14693.729492,-19037.595703,-24467.291016,-0.168228,0.031458,0.985246,-0.007507,0.999421,-0.033193,-0.985720,-0.012980,-0.167895),fov=25.000000,dt=0.018175},
	{cf=CFrame.new(-14693.730469,-19037.597656,-24467.291016,-0.168244,0.031442,0.985244,-0.007253,0.999425,-0.033133,-0.985719,-0.012720,-0.167919),fov=25.000000,dt=0.018380},
	{cf=CFrame.new(-14693.730469,-19037.597656,-24467.289062,-0.168261,0.031449,0.985241,-0.006955,0.999428,-0.033090,-0.985718,-0.012420,-0.167947),fov=25.000000,dt=0.017587},
	{cf=CFrame.new(-14693.730469,-19037.597656,-24467.291016,-0.168279,0.031470,0.985237,-0.006632,0.999431,-0.033056,-0.985717,-0.012097,-0.167974),fov=25.000000,dt=0.014154},
	{cf=CFrame.new(-14693.730469,-19037.595703,-24467.291016,-0.168296,0.031504,0.985233,-0.006285,0.999434,-0.033032,-0.985717,-0.011751,-0.168002),fov=25.000000,dt=0.017034},
	{cf=CFrame.new(-14693.729492,-19037.595703,-24467.291016,-0.168311,0.031545,0.985229,-0.005928,0.999437,-0.033013,-0.985716,-0.011397,-0.168030),fov=25.000000,dt=0.017465},
	{cf=CFrame.new(-14693.729492,-19037.595703,-24467.291016,-0.168325,0.031592,0.985225,-0.005561,0.999440,-0.032998,-0.985716,-0.011033,-0.168055),fov=25.000000,dt=0.017900},
	{cf=CFrame.new(-14693.727539,-19037.593750,-24467.292969,-0.168338,0.031641,0.985221,-0.005195,0.999442,-0.032985,-0.985716,-0.010671,-0.168080),fov=25.000000,dt=0.013372},
	{cf=CFrame.new(-14693.727539,-19037.595703,-24467.292969,-0.168362,0.031808,0.985212,-0.003947,0.999449,-0.032943,-0.985717,-0.009435,-0.168144),fov=25.000000,dt=0.058931},
	{cf=CFrame.new(-14693.727539,-19037.595703,-24467.292969,-0.168361,0.031827,0.985211,-0.003784,0.999450,-0.032934,-0.985718,-0.009272,-0.168148),fov=25.000000,dt=0.005734},
	{cf=CFrame.new(-14693.727539,-19037.595703,-24467.292969,-0.168361,0.031837,0.985211,-0.003702,0.999451,-0.032929,-0.985718,-0.009191,-0.168151),fov=25.000000,dt=0.006141},
	{cf=CFrame.new(-14693.726562,-19037.595703,-24467.291016,-0.168360,0.031874,0.985210,-0.003376,0.999453,-0.032912,-0.985720,-0.008867,-0.168161),fov=25.000000,dt=0.016667},
	{cf=CFrame.new(-14693.725586,-19037.595703,-24467.291016,-0.168357,0.031897,0.985210,-0.003145,0.999454,-0.032895,-0.985721,-0.008637,-0.168165),fov=25.000000,dt=0.013929},
	{cf=CFrame.new(-14693.725586,-19037.597656,-24467.291016,-0.168350,0.031923,0.985210,-0.002848,0.999456,-0.032871,-0.985723,-0.008339,-0.168168),fov=25.000000,dt=0.015544},
	{cf=CFrame.new(-14693.724609,-19037.597656,-24467.291016,-0.168343,0.031947,0.985211,-0.002548,0.999457,-0.032845,-0.985725,-0.008040,-0.168170),fov=25.000000,dt=0.017433},
	{cf=CFrame.new(-14693.723633,-19037.597656,-24467.291016,-0.168333,0.031971,0.985212,-0.002246,0.999459,-0.032817,-0.985728,-0.007737,-0.168170),fov=25.000000,dt=0.016685},
	{cf=CFrame.new(-14693.722656,-19037.597656,-24467.291016,-0.168323,0.031997,0.985213,-0.001933,0.999460,-0.032790,-0.985730,-0.007424,-0.168170),fov=25.000000,dt=0.015427},
	{cf=CFrame.new(-14693.720703,-19037.595703,-24467.292969,-0.168312,0.032026,0.985213,-0.001608,0.999462,-0.032764,-0.985732,-0.007099,-0.168170),fov=25.000000,dt=0.017439},
	{cf=CFrame.new(-14693.720703,-19037.595703,-24467.292969,-0.168302,0.032056,0.985214,-0.001277,0.999463,-0.032738,-0.985735,-0.006768,-0.168170),fov=25.000000,dt=0.016720},
	{cf=CFrame.new(-14693.718750,-19037.593750,-24467.294922,-0.168291,0.032088,0.985215,-0.000941,0.999464,-0.032713,-0.985737,-0.006432,-0.168170),fov=25.000000,dt=0.018279},
	{cf=CFrame.new(-14693.717773,-19037.593750,-24467.294922,-0.168280,0.032121,0.985216,-0.000602,0.999465,-0.032688,-0.985739,-0.006094,-0.168170),fov=25.000000,dt=0.017767},
	{cf=CFrame.new(-14693.717773,-19037.593750,-24467.294922,-0.168269,0.032155,0.985217,-0.000260,0.999466,-0.032664,-0.985741,-0.005753,-0.168171),fov=25.000000,dt=0.013028},
	{cf=CFrame.new(-14693.716797,-19037.593750,-24467.294922,-0.168258,0.032188,0.985217,0.000082,0.999467,-0.032640,-0.985743,-0.005411,-0.168171),fov=25.000000,dt=0.019188},
	{cf=CFrame.new(-14693.716797,-19037.595703,-24467.294922,-0.168244,0.032231,0.985218,0.000511,0.999468,-0.032610,-0.985745,-0.004983,-0.168171),fov=25.000000,dt=0.018341},
	{cf=CFrame.new(-14693.716797,-19037.595703,-24467.292969,-0.168235,0.032257,0.985219,0.000768,0.999468,-0.032592,-0.985747,-0.004727,-0.168171),fov=25.000000,dt=0.017446},
	{cf=CFrame.new(-14693.715820,-19037.595703,-24467.292969,-0.168224,0.032292,0.985220,0.001110,0.999469,-0.032569,-0.985748,-0.004385,-0.168171),fov=25.000000,dt=0.015323},
	{cf=CFrame.new(-14693.715820,-19037.597656,-24467.292969,-0.168213,0.032327,0.985220,0.001450,0.999469,-0.032547,-0.985750,-0.004046,-0.168171),fov=25.000000,dt=0.013642},
	{cf=CFrame.new(-14693.714844,-19037.597656,-24467.292969,-0.168202,0.032362,0.985221,0.001789,0.999469,-0.032525,-0.985751,-0.003708,-0.168171),fov=25.000000,dt=0.019018},
	{cf=CFrame.new(-14693.712891,-19037.597656,-24467.292969,-0.168189,0.032406,0.985222,0.002209,0.999469,-0.032498,-0.985752,-0.003289,-0.168171),fov=25.000000,dt=0.017832},
	{cf=CFrame.new(-14693.711914,-19037.597656,-24467.292969,-0.168178,0.032441,0.985223,0.002543,0.999469,-0.032476,-0.985753,-0.002957,-0.168171),fov=25.000000,dt=0.016946},
	{cf=CFrame.new(-14693.709961,-19037.595703,-24467.294922,-0.168170,0.032467,0.985223,0.002790,0.999469,-0.032460,-0.985754,-0.002710,-0.168171),fov=25.000000,dt=0.017526},
	{cf=CFrame.new(-14693.708984,-19037.595703,-24467.294922,-0.168159,0.032501,0.985224,0.003116,0.999469,-0.032439,-0.985755,-0.002385,-0.168171),fov=25.000000,dt=0.015495},
	{cf=CFrame.new(-14693.706055,-19037.593750,-24467.296875,-0.168148,0.032535,0.985225,0.003439,0.999469,-0.032419,-0.985756,-0.002063,-0.168171),fov=25.000000,dt=0.016151},
	{cf=CFrame.new(-14693.704102,-19037.593750,-24467.296875,-0.168138,0.032569,0.985225,0.003757,0.999468,-0.032398,-0.985756,-0.001746,-0.168171),fov=25.000000,dt=0.013309},
	{cf=CFrame.new(-14693.703125,-19037.595703,-24467.296875,-0.168128,0.032602,0.985226,0.004070,0.999467,-0.032378,-0.985757,-0.001434,-0.168171),fov=25.000000,dt=0.015572},
	{cf=CFrame.new(-14693.701172,-19037.595703,-24467.296875,-0.168118,0.032635,0.985227,0.004377,0.999467,-0.032359,-0.985757,-0.001127,-0.168171),fov=25.000000,dt=0.017108},
	{cf=CFrame.new(-14693.700195,-19037.597656,-24467.296875,-0.168108,0.032667,0.985227,0.004678,0.999466,-0.032341,-0.985757,-0.000827,-0.168171),fov=25.000000,dt=0.017652},
	{cf=CFrame.new(-14693.697266,-19037.597656,-24467.296875,-0.168099,0.032699,0.985228,0.004973,0.999465,-0.032323,-0.985758,-0.000534,-0.168172),fov=25.000000,dt=0.017194},
	{cf=CFrame.new(-14693.694336,-19037.597656,-24467.296875,-0.168090,0.032731,0.985228,0.005260,0.999464,-0.032306,-0.985758,-0.000248,-0.168172),fov=25.000000,dt=0.014656},
	{cf=CFrame.new(-14693.692383,-19037.599609,-24467.296875,-0.168080,0.032761,0.985229,0.005539,0.999463,-0.032289,-0.985758,0.000030,-0.168172),fov=25.000000,dt=0.016393},
	{cf=CFrame.new(-14693.688477,-19037.599609,-24467.296875,-0.168072,0.032790,0.985229,0.005809,0.999462,-0.032273,-0.985758,0.000299,-0.168172),fov=25.000000,dt=0.016465},
	{cf=CFrame.new(-14693.685547,-19037.599609,-24467.298828,-0.168063,0.032818,0.985230,0.006069,0.999461,-0.032257,-0.985758,0.000558,-0.168172),fov=25.000000,dt=0.018125},
	{cf=CFrame.new(-14693.681641,-19037.599609,-24467.298828,-0.168055,0.032845,0.985230,0.006318,0.999460,-0.032242,-0.985757,0.000806,-0.168172),fov=25.000000,dt=0.015249},
	{cf=CFrame.new(-14693.675781,-19037.597656,-24467.300781,-0.168047,0.032871,0.985231,0.006555,0.999459,-0.032228,-0.985757,0.001042,-0.168172),fov=25.000000,dt=0.016652},
	{cf=CFrame.new(-14693.670898,-19037.597656,-24467.302734,-0.168040,0.032896,0.985231,0.006777,0.999458,-0.032215,-0.985757,0.001264,-0.168171),fov=25.000000,dt=0.016856},
	{cf=CFrame.new(-14693.665039,-19037.595703,-24467.304688,-0.168033,0.032919,0.985232,0.006986,0.999457,-0.032203,-0.985757,0.001471,-0.168172),fov=25.000000,dt=0.016097},
	{cf=CFrame.new(-14693.659180,-19037.595703,-24467.306641,-0.168027,0.032940,0.985232,0.007175,0.999456,-0.032191,-0.985756,0.001660,-0.168172),fov=25.000000,dt=0.017392},
	{cf=CFrame.new(-14693.652344,-19037.595703,-24467.308594,-0.168021,0.032958,0.985232,0.007346,0.999455,-0.032181,-0.985756,0.001830,-0.168172),fov=25.000000,dt=0.016455},
	{cf=CFrame.new(-14693.646484,-19037.597656,-24467.308594,-0.168016,0.032974,0.985233,0.007491,0.999454,-0.032172,-0.985756,0.001975,-0.168172),fov=25.000000,dt=0.016586},
	{cf=CFrame.new(-14693.638672,-19037.599609,-24467.308594,-0.168013,0.032987,0.985233,0.007612,0.999454,-0.032165,-0.985755,0.002095,-0.168172),fov=25.000000,dt=0.016537},
	{cf=CFrame.new(-14693.630859,-19037.599609,-24467.308594,-0.168010,0.032996,0.985233,0.007696,0.999453,-0.032160,-0.985755,0.002179,-0.168172),fov=25.000000,dt=0.017403},
	{cf=CFrame.new(-14693.620117,-19037.599609,-24467.310547,-0.168008,0.033001,0.985233,0.007744,0.999453,-0.032157,-0.985755,0.002227,-0.168172),fov=25.000000,dt=0.016023},
	{cf=CFrame.new(-14693.608398,-19037.601562,-24467.310547,-0.168008,0.033009,0.985233,0.007741,0.999453,-0.032165,-0.985755,0.002223,-0.168172),fov=25.000000,dt=0.016734},
	{cf=CFrame.new(-14693.593750,-19037.603516,-24467.314453,-0.168010,0.033019,0.985232,0.007688,0.999452,-0.032185,-0.985755,0.002167,-0.168172),fov=25.000000,dt=0.016596},
	{cf=CFrame.new(-14693.575195,-19037.603516,-24467.318359,-0.168013,0.033037,0.985231,0.007590,0.999452,-0.032220,-0.985756,0.002064,-0.168172),fov=25.000000,dt=0.017636},
	{cf=CFrame.new(-14693.552734,-19037.603516,-24467.322266,-0.168018,0.033064,0.985229,0.007446,0.999452,-0.032271,-0.985756,0.001914,-0.168172),fov=25.000000,dt=0.016203},
	{cf=CFrame.new(-14693.526367,-19037.603516,-24467.326172,-0.168024,0.033097,0.985227,0.007265,0.999451,-0.032336,-0.985756,0.001725,-0.168172),fov=25.000000,dt=0.016424},
	{cf=CFrame.new(-14693.498047,-19037.603516,-24467.332031,-0.168031,0.033137,0.985225,0.007047,0.999450,-0.032413,-0.985757,0.001497,-0.168172),fov=25.000000,dt=0.016597},
	{cf=CFrame.new(-14693.467773,-19037.605469,-24467.337891,-0.168039,0.033182,0.985222,0.006799,0.999449,-0.032502,-0.985757,0.001237,-0.168171),fov=25.000000,dt=0.016344},
	{cf=CFrame.new(-14693.434570,-19037.603516,-24467.343750,-0.168048,0.033233,0.985218,0.006520,0.999447,-0.032601,-0.985757,0.000945,-0.168172),fov=25.000000,dt=0.016930},
	{cf=CFrame.new(-14693.400391,-19037.605469,-24467.349609,-0.168058,0.033289,0.985215,0.006215,0.999446,-0.032709,-0.985757,0.000626,-0.168172),fov=25.000000,dt=0.016687},
	{cf=CFrame.new(-14693.364258,-19037.607422,-24467.355469,-0.168069,0.033349,0.985211,0.005884,0.999444,-0.032827,-0.985758,0.000280,-0.168171),fov=25.000000,dt=0.016632},
