local Players = game:GetService('Players')
local RunService = game:GetService('RunService')

local player = Players.LocalPlayer
local camera = workspace.CurrentCamera

local root = player.Character:WaitForChild('HumanoidRootPart')

camera.CameraType = Enum.CameraType.Scriptable

local frames = {
	{cf=CFrame.new(-0.249390,-10.158371,3.172974,0.998714,-0.049881,-0.009096,0.000000,0.179394,-0.983777,0.050704,0.982512,0.179163),fov=70.000000,dt=0.068481},
	{cf=CFrame.new(1.259644,2.920766,-6.699463,-0.962826,-0.226205,0.147639,-0.184182,0.949573,0.253749,-0.197594,0.217124,-0.955936),fov=6.892439,dt=0.057899},
	{cf=CFrame.new(1.222290,3.098662,-6.697449,-0.962813,-0.227732,0.145358,-0.185989,0.948947,0.254771,-0.195957,0.218261,-0.956014),fov=8.303420,dt=0.033890},
	{cf=CFrame.new(1.209839,3.167236,-6.712830,-0.962804,-0.228977,0.143448,-0.187408,0.948354,0.255934,-0.194643,0.219531,-0.955992),fov=9.713390,dt=0.028487},
	{cf=CFrame.new(1.210205,3.185715,-6.736572,-0.962797,-0.230107,0.141676,-0.188659,0.947754,0.257236,-0.193466,0.220937,-0.955907),fov=11.582957,dt=0.043426},
	{cf=CFrame.new(1.206543,3.203561,-6.773376,-0.962788,-0.231730,0.139068,-0.190406,0.946800,0.259452,-0.191793,0.223318,-0.955691),fov=13.881766,dt=0.063111},
	{cf=CFrame.new(1.206787,3.231997,-6.816345,-0.962779,-0.233747,0.135720,-0.192490,0.945447,0.262825,-0.189750,0.226918,-0.955250),fov=17.800394,dt=0.033360},
	{cf=CFrame.new(1.205322,3.266285,-6.879395,-0.962768,-0.236626,0.130716,-0.195321,0.943189,0.268782,-0.186890,0.233243,-0.954290),fov=18.496424,dt=0.029914},
	{cf=CFrame.new(1.204224,3.286799,-6.921082,-0.962763,-0.238511,0.127277,-0.197083,0.941472,0.273475,-0.185054,0.238208,-0.953421),fov=19.151012,dt=0.034448},
	{cf=CFrame.new(1.203125,3.306267,-6.964539,-0.962762,-0.240454,0.123575,-0.198822,0.939472,0.279037,-0.183191,0.244076,-0.952296),fov=19.757360,dt=0.035772},
	{cf=CFrame.new(1.201904,3.326349,-7.015015,-0.962766,-0.242681,0.119109,-0.200717,0.936852,0.286393,-0.181090,0.251823,-0.950680),fov=20.310188,dt=0.031354},
	{cf=CFrame.new(1.200806,3.341966,-7.061035,-0.962778,-0.244670,0.114870,-0.202311,0.934140,0.294029,-0.179245,0.259845,-0.948869),fov=20.806028,dt=0.028984},
	{cf=CFrame.new(1.200073,3.350374,-7.090149,-0.962790,-0.245907,0.112096,-0.203247,0.932237,0.299376,-0.178118,0.265453,-0.947528),fov=21.137724,dt=0.036356},
	{cf=CFrame.new(1.199219,3.359091,-7.125305,-0.962811,-0.247370,0.108646,-0.204306,0.929741,0.306335,-0.176791,0.272745,-0.945703),fov=21.440287,dt=0.025447},
	{cf=CFrame.new(1.198364,3.366821,-7.160583,-0.962839,-0.248800,0.105072,-0.205287,0.927004,0.313880,-0.175495,0.280646,-0.943631),fov=21.791733,dt=0.035910},
	{cf=CFrame.new(1.197021,3.379349,-7.213318,-0.962900,-0.250850,0.099485,-0.206631,0.922484,0.326078,-0.173570,0.293424,-0.940093),fov=22.089903,dt=0.030370},
	{cf=CFrame.new(1.195923,3.392355,-7.253967,-0.962966,-0.252340,0.094975,-0.207587,0.918673,0.336077,-0.172057,0.303915,-0.937034),fov=22.340080,dt=0.037401},
	{cf=CFrame.new(1.194336,3.417150,-7.305298,-0.963080,-0.254086,0.088984,-0.208721,0.913463,0.349316,-0.170040,0.317846,-0.932770),fov=22.549026,dt=0.024125},
	{cf=CFrame.new(1.193115,3.440270,-7.338806,-0.963173,-0.255130,0.084887,-0.209435,0.909846,0.358214,-0.168625,0.327244,-0.929773),fov=22.640488,dt=0.035707},
	{cf=CFrame.new(1.191406,3.482924,-7.382080,-0.963325,-0.256347,0.079317,-0.210343,0.904918,0.369972,-0.166616,0.339720,-0.925651),fov=22.802845,dt=0.034244},
	{cf=CFrame.new(1.189209,3.550564,-7.428650,-0.963534,-0.257453,0.072936,-0.211331,0.899352,0.382761,-0.164138,0.353390,-0.920964),fov=22.945635,dt=0.032578},
	{cf=CFrame.new(1.187256,3.619170,-7.463013,-0.963725,-0.258114,0.067909,-0.212094,0.895090,0.392212,-0.162020,0.363581,-0.917365),fov=23.078831,dt=0.055704},
	{cf=CFrame.new(1.185303,3.692627,-7.490845,-0.963911,-0.258522,0.063577,-0.212753,0.891576,0.399786,-0.160037,0.371832,-0.914401),fov=23.358969,dt=0.029213},
	{cf=CFrame.new(1.179688,3.937851,-7.553589,-0.964459,-0.258924,0.052706,-0.214480,0.883627,0.416175,-0.154330,0.390079,-0.907756),fov=23.440044,dt=0.031848},
	{cf=CFrame.new(1.176636,4.087107,-7.579041,-0.964755,-0.258800,0.047655,-0.215345,0.880519,0.422272,-0.151244,0.397127,-0.905216),fov=23.625885,dt=0.057392},
	{cf=CFrame.new(1.171509,4.347344,-7.610107,-0.965227,-0.258255,0.040508,-0.216671,0.877057,0.428748,-0.146255,0.405062,-0.902516),fov=24.138765,dt=0.040842},
	{cf=CFrame.new(1.163208,4.808199,-7.642883,-0.965971,-0.256822,0.030708,-0.218726,0.874454,0.433002,-0.138057,0.411550,-0.900870),fov=24.495831,dt=0.033187},
	{cf=CFrame.new(1.157715,5.129967,-7.655518,-0.966492,-0.255444,0.025350,-0.219829,0.874623,0.432099,-0.132549,0.412047,-0.901470),fov=24.938793,dt=0.041628},
	{cf=CFrame.new(1.150879,5.542321,-7.666992,-0.967530,-0.251944,0.020265,-0.219636,0.877716,0.425880,-0.125085,0.407600,-0.904553),fov=25.751804,dt=0.033746},
	{cf=CFrame.new(1.143677,5.997633,-7.676392,-0.968994,-0.246554,0.016174,-0.217879,0.883499,0.414678,-0.116530,0.398296,-0.909825),fov=26.376612,dt=0.030971},
	{cf=CFrame.new(1.137817,6.375483,-7.682373,-0.970360,-0.241282,0.013612,-0.215515,0.889468,0.402989,-0.109341,0.388111,-0.915104),fov=27.051817,dt=0.041780},
	{cf=CFrame.new(1.130493,6.884867,-7.688477,-0.972329,-0.233355,0.011065,-0.211276,0.898569,0.384624,-0.099697,0.371643,-0.923007),fov=27.760294,dt=0.036462},
	{cf=CFrame.new(1.122559,7.470285,-7.693481,-0.974673,-0.223453,0.009050,-0.205225,0.909777,0.360816,-0.088859,0.349820,-0.932593),fov=28.480846,dt=0.042068},
	{cf=CFrame.new(1.114746,8.123615,-7.697144,-0.977304,-0.211698,0.007838,-0.197190,0.922601,0.331545,-0.077419,0.322475,-0.943407),fov=29.526434,dt=0.044546},
	{cf=CFrame.new(1.109131,8.653536,-7.698975,-0.979389,-0.201846,0.007487,-0.189901,0.932794,0.306321,-0.068814,0.298586,-0.951899),fov=30.432421,dt=0.050977},
	{cf=CFrame.new(1.102783,9.390184,-7.700317,-0.982145,-0.187947,0.008164,-0.178826,0.946197,0.269689,-0.058412,0.263414,-0.962913),fov=31.071703,dt=0.054018},
	{cf=CFrame.new(1.099609,10.018698,-7.700623,-0.984297,-0.176235,0.010053,-0.168835,0.956534,0.237777,-0.051521,0.232345,-0.971268),fov=31.311972,dt=0.053064},
	{cf=CFrame.new(1.099121,10.617176,-7.700317,-0.986093,-0.165652,0.013414,-0.159301,0.965113,0.207796,-0.047368,0.202769,-0.978080),fov=31.254366,dt=0.049869},
	{cf=CFrame.new(1.099854,10.994841,-7.698425,-0.987094,-0.159384,0.015597,-0.153597,0.969796,0.189481,-0.045326,0.184640,-0.981761),fov=31.156319,dt=0.060507},
	{cf=CFrame.new(1.101929,11.450174,-7.693176,-0.988155,-0.152397,0.018021,-0.147247,0.974668,0.168350,-0.043220,0.163702,-0.985563),fov=30.837484,dt=0.056778},
	{cf=CFrame.new(1.104492,11.809772,-7.685669,-0.988872,-0.147447,0.019767,-0.142760,0.977907,0.152697,-0.041845,0.148176,-0.988075),fov=30.509914,dt=0.065560},
	{cf=CFrame.new(1.107300,12.103018,-7.676147,-0.989370,-0.143884,0.021083,-0.139538,0.980139,0.140911,-0.040939,0.136471,-0.989798),fov=29.986280,dt=0.045452},
	{cf=CFrame.new(1.109863,12.323444,-7.665894,-0.989691,-0.141524,0.021992,-0.137410,0.981564,0.132854,-0.040389,0.128463,-0.990892),fov=29.548723,dt=0.046836},
	{cf=CFrame.new(1.112305,12.518242,-7.653442,-0.989943,-0.139628,0.022727,-0.135696,0.982647,0.126457,-0.039990,0.122101,-0.991712),fov=29.088911,dt=0.057648},
	{cf=CFrame.new(1.114014,12.698545,-7.638000,-0.990182,-0.137827,0.023323,-0.134048,0.983537,0.121188,-0.039642,0.116872,-0.992356),fov=28.619986,dt=0.056919},
	{cf=CFrame.new(1.114380,12.838404,-7.622925,-0.990419,-0.136042,0.023713,-0.132383,0.984234,0.117298,-0.039297,0.113035,-0.992814),fov=28.153709,dt=0.059563},
	{cf=CFrame.new(1.114258,12.959412,-7.607727,-0.990704,-0.133896,0.024036,-0.130352,0.984913,0.113822,-0.038914,0.109630,-0.993210),fov=27.553829,dt=0.062958},
	{cf=CFrame.new(1.114014,13.070395,-7.591492,-0.991049,-0.131263,0.024322,-0.127833,0.985622,0.110492,-0.038476,0.106393,-0.993580),fov=26.998051,dt=0.053920},
	{cf=CFrame.new(1.113525,13.152420,-7.577820,-0.991370,-0.128780,0.024527,-0.125440,0.986214,0.107920,-0.038087,0.103912,-0.993857),fov=26.620964,dt=0.061897},
	{cf=CFrame.new(1.112793,13.227324,-7.563660,-0.991726,-0.125970,0.024708,-0.122719,0.986821,0.105470,-0.037669,0.101565,-0.994116),fov=26.183723,dt=0.057074},
	{cf=CFrame.new(1.111694,13.289766,-7.550537,-0.992083,-0.123105,0.024847,-0.119935,0.987390,0.103331,-0.037254,0.099533,-0.994337),fov=25.912745,dt=0.050700},
	{cf=CFrame.new(1.110474,13.334469,-7.540161,-0.992380,-0.120664,0.024938,-0.117556,0.987841,0.101739,-0.036911,0.098032,-0.994499),fov=25.697001,dt=0.056327},
	{cf=CFrame.new(1.108643,13.377621,-7.529419,-0.992709,-0.117909,0.025018,-0.114864,0.988320,0.100149,-0.036534,0.096545,-0.994658),fov=25.505465,dt=0.073634},
	{cf=CFrame.new(1.106445,13.410196,-7.520996,-0.992991,-0.115506,0.025069,-0.112511,0.988714,0.098922,-0.036212,0.095408,-0.994780),fov=25.437828,dt=0.040407},
	{cf=CFrame.new(1.103516,13.438654,-7.513733,-0.993260,-0.113160,0.025103,-0.110211,0.989080,0.097849,-0.035902,0.094423,-0.994885),fov=25.437828,dt=0.054472},
	{cf=CFrame.new(1.100586,13.459681,-7.508728,-0.993471,-0.111285,0.025123,-0.108370,0.989359,0.097081,-0.035659,0.093725,-0.994959),fov=25.437828,dt=0.052891},
	{cf=CFrame.new(1.098511,13.471611,-7.506104,-0.993593,-0.110191,0.025128,-0.107295,0.989516,0.096668,-0.035517,0.093353,-0.994999),fov=25.437828,dt=0.059571},
	{cf=CFrame.new(1.095581,13.485546,-7.503357,-0.993730,-0.108950,0.025134,-0.106073,0.989690,0.096239,-0.035360,0.092969,-0.995041),fov=25.437828,dt=0.050644},
	{cf=CFrame.new(1.093140,13.496128,-7.501587,-0.993814,-0.108173,0.025134,-0.105308,0.989796,0.095991,-0.035261,0.092751,-0.995065),fov=25.437828,dt=0.057728},
	{cf=CFrame.new(1.091309,13.504427,-7.500610,-0.993841,-0.107931,0.025132,-0.105070,0.989829,0.095918,-0.035229,0.092687,-0.995072),fov=25.437828,dt=0.055150},
	{cf=CFrame.new(1.090454,13.509943,-7.499573,-0.993841,-0.107931,0.025132,-0.105070,0.989829,0.095918,-0.035229,0.092687,-0.995072),fov=25.437828,dt=0.056902},
	{cf=CFrame.new(1.090088,13.513903,-7.495728,-0.993841,-0.107931,0.025132,-0.105070,0.989829,0.095918,-0.035229,0.092687,-0.995072),fov=25.437828,dt=0.054580},
	{cf=CFrame.new(1.089844,13.516085,-7.487000,-0.993841,-0.107931,0.025132,-0.105070,0.989829,0.095918,-0.035229,0.092687,-0.995072),fov=25.437828,dt=0.055254},
	{cf=CFrame.new(1.088867,13.517164,-7.470642,-0.993841,-0.107931,0.025132,-0.105070,0.989829,0.095918,-0.035229,0.092687,-0.995072),fov=25.437828,dt=0.051725},
	{cf=CFrame.new(1.086914,13.517456,-7.444275,-0.993841,-0.107931,0.025132,-0.105070,0.989829,0.095918,-0.035229,0.092687,-0.995072),fov=25.437828,dt=0.056260},
	{cf=CFrame.new(-0.091919,-0.667994,5.576782,1.000000,0.000000,-0.000000,0.000000,0.999565,-0.029485,0.000000,0.029485,0.999565),fov=25.002436,dt=0.057911},
	{cf=CFrame.new(-0.109985,-0.990607,7.147644,1.000000,0.000000,0.000000,0.000000,0.994134,-0.108154,0.000000,0.108154,0.994134),fov=26.564781,dt=0.052897},
	{cf=CFrame.new(-0.122314,-1.115602,7.653748,1.000000,-0.000000,-0.000000,0.000000,0.989613,-0.143760,0.000000,0.143760,0.989613),fov=28.557001,dt=0.031729},
	{cf=CFrame.new(-0.131104,-1.172051,7.830811,1.000000,0.000000,0.000000,0.000000,0.986662,-0.162780,0.000000,0.162780,0.986663),fov=29.731836,dt=0.029145},
	{cf=CFrame.new(-0.139526,-1.227469,8.015015,1.000000,0.000000,-0.000000,0.000000,0.983415,-0.181370,0.000000,0.181370,0.983415),fov=30.391174,dt=0.029375},
	{cf=CFrame.new(-0.148071,-1.282845,8.213196,1.000000,0.000000,-0.000000,0.000000,0.979824,-0.199862,0.000000,0.199863,0.979824),fov=30.602388,dt=0.029182},
	{cf=CFrame.new(-0.155884,-1.333366,8.414734,1.000000,-0.000000,-0.000000,0.000000,0.976249,-0.216653,0.000000,0.216653,0.976249),fov=30.705521,dt=0.029929},
	{cf=CFrame.new(-0.162231,-1.374221,8.608765,1.000000,-0.000000,0.000000,0.000000,0.973151,-0.230169,0.000000,0.230169,0.973151),fov=30.728365,dt=0.036918},
	{cf=CFrame.new(-0.166504,-1.402487,8.826599,1.000000,-0.000000,-0.000000,0.000000,0.970900,-0.239485,0.000000,0.239485,0.970900),fov=30.741581,dt=0.025086},
	{cf=CFrame.new(-0.166870,-1.405297,8.942688,1.000000,0.000004,-0.000001,-0.000004,0.970676,-0.240390,-0.000000,0.240390,0.970676),fov=30.744316,dt=0.033120},
	{cf=CFrame.new(-0.166260,-1.404676,9.056641,1.000000,0.000037,-0.000005,-0.000038,0.970752,-0.240083,-0.000004,0.240083,0.970752),fov=30.777519,dt=0.037889},
	{cf=CFrame.new(-0.164917,-1.401708,9.138733,1.000000,0.000104,-0.000015,-0.000104,0.970997,-0.239092,-0.000011,0.239092,0.970997),fov=30.881809,dt=0.024821},
	{cf=CFrame.new(-0.164062,-1.397242,9.170166,1.000000,0.000155,-0.000023,-0.000156,0.971302,-0.237850,-0.000014,0.237850,0.971302),fov=31.099752,dt=0.035466},
	{cf=CFrame.new(-0.162720,-1.385821,9.194946,1.000000,0.000225,-0.000037,-0.000227,0.972000,-0.234981,-0.000017,0.234982,0.972000),fov=31.513636,dt=0.037484},
	{cf=CFrame.new(-0.162231,-1.377400,9.199829,1.000000,0.000251,-0.000045,-0.000255,0.972478,-0.232995,-0.000015,0.232995,0.972478),fov=31.800190,dt=0.028253},
	{cf=CFrame.new(-0.161865,-1.358253,9.201904,1.000000,0.000272,-0.000057,-0.000278,0.973503,-0.228675,-0.000007,0.228675,0.973503),fov=32.486488,dt=0.025887},
	{cf=CFrame.new(-0.161865,-1.333108,9.199219,0.999951,-0.009877,0.000625,0.009764,0.974378,-0.224704,0.001610,0.224699,0.974427),fov=32.866154,dt=0.032867},
	{cf=CFrame.new(-0.161865,-1.294831,9.186218,0.999872,-0.015978,0.000890,0.015777,0.974967,-0.221791,0.002676,0.221776,0.975094),fov=33.641384,dt=0.034436},
	{cf=CFrame.new(-0.162231,-1.249125,9.149414,0.999874,-0.015847,0.000708,0.015645,0.977763,-0.209130,0.002622,0.209115,0.977888),fov=34.348984,dt=0.032837},
	{cf=CFrame.new(-0.163086,-1.214899,9.099670,0.999678,0.024984,-0.004530,-0.025370,0.990235,-0.137080,0.001061,0.137151,0.990550),fov=34.868042,dt=0.030009},
	{cf=CFrame.new(-0.170410,-1.198649,9.038452,0.995593,0.091292,-0.021466,-0.092322,0.994307,-0.053198,0.016487,0.054945,0.998353),fov=35.069149,dt=0.041805},
	{cf=CFrame.new(-0.206665,-1.197390,8.947510,0.993850,0.067571,-0.087734,-0.074967,0.993648,-0.083930,0.081506,0.089991,0.992602),fov=34.883507,dt=0.029162},
	{cf=CFrame.new(-0.207520,-1.185398,8.877197,0.999451,-0.007488,-0.032267,0.002047,0.986214,-0.165461,0.033061,0.165304,0.985689),fov=34.717670,dt=0.024958},
	{cf=CFrame.new(-0.191284,-1.180501,8.867981,0.999751,-0.019916,0.010049,0.021394,0.983610,-0.179034,-0.006319,0.179204,0.983792),fov=34.192497,dt=0.028608},
	{cf=CFrame.new(-0.169556,-1.189570,8.865906,0.999825,-0.018503,0.002658,0.018682,0.984160,-0.176294,0.000646,0.176313,0.984334),fov=33.473843,dt=0.026748},
	{cf=CFrame.new(-0.155884,-1.203794,8.865417,0.999832,-0.017302,-0.006099,0.016005,0.985141,-0.171000,0.008967,0.170874,0.985252),fov=33.088840,dt=0.031105},
	{cf=CFrame.new(-0.146606,-1.219882,8.865417,0.999778,-0.017664,-0.011509,0.015550,0.986464,-0.163238,0.014236,0.163023,0.986520),fov=32.352692,dt=0.036798},
	{cf=CFrame.new(-0.140747,-1.235288,8.864685,0.999333,-0.026586,-0.025039,0.022417,0.987794,-0.154145,0.028832,0.153481,0.987731),fov=31.759422,dt=0.027666},
	{cf=CFrame.new(-0.139038,-1.241314,8.862488,0.996167,-0.054954,-0.068060,0.044134,0.987492,-0.151368,0.075527,0.147784,0.986132),fov=31.413715,dt=0.030839},
	{cf=CFrame.new(-3.742798,4.181065,6.070068,0.756504,-0.514923,-0.403183,0.056538,0.665683,-0.744090,0.651541,0.540111,0.532704),fov=31.447266,dt=0.025675},
	{cf=CFrame.new(-3.738647,4.566137,6.073975,0.756387,-0.515257,-0.402975,0.057269,0.665851,-0.743884,0.651612,0.539586,0.533149),fov=31.671387,dt=0.031484},
	{cf=CFrame.new(-3.729858,4.895042,6.082275,0.756364,-0.515372,-0.402872,0.058166,0.666417,-0.743307,0.651560,0.538777,0.534031),fov=32.424862,dt=0.040140},
	{cf=CFrame.new(-3.712524,5.237738,6.098755,0.756456,-0.515233,-0.402877,0.059513,0.667645,-0.742097,0.651332,0.537387,0.535707),fov=33.824089,dt=0.041625},
	{cf=CFrame.new(-3.684570,5.556065,6.125000,0.756700,-0.514752,-0.403033,0.061328,0.669655,-0.740136,0.650879,0.535343,0.538297),fov=34.470284,dt=0.031031},
	{cf=CFrame.new(-3.661011,5.724431,6.147034,0.756944,-0.514243,-0.403224,0.062691,0.671340,-0.738494,0.650466,0.533720,0.540405),fov=34.549053,dt=0.028486},
	{cf=CFrame.new(-3.642334,5.819834,6.164490,0.757149,-0.513809,-0.403394,0.063696,0.672652,-0.737213,0.650130,0.532485,0.542025),fov=34.390720,dt=0.037706},
	{cf=CFrame.new(-3.682007,5.834538,6.190063,0.757371,-0.513438,-0.403449,0.064705,0.673823,-0.736055,0.649772,0.531361,0.543555),fov=34.393719,dt=0.031444},
	{cf=CFrame.new(-3.838623,5.671916,6.210999,0.757398,-0.513659,-0.403117,0.064810,0.673465,-0.736372,0.649729,0.531601,0.543371),fov=34.438679,dt=0.030017},
	{cf=CFrame.new(-3.975708,5.529622,6.229431,0.757422,-0.513852,-0.402826,0.064902,0.673152,-0.736651,0.649693,0.531811,0.543210),fov=34.633507,dt=0.029173},
	{cf=CFrame.new(-4.015625,5.600872,6.340393,0.757406,-0.514174,-0.402445,0.064819,0.672519,-0.737236,0.649719,0.532301,0.542698),fov=34.840519,dt=0.033586},
	{cf=CFrame.new(-4.016724,5.779943,6.509644,0.757369,-0.514601,-0.401967,0.064645,0.671647,-0.738046,0.649779,0.532988,0.541951),fov=35.619850,dt=0.024914},
	{cf=CFrame.new(-4.017578,5.914246,6.636536,0.757342,-0.514921,-0.401609,0.064514,0.670993,-0.738652,0.649824,0.533503,0.541391),fov=37.133545,dt=0.033357},
	{cf=CFrame.new(-3.766235,5.980371,6.283264,0.757306,-0.515347,-0.401130,0.064340,0.670120,-0.739459,0.649883,0.534188,0.540643),fov=39.741299,dt=0.042014},
	{cf=CFrame.new(-3.514893,6.024111,5.908691,0.757274,-0.515720,-0.400711,0.064187,0.669355,-0.740165,0.649935,0.534787,0.539988),fov=46.668148,dt=0.030534},
	{cf=CFrame.new(-3.393677,6.217808,5.659912,0.757234,-0.516198,-0.400171,0.063991,0.668371,-0.741071,0.650002,0.535557,0.539145),fov=50.037434,dt=0.034474},
	{cf=CFrame.new(-3.708374,6.738543,5.900452,0.757189,-0.516728,-0.399571,0.063772,0.667275,-0.742076,0.650075,0.536410,0.538207),fov=58.804878,dt=0.037050},
	{cf=CFrame.new(-3.904785,7.030859,6.085999,0.757153,-0.517152,-0.399091,0.063598,0.666398,-0.742879,0.650134,0.537092,0.537455),fov=78.275932,dt=0.037450},
	{cf=CFrame.new(-3.667725,6.308434,6.257690,0.757109,-0.517680,-0.398489,0.063379,0.665300,-0.743881,0.650207,0.537943,0.536515),fov=96.545197,dt=0.048783},
	{cf=CFrame.new(-3.653442,5.894503,6.889282,0.756935,-0.519533,-0.396402,0.063932,0.662555,-0.746280,0.650355,0.539543,0.534726),fov=100.894341,dt=0.052716},
	{cf=CFrame.new(-3.937378,5.275038,7.832642,0.756877,-0.520139,-0.395718,0.064185,0.661714,-0.747004,0.650398,0.539991,0.534221),fov=67.839508,dt=0.060101},
	{cf=CFrame.new(-4.505859,5.407728,6.077881,0.756775,-0.521192,-0.394526,0.064625,0.660248,-0.748263,0.650473,0.540770,0.533341),fov=55.802467,dt=0.048253},
	{cf=CFrame.new(-4.450317,5.738459,6.733643,0.756677,-0.522200,-0.393379,0.065047,0.658838,-0.749468,0.650545,0.541517,0.532495),fov=55.050156,dt=0.057734},
	{cf=CFrame.new(-4.252808,5.904058,7.061890,0.756573,-0.523252,-0.392179,0.065489,0.657361,-0.750725,0.650621,0.542295,0.531609),fov=55.115936,dt=0.085388},
	{cf=CFrame.new(-3.924927,5.800027,6.796082,0.756525,-0.523974,-0.391307,0.065774,0.656292,-0.751635,0.650648,0.542893,0.530965),fov=55.396965,dt=0.055682},
	{cf=CFrame.new(-3.776489,5.789547,6.478516,0.756637,-0.524051,-0.390988,0.065717,0.655917,-0.751967,0.650525,0.543271,0.530730),fov=55.559643,dt=0.078863},
	{cf=CFrame.new(-3.721191,5.784534,6.325562,0.756941,-0.523706,-0.390861,0.065369,0.655800,-0.752099,0.650206,0.543745,0.530636),fov=55.821152,dt=0.088377},
	{cf=CFrame.new(-3.730225,5.795381,6.304077,0.757385,-0.523063,-0.390861,0.064812,0.655855,-0.752099,0.649744,0.544297,0.530636),fov=56.070938,dt=0.075142},
	{cf=CFrame.new(-3.736450,5.793417,6.303284,0.757803,-0.522459,-0.390861,0.064289,0.655906,-0.752100,0.649309,0.544815,0.530636),fov=56.309349,dt=0.084156},
	{cf=CFrame.new(-3.739746,5.799275,6.304993,0.758209,-0.521869,-0.390861,0.063779,0.655956,-0.752099,0.648885,0.545320,0.530636),fov=56.536751,dt=0.100534},
	{cf=CFrame.new(-3.741089,5.794286,6.312866,0.758614,-0.521280,-0.390861,0.063269,0.656006,-0.752100,0.648461,0.545824,0.530636),fov=56.795567,dt=0.093627},
	{cf=CFrame.new(-3.735107,5.792944,6.301086,0.759019,-0.520690,-0.390861,0.062758,0.656054,-0.752100,0.648037,0.546328,0.530636),fov=57.039600,dt=0.103613},
	{cf=CFrame.new(-3.737671,5.800571,6.316284,0.759424,-0.520099,-0.390861,0.062248,0.656103,-0.752099,0.647611,0.546832,0.530636),fov=57.269421,dt=0.107251},
	{cf=CFrame.new(-3.728882,5.797385,6.307739,0.759828,-0.519509,-0.390861,0.061738,0.656151,-0.752100,0.647186,0.547336,0.530636),fov=57.485592,dt=0.108576},
	{cf=CFrame.new(-3.736938,5.797809,6.312073,0.760232,-0.518918,-0.390861,0.061228,0.656199,-0.752099,0.646760,0.547838,0.530636),fov=57.721279,dt=0.119378},
	{cf=CFrame.new(-3.741089,5.791804,6.313782,0.760635,-0.518326,-0.390861,0.060717,0.656247,-0.752099,0.646334,0.548341,0.530636),fov=57.940002,dt=0.057607},
	{cf=CFrame.new(-3.727417,5.785690,6.314819,0.761038,-0.517735,-0.390861,0.060207,0.656294,-0.752100,0.645908,0.548844,0.530636),fov=58.028740,dt=0.066404},
	{cf=CFrame.new(-3.734497,5.787700,6.319641,0.761440,-0.517143,-0.390861,0.059697,0.656340,-0.752099,0.645480,0.549346,0.530636),fov=58.142574,dt=0.096149},
	{cf=CFrame.new(-3.742310,5.787872,6.328125,0.761842,-0.516550,-0.390861,0.059186,0.656387,-0.752099,0.645053,0.549848,0.530636),fov=58.303993,dt=0.025186},
	{cf=CFrame.new(-3.745483,5.786818,6.327026,0.762068,-0.516217,-0.390861,0.058899,0.656412,-0.752099,0.644813,0.550130,0.530636),fov=58.355385,dt=0.049583},
	{cf=CFrame.new(-3.749634,5.784538,6.322998,0.762344,-0.515810,-0.390861,0.058548,0.656444,-0.752099,0.644518,0.550474,0.530636),fov=58.430267,dt=0.062562},
	{cf=CFrame.new(-3.735352,5.782167,6.323975,0.762720,-0.515254,-0.390861,0.058070,0.656486,-0.752100,0.644117,0.550944,0.530636),fov=58.502567,dt=0.147876},
	{cf=CFrame.new(-3.742310,5.775052,6.314331,0.763120,-0.514660,-0.390861,0.057559,0.656531,-0.752099,0.643688,0.551445,0.530636),fov=58.704536,dt=0.039969},
	{cf=CFrame.new(-3.750732,5.780777,6.322510,0.763520,-0.514067,-0.390861,0.057049,0.656576,-0.752100,0.643259,0.551945,0.530636),fov=58.767082,dt=0.025001},
	{cf=CFrame.new(-3.746948,5.785160,6.324646,0.763720,-0.513770,-0.390861,0.056793,0.656598,-0.752099,0.643044,0.552195,0.530636),fov=58.787418,dt=0.089145},
	{cf=CFrame.new(-3.740967,5.785852,6.321106,0.764120,-0.513176,-0.390861,0.056283,0.656642,-0.752099,0.642615,0.552695,0.530636),fov=58.904205,dt=0.050439},
	{cf=CFrame.new(-3.738037,5.780450,6.327515,0.764518,-0.512582,-0.390861,0.055772,0.656686,-0.752099,0.642185,0.553195,0.530636),fov=58.959324,dt=0.067076},
	{cf=CFrame.new(-3.745117,5.777120,6.328430,0.764917,-0.511987,-0.390861,0.055261,0.656729,-0.752099,0.641755,0.553694,0.530636),fov=59.029560,dt=0.064713},
	{cf=CFrame.new(-3.748291,5.772755,6.324280,0.765315,-0.511392,-0.390861,0.054751,0.656772,-0.752099,0.641324,0.554193,0.530636),fov=59.079861,dt=0.065979},
	{cf=CFrame.new(-3.740356,5.772542,6.332458,0.765712,-0.510796,-0.390861,0.054240,0.656814,-0.752099,0.640893,0.554691,0.530636),fov=59.143837,dt=0.071672},
	{cf=CFrame.new(-3.749268,5.767169,6.332947,0.766109,-0.510201,-0.390861,0.053729,0.656856,-0.752099,0.640461,0.555190,0.530636),fov=59.219059,dt=0.068283},
	{cf=CFrame.new(-3.748291,5.771552,6.331116,0.766505,-0.509605,-0.390861,0.053218,0.656898,-0.752099,0.640029,0.555687,0.530636),fov=59.275570,dt=0.076551},
	{cf=CFrame.new(-3.749023,5.767630,6.334473,0.766902,-0.509009,-0.390861,0.052707,0.656939,-0.752099,0.639597,0.556185,0.530636),fov=59.328960,dt=0.065592},
	{cf=CFrame.new(-3.748535,5.769131,6.323853,0.767297,-0.508412,-0.390861,0.052196,0.656980,-0.752099,0.639164,0.556682,0.530636),fov=59.379337,dt=0.073802},
	{cf=CFrame.new(-3.758789,5.760539,6.330505,0.767692,-0.507815,-0.390861,0.051685,0.657020,-0.752099,0.638731,0.557179,0.530636),fov=59.438271,dt=0.080476},
	{cf=CFrame.new(-3.750610,5.766197,6.333130,0.768087,-0.507218,-0.390861,0.051174,0.657060,-0.752099,0.638297,0.557676,0.530636),fov=59.492901,dt=0.064385},
	{cf=CFrame.new(-3.749512,5.773472,6.337585,0.768481,-0.506620,-0.390861,0.050663,0.657100,-0.752099,0.637863,0.558172,0.530636),fov=59.523693,dt=0.068112},
	{cf=CFrame.new(-3.758911,5.756995,6.335022,0.768875,-0.506022,-0.390861,0.050152,0.657139,-0.752099,0.637429,0.558668,0.530636),fov=59.571892,dt=0.072035},
	{cf=CFrame.new(-3.762085,5.764908,6.342468,0.769269,-0.505424,-0.390861,0.049641,0.657178,-0.752099,0.636995,0.559163,0.530636),fov=59.607735,dt=0.074384},
	{cf=CFrame.new(-3.755005,5.761306,6.343506,0.769661,-0.504826,-0.390861,0.049130,0.657216,-0.752099,0.636560,0.559659,0.530636),fov=59.641277,dt=0.064834},
	{cf=CFrame.new(-3.764526,5.767588,6.335327,0.770054,-0.504227,-0.390861,0.048619,0.657254,-0.752099,0.636124,0.560153,0.530636),fov=59.672619,dt=0.067615},
	{cf=CFrame.new(-3.764526,5.763336,6.340210,0.770445,-0.503628,-0.390861,0.048108,0.657292,-0.752099,0.635688,0.560648,0.530636),fov=59.701859,dt=0.075010},
	{cf=CFrame.new(-3.758057,5.750705,6.342468,0.770837,-0.503029,-0.390861,0.047596,0.657329,-0.752099,0.635252,0.561142,0.530636),fov=59.735611,dt=0.073758},
	{cf=CFrame.new(-3.748901,5.759253,6.341431,0.771228,-0.502429,-0.390861,0.047085,0.657366,-0.752099,0.634815,0.561636,0.530636),fov=59.760479,dt=0.062594},
	{cf=CFrame.new(-3.753052,5.760847,6.343445,0.771618,-0.501829,-0.390861,0.046574,0.657402,-0.752099,0.634378,0.562130,0.530636),fov=59.783546,dt=0.084541},
	{cf=CFrame.new(-3.754272,5.768241,6.346741,0.772009,-0.501229,-0.390861,0.046063,0.657438,-0.752099,0.633941,0.562623,0.530636),fov=59.809990,dt=0.054563},
	{cf=CFrame.new(-3.762573,5.761615,6.335510,0.772398,-0.500628,-0.390861,0.045551,0.657474,-0.752099,0.633503,0.563116,0.530636),fov=59.824650,dt=0.071645},
	{cf=CFrame.new(-3.752686,5.755979,6.345581,0.772787,-0.500028,-0.390861,0.045040,0.657509,-0.752099,0.633065,0.563608,0.530636),fov=59.847168,dt=0.072414},
	{cf=CFrame.new(-3.753418,5.753358,6.341431,0.773176,-0.499426,-0.390861,0.044529,0.657544,-0.752099,0.632626,0.564100,0.530636),fov=59.863564,dt=0.071732},
	{cf=CFrame.new(-3.757568,5.757481,6.341980,0.773564,-0.498825,-0.390861,0.044017,0.657578,-0.752099,0.632188,0.564592,0.530636),fov=59.878609,dt=0.070024},
	{cf=CFrame.new(-3.761963,5.745310,6.344482,0.773952,-0.498223,-0.390861,0.043506,0.657613,-0.752099,0.631748,0.565084,0.530636),fov=59.892372,dt=0.070689},
	{cf=CFrame.new(-3.755371,5.747174,6.347900,0.774339,-0.497621,-0.390861,0.042994,0.657646,-0.752099,0.631309,0.565575,0.530636),fov=59.907890,dt=0.064458},
	{cf=CFrame.new(-3.770386,5.743806,6.347412,0.774726,-0.497019,-0.390861,0.042483,0.657679,-0.752099,0.630869,0.566066,0.530636),fov=59.919037,dt=0.065240},
	{cf=CFrame.new(-3.765381,5.746678,6.340698,0.775112,-0.496416,-0.390861,0.041971,0.657712,-0.752099,0.630428,0.566556,0.530636),fov=59.926704,dt=0.065569},
	{cf=CFrame.new(-3.765991,5.749300,6.342712,0.775498,-0.495813,-0.390861,0.041460,0.657745,-0.752099,0.629988,0.567046,0.530636),fov=59.936073,dt=0.093051},
	{cf=CFrame.new(-3.773682,5.749774,6.353821,0.775883,-0.495210,-0.390861,0.040948,0.657777,-0.752099,0.629546,0.567536,0.530636),fov=59.948414,dt=0.052224},
	{cf=CFrame.new(-3.762695,5.747754,6.356201,0.776268,-0.494606,-0.390861,0.040437,0.657808,-0.752099,0.629105,0.568026,0.530636),fov=59.953857,dt=0.066909},
	{cf=CFrame.new(-3.764893,5.750604,6.355957,0.776653,-0.494002,-0.390861,0.039925,0.657840,-0.752099,0.628663,0.568515,0.530636),fov=59.960438,dt=0.070298},
	{cf=CFrame.new(-3.763794,5.747020,6.361206,0.777037,-0.493398,-0.390861,0.039413,0.657871,-0.752099,0.628220,0.569003,0.530636),fov=59.966290,dt=0.076458},
	{cf=CFrame.new(-3.767456,5.740148,6.364502,0.777420,-0.492794,-0.390861,0.038902,0.657901,-0.752099,0.627778,0.569492,0.530636),fov=59.972660,dt=0.064770},
	{cf=CFrame.new(-3.769043,5.731653,6.361206,0.777803,-0.492189,-0.390862,0.038390,0.657931,-0.752099,0.627335,0.569980,0.530636),fov=59.977074,dt=0.071290},
	{cf=CFrame.new(-3.769531,5.738869,6.353516,0.778186,-0.491584,-0.390861,0.037878,0.657961,-0.752099,0.626891,0.570467,0.530636),fov=59.980927,dt=0.069194},
	{cf=CFrame.new(-3.771851,5.725209,6.357483,0.778568,-0.490978,-0.390861,0.037367,0.657990,-0.752099,0.626447,0.570955,0.530636),fov=59.984261,dt=0.074678},
	{cf=CFrame.new(-3.772339,5.734148,6.362732,0.778949,-0.490373,-0.390862,0.036855,0.658019,-0.752099,0.626003,0.571442,0.530636),fov=59.987808,dt=0.069520},
	{cf=CFrame.new(-3.782593,5.740414,6.361084,0.779330,-0.489767,-0.390862,0.036343,0.658047,-0.752099,0.625558,0.571928,0.530636),fov=59.990177,dt=0.094553},
	{cf=CFrame.new(-3.775879,5.727047,6.366333,0.779711,-0.489161,-0.390861,0.035831,0.658075,-0.752099,0.625113,0.572415,0.530636),fov=59.993061,dt=0.034626},
	{cf=CFrame.new(-3.779053,5.724463,6.367310,0.780068,-0.488592,-0.390862,0.035351,0.658101,-0.752099,0.624696,0.572870,0.530636),fov=59.993866,dt=0.066111},
	{cf=CFrame.new(-3.781494,5.729110,6.377686,0.780447,-0.487985,-0.390862,0.034840,0.658129,-0.752099,0.624250,0.573356,0.530636),fov=59.995258,dt=0.067788},
	{cf=CFrame.new(-3.773315,5.729001,6.364197,0.780826,-0.487378,-0.390862,0.034328,0.658156,-0.752099,0.623804,0.573841,0.530636),fov=59.996410,dt=0.068748},
	{cf=CFrame.new(-3.775391,5.728758,6.361816,0.781205,-0.486771,-0.390862,0.033816,0.658182,-0.752099,0.623358,0.574326,0.530636),fov=59.997326,dt=0.067578},
	{cf=CFrame.new(-3.773071,5.733110,6.362427,0.781584,-0.486163,-0.390862,0.033304,0.658208,-0.752099,0.622911,0.574811,0.530636),fov=59.998062,dt=0.068415},
	{cf=CFrame.new(-3.780273,5.729897,6.370605,0.781961,-0.485555,-0.390862,0.032792,0.658234,-0.752099,0.622464,0.575295,0.530636),fov=59.998631,dt=0.071521},
	{cf=CFrame.new(-3.771484,5.727350,6.376648,0.782339,-0.484947,-0.390862,0.032280,0.658259,-0.752099,0.622016,0.575779,0.530636),fov=59.999065,dt=0.069269},
	{cf=CFrame.new(-3.778442,5.729901,6.371094,0.782716,-0.484338,-0.390862,0.031768,0.658284,-0.752099,0.621568,0.576263,0.530636),fov=59.999386,dt=0.070537},
	{cf=CFrame.new(-3.783081,5.720056,6.375366,0.783092,-0.483729,-0.390862,0.031256,0.658309,-0.752099,0.621120,0.576746,0.530636),fov=59.999664,dt=0.080711},
	{cf=CFrame.new(-3.779419,5.729736,6.377808,0.783468,-0.483120,-0.390862,0.030744,0.658333,-0.752099,0.620671,0.577229,0.530636),fov=59.999840,dt=0.047648},
	{cf=CFrame.new(-3.784302,5.708117,6.375061,0.783843,-0.482511,-0.390862,0.030232,0.658356,-0.752099,0.620222,0.577711,0.530636),fov=59.999878,dt=0.067105},
	{cf=CFrame.new(-3.781860,5.721189,6.377197,0.784218,-0.481901,-0.390862,0.029721,0.658380,-0.752099,0.619773,0.578193,0.530636),fov=59.999947,dt=0.072415},
	{cf=CFrame.new(-3.772461,5.721633,6.376892,0.784593,-0.481291,-0.390862,0.029208,0.658403,-0.752099,0.619323,0.578675,0.530636),fov=59.999981,dt=0.148389},
	{cf=CFrame.new(-3.781738,5.720264,6.374512,0.784967,-0.480681,-0.390862,0.028696,0.658425,-0.752099,0.618873,0.579156,0.530636),fov=60.000000,dt=0.026607},
	{cf=CFrame.new(-3.778198,5.716654,6.386780,0.785340,-0.480070,-0.390862,0.028184,0.658448,-0.752099,0.618422,0.579637,0.530636),fov=60.000000,dt=0.035610},
	{cf=CFrame.new(-3.781860,5.721627,6.386719,0.785574,-0.479689,-0.390862,0.027864,0.658461,-0.752099,0.618140,0.579938,0.530636),fov=60.000000,dt=0.069923},
	{cf=CFrame.new(-3.775269,5.711591,6.383667,0.785947,-0.479078,-0.390862,0.027352,0.658483,-0.752099,0.617689,0.580418,0.530636),fov=37.901764,dt=0.068596},
	{cf=CFrame.new(-3.785400,5.717275,6.379944,0.786319,-0.478466,-0.390862,0.026840,0.658504,-0.752099,0.617238,0.580899,0.530636),fov=37.923676,dt=0.066824},
	{cf=CFrame.new(-3.783203,5.709691,6.374939,0.786691,-0.477855,-0.390862,0.026328,0.658524,-0.752099,0.616786,0.581378,0.530636),fov=38.005154,dt=0.094802},
	{cf=CFrame.new(-3.793701,5.704086,6.383057,0.787062,-0.477243,-0.390862,0.025816,0.658545,-0.752099,0.616334,0.581858,0.530636),fov=38.158581,dt=0.057587},
	{cf=CFrame.new(-3.780640,5.702895,6.388672,0.787433,-0.476631,-0.390862,0.025304,0.658564,-0.752099,0.615881,0.582337,0.530636),fov=38.314335,dt=0.077438},
	{cf=CFrame.new(-3.793335,5.697616,6.384216,0.787803,-0.476018,-0.390862,0.024792,0.658584,-0.752099,0.615428,0.582815,0.530636),fov=38.539036,dt=0.069883},
	{cf=CFrame.new(-3.793335,5.704861,6.386780,0.788173,-0.475405,-0.390862,0.024280,0.658603,-0.752099,0.614975,0.583294,0.530636),fov=38.734200,dt=0.073636},
	{cf=CFrame.new(-3.784912,5.698941,6.384460,0.788542,-0.474793,-0.390862,0.023768,0.658622,-0.752099,0.614521,0.583772,0.530636),fov=38.935116,dt=0.057478},
	{cf=CFrame.new(-3.449219,8.117899,5.374817,0.639833,-0.512786,-0.572419,0.063876,0.777746,-0.625324,0.765855,0.363540,0.530382),fov=39.134155,dt=0.057199},
	{cf=CFrame.new(-2.423462,15.371769,2.322205,0.042024,-0.318922,-0.946849,0.339741,0.895775,-0.286640,0.939580,-0.309638,0.145995),fov=39.277447,dt=0.051137},
	{cf=CFrame.new(-2.422852,15.368660,2.322754,0.042013,-0.318610,-0.946954,0.339465,0.895959,-0.286392,0.939680,-0.309425,0.145799),fov=39.411789,dt=0.056634},
	{cf=CFrame.new(-2.421753,15.362221,2.323792,0.041990,-0.317966,-0.947172,0.338893,0.896340,-0.285878,0.939888,-0.308986,0.145393),fov=39.533630,dt=0.053949},
	{cf=CFrame.new(-2.420166,15.353472,2.325195,0.041957,-0.317091,-0.947467,0.338116,0.896856,-0.285179,0.940169,-0.308388,0.144843),fov=39.670441,dt=0.053101},
	{cf=CFrame.new(-2.417969,15.342007,2.327087,0.041913,-0.315943,-0.947852,0.337097,0.897530,-0.284263,0.940537,-0.307603,0.144122),fov=39.749115,dt=0.063055},
	{cf=CFrame.new(-2.415527,15.327726,2.329407,0.041857,-0.314512,-0.948330,0.335826,0.898367,-0.283119,0.940993,-0.306624,0.143224),fov=39.815197,dt=0.063172},
	{cf=CFrame.new(-2.411499,15.306023,2.332947,0.041767,-0.312336,-0.949053,0.333895,0.899634,-0.281378,0.941685,-0.305132,0.141863),fov=39.830116,dt=0.046454},
	{cf=CFrame.new(-2.407959,15.286592,2.336121,0.041683,-0.310387,-0.949696,0.332165,0.900761,-0.279815,0.942300,-0.303792,0.140646),fov=38.814137,dt=0.052524},
	{cf=CFrame.new(-2.403809,15.264257,2.339844,0.041581,-0.308145,-0.950431,0.330174,0.902050,-0.278014,0.943004,-0.302248,0.139250),fov=37.480690,dt=0.046858},
	{cf=CFrame.new(-2.399170,15.238791,2.343994,0.041460,-0.305585,-0.951262,0.327902,0.903510,-0.275954,0.943802,-0.300480,0.137661),fov=36.342884,dt=0.058322},
	{cf=CFrame.new(-2.393555,15.207272,2.349121,0.041300,-0.302414,-0.952282,0.325088,0.905303,-0.273396,0.944782,-0.298284,0.135700),fov=35.077011,dt=0.052713},
	{cf=CFrame.new(-2.386841,15.171236,2.355042,0.041104,-0.298784,-0.953435,0.321867,0.907333,-0.270461,0.945892,-0.295762,0.133464),fov=34.284866,dt=0.044653},
	{cf=CFrame.new(-2.380493,15.136740,2.360657,0.040906,-0.295306,-0.954527,0.318780,0.909257,-0.267639,0.946946,-0.293336,0.131331),fov=33.606293,dt=0.048191},
	{cf=CFrame.new(-2.372803,15.094183,2.367615,0.040644,-0.291008,-0.955857,0.314967,0.911605,-0.264143,0.948232,-0.290328,0.128709),fov=33.209301,dt=0.051331},
	{cf=CFrame.new(-2.364014,15.045507,2.375610,0.040322,-0.286086,-0.957355,0.310600,0.914255,-0.260124,0.949685,-0.286866,0.125723),fov=32.531006,dt=0.050611},
	{cf=CFrame.new(-2.353638,14.989170,2.384766,0.039920,-0.280380,-0.959059,0.305538,0.917275,-0.255446,0.951343,-0.282832,0.122284),fov=32.110825,dt=0.048560},
	{cf=CFrame.new(-2.341553,14.922670,2.395691,0.039404,-0.273632,-0.961027,0.299554,0.920773,-0.249888,0.953265,-0.278032,0.118250),fov=31.867668,dt=0.054003},
	{cf=CFrame.new(-2.325195,14.833574,2.410217,0.038644,-0.264572,-0.963592,0.291519,0.925348,-0.242380,0.955784,-0.271539,0.112887),fov=31.459475,dt=0.063740},
	{cf=CFrame.new(-2.309082,14.745287,2.424683,0.037811,-0.255575,-0.966050,0.283543,0.929751,-0.234874,0.958214,-0.265035,0.107621),fov=31.141903,dt=0.058159},
	{cf=CFrame.new(-2.255127,14.449375,2.473022,0.034470,-0.225301,-0.973679,0.256714,0.943565,-0.209244,0.965873,-0.242745,0.090362),fov=30.954609,dt=0.060838},
	{cf=CFrame.new(-2.189453,14.089767,2.531799,0.029209,-0.188358,-0.981666,0.224002,0.958341,-0.177217,0.974151,-0.214719,0.070184),fov=30.762724,dt=0.081393},
	{cf=CFrame.new(-2.163940,13.949533,2.554749,0.026819,-0.173933,-0.984392,0.211237,0.963495,-0.164486,0.977067,-0.203529,0.062581),fov=30.600130,dt=0.088373},
	{cf=CFrame.new(-2.145752,13.850094,2.570984,0.025009,-0.163705,-0.986192,0.202189,0.966942,-0.155383,0.979027,-0.195511,0.057281),fov=30.504858,dt=0.091747},
	{cf=CFrame.new(-2.131470,13.771849,2.583801,0.023518,-0.155660,-0.987531,0.195072,0.969531,-0.148177,0.980507,-0.189155,0.053166),fov=30.461533,dt=0.097444},
	{cf=CFrame.new(-2.119629,13.707617,2.594299,0.022250,-0.149059,-0.988578,0.189235,0.971575,-0.142237,0.981680,-0.183909,0.049825),fov=30.443117,dt=0.082700},
	{cf=CFrame.new(-2.109863,13.653805,2.603088,0.021158,-0.143532,-0.989420,0.184347,0.973232,-0.137241,0.982634,-0.179493,0.047051),fov=30.440237,dt=0.080864},
	{cf=CFrame.new(-2.101562,13.608292,2.610535,0.020212,-0.138859,-0.990106,0.180215,0.974593,-0.133004,0.983420,-0.175744,0.044723),fov=30.433409,dt=0.129958},
	{cf=CFrame.new(-2.094482,13.569727,2.616821,0.019397,-0.134901,-0.990669,0.176717,0.975718,-0.129405,0.984071,-0.172558,0.042765),fov=30.423195,dt=0.029867},
	{cf=CFrame.new(-2.090332,13.546741,2.620605,0.018903,-0.132543,-0.990997,0.174632,0.976376,-0.127256,0.984452,-0.170654,0.041603),fov=30.420778,dt=0.048493},
	{cf=CFrame.new(-2.086304,13.524656,2.624207,0.018425,-0.130278,-0.991306,0.172630,0.976999,-0.125189,0.984814,-0.168822,0.040491),fov=30.417240,dt=0.060530},
	{cf=CFrame.new(-2.082275,13.502525,2.627808,0.017941,-0.128009,-0.991611,0.170624,0.977614,-0.123115,0.985173,-0.166984,0.039381),fov=30.413836,dt=0.068909},
	{cf=CFrame.new(-2.078491,13.481682,2.631226,0.017481,-0.125873,-0.991892,0.168736,0.978186,-0.121160,0.985506,-0.165250,0.038339),fov=30.409454,dt=0.055708},
	{cf=CFrame.new(-2.075806,13.467110,2.633606,0.017157,-0.124380,-0.992087,0.167416,0.978582,-0.119791,0.985737,-0.164036,0.037613),fov=30.405268,dt=0.061960},
	{cf=CFrame.new(-2.073608,13.455069,2.635559,0.016888,-0.123146,-0.992245,0.166326,0.978905,-0.118660,0.985926,-0.163033,0.037014),fov=30.402258,dt=0.063191},
	{cf=CFrame.new(-2.072388,13.448570,2.636597,0.016742,-0.122481,-0.992330,0.165738,0.979079,-0.118049,0.986028,-0.162491,0.036691),fov=30.398403,dt=0.055012},
	{cf=CFrame.new(-2.071411,13.443274,2.637512,0.016623,-0.121938,-0.992399,0.165259,0.979220,-0.117551,0.986110,-0.162049,0.036429),fov=30.395638,dt=0.053831},
	{cf=CFrame.new(-2.070923,13.440716,2.637939,0.016565,-0.121676,-0.992432,0.165027,0.979288,-0.117310,0.986150,-0.161835,0.036302),fov=30.392107,dt=0.047848},
	{cf=CFrame.new(-2.070923,13.440224,2.637939,0.016562,-0.121379,-0.992468,0.165227,0.979290,-0.117010,0.986117,-0.162044,0.036274),fov=30.389582,dt=0.067584},
	{cf=CFrame.new(-2.071289,13.440218,2.637451,0.016596,-0.120823,-0.992535,0.165742,0.979271,-0.116437,0.986030,-0.162573,0.036277),fov=30.387148,dt=0.037942},
	{cf=CFrame.new(-2.072021,13.440203,2.636414,0.016668,-0.120081,-0.992624,0.166260,0.979274,-0.115674,0.985941,-0.163106,0.036287),fov=30.385578,dt=0.022523},
	{cf=CFrame.new(-2.072266,13.440201,2.635986,0.016700,-0.119805,-0.992657,0.166384,0.979286,-0.115393,0.985920,-0.163236,0.036288),fov=30.384800,dt=0.032454},
	{cf=CFrame.new(-2.072754,13.440197,2.635376,0.016757,-0.119352,-0.992711,0.166490,0.979322,-0.114932,0.985901,-0.163350,0.036282),fov=30.383301,dt=0.034458},
	{cf=CFrame.new(-2.073242,13.440195,2.634827,0.016822,-0.118880,-0.992766,0.166457,0.979383,-0.114457,0.985905,-0.163327,0.036263),fov=30.381826,dt=0.035139},
	{cf=CFrame.new(-2.073486,13.440191,2.634338,0.016900,-0.118327,-0.992831,0.166226,0.979487,-0.113907,0.985943,-0.163109,0.036222),fov=30.380402,dt=0.035860},
	{cf=CFrame.new(-2.073608,13.440189,2.634216,0.016974,-0.117812,-0.992891,0.165810,0.979616,-0.113402,0.986012,-0.162707,0.036162),fov=30.378344,dt=0.035630},
	{cf=CFrame.new(0.000000,16.215353,45.326660,-1.000000,0.000000,-0.000135,0.000000,1.000000,0.000000,0.000135,0.000000,-1.000000),fov=30.377014,dt=0.034755},
	{cf=CFrame.new(0.000000,16.220911,41.590149,-1.000000,0.000000,-0.000135,0.000000,1.000000,0.000000,0.000135,0.000000,-1.000000),fov=30.375721,dt=0.034992},
	{cf=CFrame.new(0.000000,16.226639,37.739380,-1.000000,0.000000,-0.000135,0.000000,1.000000,0.000000,0.000135,0.000000,-1.000000),fov=30.374466,dt=0.029023},
	{cf=CFrame.new(0.000000,16.230745,34.976929,-1.000000,0.000000,-0.000135,0.000000,1.000000,0.000000,0.000135,0.000000,-1.000000),fov=30.373251,dt=0.036483},
	{cf=CFrame.new(0.000000,16.235092,32.055603,-1.000000,0.000000,-0.000135,0.000000,1.000000,0.000000,0.000135,0.000000,-1.000000),fov=30.372072,dt=0.041830},
	{cf=CFrame.new(0.000000,16.240520,28.405945,-1.000000,0.000000,-0.000135,0.000000,1.000000,0.000000,0.000135,0.000000,-1.000000),fov=30.370935,dt=0.041624},
	{cf=CFrame.new(0.000000,16.244514,25.719543,-1.000000,0.000000,-0.000135,0.000000,1.000000,0.000000,0.000135,0.000000,-1.000000),fov=30.369284,dt=0.041072},
	{cf=CFrame.new(-0.000122,16.248550,23.006836,-1.000000,0.000000,-0.000135,0.000000,1.000000,0.000000,0.000135,0.000000,-1.000000),fov=30.368233,dt=0.038621},
	{cf=CFrame.new(0.000000,16.251850,20.788513,-1.000000,0.000000,-0.000135,0.000000,1.000000,0.000000,0.000135,0.000000,-1.000000),fov=30.366713,dt=0.082490},
	{cf=CFrame.new(0.000000,16.255163,18.560547,-1.000000,0.000000,-0.000135,0.000000,1.000000,0.000000,0.000135,0.000000,-1.000000),fov=30.364801,dt=0.051791},
	{cf=CFrame.new(-0.000122,16.259817,15.431885,-1.000000,0.000000,-0.000135,0.000000,1.000000,0.000000,0.000135,0.000000,-1.000000),fov=30.363026,dt=0.031721},
	{cf=CFrame.new(0.000000,16.262602,13.559265,-1.000000,0.000000,-0.000135,0.000000,1.000000,0.000000,0.000135,0.000000,-1.000000),fov=30.362181,dt=0.028603},
	{cf=CFrame.new(0.000000,16.264219,12.471252,-1.000000,0.000000,-0.000135,0.000000,1.000000,0.000000,0.000135,0.000000,-1.000000),fov=30.361773,dt=0.030177},
	{cf=CFrame.new(0.000000,16.265511,11.603760,-1.000000,0.000000,-0.000135,0.000000,1.000000,0.000000,0.000135,0.000000,-1.000000),fov=30.360973,dt=0.038825},
	{cf=CFrame.new(0.000000,16.266924,10.652771,-1.000000,0.000000,-0.000135,0.000000,1.000000,0.000000,0.000135,0.000000,-1.000000),fov=30.360209,dt=0.050855},
	{cf=CFrame.new(-0.000122,16.268953,9.288940,-1.000000,0.000000,-0.000135,0.000000,1.000000,0.000000,0.000135,0.000000,-1.000000),fov=30.359110,dt=0.045703},
	{cf=CFrame.new(0.000000,16.270761,8.074036,-1.000000,0.000000,-0.000135,0.000000,1.000000,0.000000,0.000135,0.000000,-1.000000),fov=30.358074,dt=0.042498},
	{cf=CFrame.new(-0.000122,16.272238,7.080811,-1.000000,0.000000,-0.000135,0.000000,1.000000,0.000000,0.000135,0.000000,-1.000000),fov=30.357101,dt=0.042030},
	{cf=CFrame.new(0.000000,16.273821,6.015930,-1.000000,0.000000,-0.000135,0.000000,1.000000,0.000000,0.000135,0.000000,-1.000000),fov=30.356480,dt=0.046197},
	{cf=CFrame.new(0.000000,16.275000,5.223389,-1.000000,0.000000,-0.000135,0.000000,1.000000,0.000000,0.000135,0.000000,-1.000000),fov=30.355892,dt=0.038604},
	{cf=CFrame.new(0.000000,16.276064,4.507996,-1.000000,0.000000,-0.000135,0.000000,1.000000,0.000000,0.000135,0.000000,-1.000000),fov=30.355330,dt=0.044945},
	{cf=CFrame.new(0.000000,16.277025,3.862427,-1.000000,0.000000,-0.000136,0.000000,1.000000,0.000000,0.000136,0.000000,-1.000000),fov=30.354536,dt=0.044924},
	{cf=CFrame.new(0.000000,16.277891,3.279724,-1.000000,0.000000,-0.000135,0.000000,1.000000,0.000000,0.000135,0.000000,-1.000000),fov=30.353781,dt=0.043943},
	{cf=CFrame.new(0.000000,16.278820,2.654907,-1.000000,0.000000,-0.000135,0.000000,1.000000,0.000000,0.000135,0.000000,-1.000000),fov=30.353312,dt=0.031434},
	{cf=CFrame.new(-0.000122,16.279379,2.279114,-1.000000,0.000000,-0.000135,0.000000,1.000000,0.000000,0.000135,0.000000,-1.000000),fov=30.352871,dt=0.047545},
	{cf=CFrame.new(0.000000,16.280016,1.850708,-1.000000,0.000000,-0.000135,0.000000,1.000000,0.000000,0.000135,0.000000,-1.000000),fov=30.352247,dt=0.038560},
	{cf=CFrame.new(0.000000,16.280592,1.464050,-1.000000,0.000000,-0.000135,0.000000,1.000000,0.000000,0.000135,0.000000,-1.000000),fov=30.351856,dt=0.061883},
	{cf=CFrame.new(0.000000,16.281111,1.115051,-1.000000,0.000000,-0.000136,0.000000,1.000000,0.000000,0.000136,0.000000,-1.000000),fov=30.351137,dt=0.038835},
	{cf=CFrame.new(0.000000,16.281754,0.682922,-1.000000,0.000000,-0.000135,0.000000,1.000000,0.000000,0.000135,0.000000,-1.000000),fov=30.350803,dt=0.025355},
	{cf=CFrame.new(0.000000,16.282042,0.488586,-1.000000,0.000000,-0.000135,0.000000,1.000000,0.000000,0.000135,0.000000,-1.000000),fov=30.350487,dt=0.038498},
	{cf=CFrame.new(0.000000,16.282347,0.283386,-1.000000,0.000000,-0.000135,0.000000,1.000000,0.000000,0.000135,0.000000,-1.000000),fov=30.350193,dt=0.043069},
	{cf=CFrame.new(0.000000,16.282728,0.027710,-1.000000,0.000000,-0.000135,0.000000,1.000000,0.000000,0.000135,0.000000,-1.000000),fov=30.349785,dt=0.044700},
	{cf=CFrame.new(0.000000,16.283039,-0.181274,-1.000000,0.000000,-0.000135,0.000000,1.000000,0.000000,0.000135,0.000000,-1.000000),fov=30.349411,dt=0.038542},
	{cf=CFrame.new(0.000000,16.283319,-0.369934,-1.000000,0.000000,-0.000136,0.000000,1.000000,0.000000,0.000136,0.000000,-1.000000),fov=30.349182,dt=0.041383},
	{cf=CFrame.new(0.000000,16.283573,-0.540161,-1.000000,0.000000,0.000135,0.000000,1.000000,0.000000,-0.000135,0.000000,-1.000000),fov=30.348978,dt=0.040078},
	{cf=CFrame.new(0.000000,16.283802,-0.693787,-1.000000,0.000000,-0.000135,0.000000,1.000000,0.000000,0.000135,0.000000,-1.000000),fov=30.348692,dt=0.046498},
	{cf=CFrame.new(0.000000,16.284006,-0.832458,-1.000000,0.000000,-0.000135,0.000000,1.000000,0.000000,0.000135,0.000000,-1.000000),fov=30.348440,dt=0.042566},
	{cf=CFrame.new(0.000000,16.284140,-0.921631,-1.000000,0.000000,-0.000135,0.000000,1.000000,0.000000,0.000135,0.000000,-1.000000),fov=30.348284,dt=0.045376},
	{cf=CFrame.new(0.000000,16.284313,-1.037903,-1.000000,0.000000,-0.000135,0.000000,1.000000,0.000000,0.000135,0.000000,-1.000000),fov=30.348072,dt=0.040271},
	{cf=CFrame.new(-0.000122,16.284470,-1.143250,-1.000000,0.000000,-0.000135,0.000000,1.000000,0.000000,0.000135,0.000000,-1.000000),fov=30.347950,dt=0.036289},
	{cf=CFrame.new(-0.000122,16.284611,-1.237915,-1.000000,0.000000,-0.000135,0.000000,1.000000,0.000000,0.000135,0.000000,-1.000000),fov=30.347843,dt=0.042961},
	{cf=CFrame.new(0.000000,16.284739,-1.323730,-1.000000,0.000000,-0.000135,0.000000,1.000000,0.000000,0.000135,0.000000,-1.000000),fov=30.347692,dt=0.043168},
	{cf=CFrame.new(0.000000,16.284842,-1.393555,-1.000000,0.000000,-0.000135,0.000000,1.000000,0.000000,0.000135,0.000000,-1.000000),fov=30.347586,dt=0.052362},
	{cf=CFrame.new(0.000000,16.284956,-1.470764,-1.000000,0.000000,-0.000135,0.000000,1.000000,0.000000,0.000135,0.000000,-1.000000),fov=30.347494,dt=0.032582},
	{cf=CFrame.new(0.000000,16.285042,-1.527649,-1.000000,0.000000,0.000135,0.000000,1.000000,0.000000,-0.000135,0.000000,-1.000000),fov=30.347439,dt=0.040206},
	{cf=CFrame.new(0.000000,16.285128,-1.585022,-1.000000,0.000000,-0.000136,0.000000,1.000000,0.000000,0.000136,0.000000,-1.000000),fov=30.347382,dt=0.045702},
	{cf=CFrame.new(-0.000122,16.285212,-1.641724,-1.000000,0.000000,-0.000135,0.000000,1.000000,0.000000,0.000135,0.000000,-1.000000),fov=30.347313,dt=0.031346},
	{cf=CFrame.new(-0.000122,16.285267,-1.679138,-1.000000,0.000000,-0.000135,0.000000,1.000000,0.000000,0.000135,0.000000,-1.000000),fov=30.347275,dt=0.029072},
	{cf=CFrame.new(0.000000,16.285318,-1.713623,-1.000000,0.000000,-0.000135,0.000000,1.000000,0.000000,0.000135,0.000000,-1.000000),fov=30.347260,dt=0.040647},
	{cf=CFrame.new(0.000000,16.285370,-1.749207,-1.000000,0.000000,-0.000135,0.000000,1.000000,0.000000,0.000135,0.000000,-1.000000),fov=30.347221,dt=0.037305},
	{cf=CFrame.new(0.000000,16.285419,-1.781616,-1.000000,0.000000,-0.000135,0.000000,1.000000,0.000000,0.000135,0.000000,-1.000000),fov=30.347197,dt=0.036877},
	{cf=CFrame.new(0.000000,16.285463,-1.811096,-1.000000,0.000000,0.000135,0.000000,1.000000,0.000000,-0.000135,0.000000,-1.000000),fov=30.347187,dt=0.038946},
	{cf=CFrame.new(0.000000,16.285503,-1.838074,-1.000000,0.000000,-0.000135,0.000000,1.000000,0.000000,0.000135,0.000000,-1.000000),fov=30.347168,dt=0.036830},
	{cf=CFrame.new(0.000000,16.285540,-1.862671,-1.000000,0.000000,-0.000135,0.000000,1.000000,0.000000,0.000135,0.000000,-1.000000),fov=30.347162,dt=0.047245},
	{cf=CFrame.new(0.000000,16.285580,-1.889709,-1.000000,0.000000,-0.000135,0.000000,1.000000,0.000000,0.000135,0.000000,-1.000000),fov=30.347157,dt=0.040157},
	{cf=CFrame.new(0.000000,16.285612,-1.911926,-1.000000,0.000000,-0.000135,0.000000,1.000000,0.000000,0.000135,0.000000,-1.000000),fov=30.347147,dt=0.036866},
	{cf=CFrame.new(0.000000,16.285641,-1.929932,-1.000000,0.000000,-0.000135,0.000000,1.000000,0.000000,0.000135,0.000000,-1.000000),fov=30.347147,dt=0.044540},
	{cf=CFrame.new(0.000000,16.285669,-1.949890,-1.000000,0.000000,-0.000135,0.000000,1.000000,0.000000,0.000135,0.000000,-1.000000),fov=30.493933,dt=0.059865},
	{cf=CFrame.new(0.000000,16.285700,-1.970703,-1.000000,0.000000,-0.000136,0.000000,1.000000,0.000000,0.000136,0.000000,-1.000000),fov=32.674950,dt=0.037840},
	{cf=CFrame.new(0.000000,16.285721,-1.984924,-1.000000,0.000000,-0.000135,0.000000,1.000000,0.000000,0.000135,0.000000,-1.000000),fov=33.409847,dt=0.059502},
	{cf=CFrame.new(-0.000122,16.285738,-1.996582,-1.000000,0.000000,-0.000135,0.000000,1.000000,0.000000,0.000135,0.000000,-1.000000),fov=33.591602,dt=0.021721},
	{cf=CFrame.new(0.000000,16.285755,-2.007751,-1.000000,0.000000,-0.000135,0.000000,1.000000,0.000000,0.000135,0.000000,-1.000000),fov=33.652328,dt=0.030882},
	{cf=CFrame.new(0.000000,16.285763,-2.012634,-1.000000,0.000000,-0.000135,0.000000,1.000000,0.000000,0.000135,0.000000,-1.000000),fov=33.679699,dt=0.040241},
	{cf=CFrame.new(0.000000,16.285778,-2.022766,-1.000000,0.000000,-0.000135,0.000000,1.000000,0.000000,0.000135,0.000000,-1.000000),fov=33.686966,dt=0.042375},
	{cf=CFrame.new(0.000000,16.285791,-2.031921,-1.000000,0.000000,-0.000135,0.000000,1.000000,0.000000,0.000135,0.000000,-1.000000),fov=33.686115,dt=0.038101},
	{cf=CFrame.new(0.000000,16.285803,-2.039429,-1.000000,0.000000,-0.000135,0.000000,1.000000,0.000000,0.000135,0.000000,-1.000000),fov=33.678188,dt=0.038771},
	{cf=CFrame.new(0.000000,16.285812,-2.046265,-1.000000,0.000000,-0.000135,0.000000,1.000000,0.000000,0.000135,0.000000,-1.000000),fov=33.656693,dt=0.038131},
	{cf=CFrame.new(0.000000,16.285822,-2.052490,-1.000000,0.000000,-0.000135,0.000000,1.000000,0.000000,0.000135,0.000000,-1.000000),fov=33.614922,dt=0.040382},
	{cf=CFrame.new(0.000000,16.285831,-2.059326,-1.000000,0.000000,-0.000135,0.000000,1.000000,0.000000,0.000135,0.000000,-1.000000),fov=33.546265,dt=0.036259},
	{cf=CFrame.new(0.000000,16.285839,-2.063843,-1.000000,0.000000,-0.000135,0.000000,1.000000,0.000000,0.000135,0.000000,-1.000000),fov=33.444351,dt=0.038095},
	{cf=CFrame.new(0.176758,16.515614,-2.122742,-0.999610,0.003135,-0.027763,0.003319,0.999973,-0.006573,0.027742,-0.006662,-0.999593),fov=33.303123,dt=0.041397},
	{cf=CFrame.new(-0.524780,16.203583,-2.369019,-0.998846,0.006690,-0.047571,0.007895,0.999652,-0.025189,0.047386,-0.025535,-0.998550),fov=8.663634,dt=0.034828},
	{cf=CFrame.new(0.062012,16.355955,-2.349243,-0.999687,0.004777,-0.024550,0.005281,0.999776,-0.020481,0.024446,-0.020604,-0.999489),fov=13.702870,dt=0.049732},
	{cf=CFrame.new(0.003418,16.279070,-2.233826,-0.999946,0.003511,-0.009785,0.003641,0.999905,-0.013248,0.009737,-0.013283,-0.999865),fov=38.796864,dt=0.025068},
	{cf=CFrame.new(0.013428,16.334110,-2.160034,-0.999987,0.003011,-0.004205,0.003045,0.999962,-0.008114,0.004180,-0.008127,-0.999958),fov=42.035103,dt=0.035764},
	{cf=CFrame.new(0.041870,16.425577,-2.093872,-0.999996,0.002728,-0.001150,0.002731,0.999993,-0.002737,0.001142,-0.002740,-0.999996),fov=50.021255,dt=0.030697},
	{cf=CFrame.new(0.019531,16.366617,-2.071350,-0.999996,0.002675,-0.000622,0.002675,0.999996,-0.000375,0.000621,-0.000377,-1.000000),fov=51.865852,dt=0.036779},
	{cf=CFrame.new(-0.062866,16.310511,-2.066711,-0.999963,0.008506,-0.001640,0.008506,0.999964,0.000170,0.001641,0.000156,-0.999999),fov=55.090382,dt=0.060574},
	{cf=CFrame.new(-0.071289,16.296810,-2.067810,-0.999692,0.024422,-0.004407,0.024421,0.999702,0.000304,0.004413,0.000197,-0.999990),fov=56.857712,dt=0.021191},
	{cf=CFrame.new(0.003540,16.275667,-2.073914,-0.999273,0.037530,-0.006739,0.037528,0.999296,0.000397,0.006749,0.000144,-0.999977),fov=57.735748,dt=0.041384},
	{cf=CFrame.new(0.001953,16.283913,-2.072388,-0.999335,0.036177,-0.004595,0.036185,0.999344,-0.001650,0.004533,-0.001815,-0.999988),fov=63.756638,dt=0.035035},
	{cf=CFrame.new(-0.003540,16.289642,-2.068909,-0.999590,0.028622,0.000897,0.028617,0.999573,-0.005876,-0.001065,-0.005848,-0.999982),fov=73.959969,dt=0.043723},
	{cf=CFrame.new(-0.001221,16.285297,-2.067017,-0.999830,0.017532,0.005727,0.017482,0.999810,-0.008638,-0.005877,-0.008536,-0.999946),fov=91.533096,dt=0.033293},
	{cf=CFrame.new(0.001343,16.279593,-2.066467,-0.999925,0.008804,0.008474,0.008722,0.999915,-0.009723,-0.008559,-0.009649,-0.999917),fov=91.533096,dt=0.046510},
	{cf=CFrame.new(0.002563,16.274288,-2.066345,-0.999945,0.004528,0.009469,0.004433,0.999940,-0.009976,-0.009513,-0.009934,-0.999906),fov=91.533096,dt=0.038556},
	{cf=CFrame.new(0.001831,16.270847,-2.066345,-0.999955,0.003767,0.008732,0.003680,0.999944,-0.009920,-0.008769,-0.009887,-0.999913),fov=91.533096,dt=0.035191},
	{cf=CFrame.new(0.000732,16.269180,-2.066345,-0.999969,0.003287,0.007136,0.003218,0.999948,-0.009642,-0.007167,-0.009619,-0.999928),fov=91.533096,dt=0.059316},
	{cf=CFrame.new(-0.001343,16.267302,-2.066406,-0.999986,0.002909,0.004448,0.002871,0.999958,-0.008636,-0.004473,-0.008623,-0.999953),fov=91.533096,dt=0.063439},
	{cf=CFrame.new(-0.003784,16.261963,-2.066528,-0.999996,0.002704,0.001242,0.002697,0.999980,-0.005729,-0.001258,-0.005726,-0.999983),fov=91.533096,dt=0.062187},
	{cf=CFrame.new(-0.004883,16.249596,-2.066772,-0.999996,0.002673,-0.000623,0.002674,0.999996,-0.000443,0.000622,-0.000445,-1.000000),fov=91.533096,dt=0.057983},
	{cf=CFrame.new(1.749023,15.282673,-2.477966,-0.953848,0.043123,0.297177,0.130137,0.951237,0.279666,-0.270625,0.305432,-0.912948),fov=91.533096,dt=0.052677},
	{cf=CFrame.new(1.823608,15.197271,-2.426331,-0.956060,-0.020329,0.292467,0.063598,0.959456,0.274590,-0.286192,0.281125,-0.916004),fov=91.533096,dt=0.057669},
	{cf=CFrame.new(1.695312,15.202450,-2.493225,-0.951427,-0.123615,0.281968,-0.046872,0.963336,0.264171,-0.304285,0.238123,-0.922338),fov=91.533096,dt=0.078512},
	{cf=CFrame.new(1.744263,15.250515,-2.457520,-0.927588,-0.260381,0.267924,-0.195012,0.949126,0.247246,-0.318671,0.177093,-0.931175),fov=91.533096,dt=0.033799},
	{cf=CFrame.new(1.685547,15.260443,-2.473633,-0.893042,-0.368994,0.257526,-0.313832,0.920899,0.231204,-0.322468,0.125655,-0.938203),fov=91.533096,dt=0.062909},
	{cf=CFrame.new(1.605469,15.348923,-2.492615,-0.853355,-0.457541,0.249883,-0.411428,0.885427,0.216206,-0.320176,0.081692,-0.943829),fov=91.533096,dt=0.060557},
	{cf=CFrame.new(1.981079,15.572538,-3.049194,-0.851998,-0.456566,0.256216,-0.400329,0.883518,0.243172,-0.337396,0.104612,-0.935532),fov=91.533096,dt=0.061390},
	{cf=CFrame.new(2.358765,15.796581,-3.754150,-0.875578,-0.276177,0.396345,-0.216769,0.957839,0.188560,-0.431711,0.079184,-0.898530),fov=19.911833,dt=0.063344},
	{cf=CFrame.new(2.731079,15.905241,-2.709290,-0.774349,-0.231412,0.588925,-0.122010,0.967866,0.219887,-0.620884,0.098414,-0.777700),fov=19.985212,dt=0.056309},
	{cf=CFrame.new(2.365723,16.009914,-2.969910,-0.793479,-0.197842,0.575544,-0.070654,0.969238,0.235766,-0.604483,0.146411,-0.783048),fov=20.079685,dt=0.059536},
	{cf=CFrame.new(2.372925,16.040449,-2.836304,-0.856786,-0.285262,0.429585,-0.193184,0.949950,0.245510,-0.478119,0.127360,-0.869012),fov=20.216412,dt=0.025559},
	{cf=CFrame.new(2.525757,16.110102,-2.812927,-0.771342,-0.274482,0.574188,-0.155104,0.956086,0.248681,-0.617231,0.102760,-0.780042),fov=20.246891,dt=0.026065},
	{cf=CFrame.new(2.578735,16.084145,-2.786194,-0.770429,-0.275979,0.574696,-0.159170,0.956166,0.245787,-0.617337,0.097887,-0.780586),fov=20.297316,dt=0.026537},
	{cf=CFrame.new(2.613892,15.962795,-2.778809,-0.768290,-0.280481,0.575379,-0.167942,0.955723,0.241639,-0.617678,0.089018,-0.781377),fov=20.315496,dt=0.037000},
	{cf=CFrame.new(2.557007,16.038305,-2.803833,-0.762811,-0.294346,0.575744,-0.187565,0.952827,0.238620,-0.618821,0.074032,-0.782036),fov=20.416544,dt=0.036299},
	{cf=CFrame.new(2.547485,16.082699,-2.800659,-0.758908,-0.304653,0.575539,-0.200222,0.950167,0.238944,-0.619653,0.066101,-0.782087),fov=32.258327,dt=0.034112},
	{cf=CFrame.new(2.608643,16.026627,-2.780396,-0.759788,-0.302478,0.575525,-0.197319,0.950716,0.239173,-0.619506,0.068159,-0.782028),fov=34.059761,dt=0.028864},
	{cf=CFrame.new(2.558228,16.047153,-2.820679,-0.761523,-0.298025,0.575555,-0.191618,0.951841,0.239335,-0.619165,0.071973,-0.781956),fov=34.934731,dt=0.052967},
	{cf=CFrame.new(2.469727,16.028927,-2.863953,-0.762935,-0.294344,0.575579,-0.186911,0.952743,0.239469,-0.618865,0.075118,-0.781897),fov=35.183502,dt=0.026101},
	{cf=CFrame.new(2.503296,16.030529,-2.840759,-0.760413,-0.300821,0.575568,-0.194193,0.951026,0.240496,-0.619727,0.071104,-0.781590),fov=35.183502,dt=0.034397},
	{cf=CFrame.new(2.517334,16.047199,-2.835083,-0.756635,-0.310262,0.575536,-0.204824,0.948411,0.241999,-0.620928,0.065221,-0.781150),fov=35.183502,dt=0.018821},
	{cf=CFrame.new(2.568970,16.050804,-2.802979,-0.755186,-0.313801,0.575519,-0.208814,0.947396,0.242565,-0.621362,0.063006,-0.780987),fov=35.183502,dt=0.029032},
	{cf=CFrame.new(2.566895,16.045086,-2.790771,-0.755495,-0.313052,0.575522,-0.207968,0.947613,0.242445,-0.621270,0.063476,-0.781021),fov=35.183502,dt=0.031379},
	{cf=CFrame.new(2.578125,16.033728,-2.788330,-0.758971,-0.304464,0.575557,-0.198293,0.950033,0.241075,-0.620197,0.068840,-0.781420),fov=35.183502,dt=0.038110},
	{cf=CFrame.new(2.556152,16.065916,-2.806335,-0.762501,-0.295469,0.575578,-0.188175,0.952449,0.239647,-0.619017,0.074422,-0.781844),fov=35.183502,dt=0.023720},
	{cf=CFrame.new(2.562744,15.998804,-2.810547,-0.762935,-0.294343,0.575580,-0.186909,0.952743,0.239469,-0.618866,0.075118,-0.781897),fov=35.183502,dt=0.025754},
	{cf=CFrame.new(2.520020,16.042618,-2.831238,-0.762935,-0.294343,0.575580,-0.186909,0.952743,0.239469,-0.618866,0.075118,-0.781897),fov=35.183502,dt=0.038434},
	{cf=CFrame.new(2.662720,15.996071,-2.456055,-0.691231,-0.279496,0.666395,-0.167121,0.959004,0.228871,-0.703044,0.046834,-0.709603),fov=35.183502,dt=0.024336},
	{cf=CFrame.new(1.452148,4.104633,69.230042,0.991539,0.119948,0.049640,-0.111091,0.981876,-0.153554,-0.067159,0.146740,0.986893),fov=35.183502,dt=0.024968},
	{cf=CFrame.new(1.452026,4.074095,69.692017,0.991539,0.119948,0.049640,-0.111091,0.981876,-0.153554,-0.067159,0.146740,0.986893),fov=35.183502,dt=0.055345},
	{cf=CFrame.new(1.452026,4.003854,70.747925,0.991539,0.119948,0.049640,-0.111091,0.981876,-0.153554,-0.067159,0.146740,0.986893),fov=35.183502,dt=0.024686},
	{cf=CFrame.new(1.452026,3.938566,71.716797,0.991539,0.119948,0.049640,-0.111091,0.981876,-0.153554,-0.067159,0.146740,0.986893),fov=35.183502,dt=0.031222},
	{cf=CFrame.new(1.452026,3.905439,72.202271,0.991539,0.119948,0.049640,-0.111091,0.981876,-0.153554,-0.067159,0.146740,0.986893),fov=35.183502,dt=0.031607},
	{cf=CFrame.new(1.452026,3.878803,72.588989,0.991539,0.119948,0.049640,-0.111091,0.981876,-0.153554,-0.067159,0.146740,0.986893),fov=35.183502,dt=0.032034},
	{cf=CFrame.new(1.452026,3.861725,72.837280,0.991539,0.119948,0.049640,-0.111091,0.981876,-0.153554,-0.067159,0.146740,0.986893),fov=35.183502,dt=0.033777},
	{cf=CFrame.new(1.452026,3.852082,72.983765,0.991539,0.119948,0.049640,-0.111091,0.981876,-0.153554,-0.067159,0.146740,0.986893),fov=35.183502,dt=0.040986},
	{cf=CFrame.new(1.452026,3.847322,73.078735,0.991539,0.119948,0.049640,-0.111091,0.981876,-0.153554,-0.067159,0.146740,0.986893),fov=35.183502,dt=0.032845},
	{cf=CFrame.new(1.452026,3.846571,73.130859,0.991539,0.119948,0.049640,-0.111091,0.981876,-0.153554,-0.067159,0.146740,0.986893),fov=35.183502,dt=0.029303},
	{cf=CFrame.new(1.329346,3.913346,73.164978,0.995201,0.089620,0.039283,-0.080943,0.979562,-0.184137,-0.054982,0.180074,0.982115),fov=35.183502,dt=0.062986},
	{cf=CFrame.new(1.401611,3.791328,73.140015,0.996793,-0.016895,0.078224,0.032730,0.978041,-0.205826,-0.073029,0.207726,0.975457),fov=35.183502,dt=0.035066},
	{cf=CFrame.new(1.376953,3.877281,73.155212,0.985905,0.160383,-0.047628,-0.163854,0.983139,-0.081174,0.033806,0.087834,0.995561),fov=35.183502,dt=0.032709},
	{cf=CFrame.new(1.372925,3.816940,73.146179,0.985837,0.166667,-0.018674,-0.167531,0.983796,-0.063859,0.007728,0.066083,0.997784),fov=35.183502,dt=0.038920},
	{cf=CFrame.new(1.372437,3.779751,73.140991,0.985816,0.167827,-0.001380,-0.167595,0.983950,-0.061278,-0.008926,0.060640,0.998120),fov=35.183502,dt=0.033034},
	{cf=CFrame.new(1.369141,3.782232,73.147644,0.985424,0.170104,-0.001820,-0.169941,0.983881,-0.055660,-0.007677,0.055158,0.998448),fov=35.183502,dt=0.025122},
	{cf=CFrame.new(1.358032,3.790571,73.156311,0.984073,0.177711,-0.004409,-0.177707,0.982801,-0.050217,-0.004591,0.050200,0.998729),fov=35.183502,dt=0.031681},
	{cf=CFrame.new(1.315186,3.822586,73.167480,0.978260,0.206810,-0.015413,-0.207292,0.977332,-0.043027,0.006165,0.045287,0.998955),fov=35.183502,dt=0.045156},
	{cf=CFrame.new(0.931274,17.423712,-1.366699,-0.987325,-0.121919,0.101618,-0.042754,0.820889,0.569485,-0.152848,0.557922,-0.815696),fov=35.183502,dt=0.041850},
	{cf=CFrame.new(0.822388,17.410212,-1.364929,-0.989282,-0.109210,0.096927,-0.035790,0.824902,0.564140,-0.141565,0.554625,-0.819970),fov=35.183502,dt=0.034233},
	{cf=CFrame.new(0.734375,17.364414,-1.352356,-0.993487,-0.076387,0.084556,-0.016906,0.832633,0.553567,-0.112689,0.548532,-0.828501),fov=35.183502,dt=0.037511},
	{cf=CFrame.new(0.669678,17.262669,-1.309875,-0.997663,-0.024121,0.063933,0.014123,0.842629,0.538309,-0.066856,0.537954,-0.840319),fov=35.183502,dt=0.036956},
	{cf=CFrame.new(0.638062,17.075113,-1.203369,-0.998643,0.033018,0.040275,0.049222,0.851038,0.522792,-0.017014,0.524065,-0.851508),fov=35.183502,dt=0.031815},
	{cf=CFrame.new(0.630859,16.894327,-1.081665,-0.997705,0.061694,0.027899,0.067239,0.854326,0.515370,0.007960,0.516063,-0.856514),fov=35.183502,dt=0.038110},
	{cf=CFrame.new(0.629761,16.555431,-0.799744,-0.997145,0.070441,0.027209,0.074417,0.855504,0.512421,0.012818,0.512982,-0.858303),fov=35.183502,dt=0.035956},
	{cf=CFrame.new(0.634888,16.257641,-0.404419,-0.997531,0.038354,0.058825,0.063299,0.853811,0.516721,-0.030407,0.519169,-0.854131),fov=35.183502,dt=0.035358},
	{cf=CFrame.new(0.655762,16.042461,-0.051147,-0.994420,-0.043034,0.096320,0.015719,0.842391,0.538638,-0.104319,0.537146,-0.837014),fov=35.183502,dt=0.037404},
	{cf=CFrame.new(0.748047,16.203129,-0.026306,-0.972745,-0.210003,0.098317,-0.105064,0.777153,0.620480,-0.206710,0.593239,-0.778035),fov=35.183502,dt=0.030591},
	{cf=CFrame.new(0.822144,16.288254,-0.060608,-0.966077,-0.232797,0.111807,-0.108094,0.757686,0.643605,-0.234543,0.609686,-0.757147),fov=35.183502,dt=0.032934},
	{cf=CFrame.new(0.838989,16.129347,-0.030273,-0.970350,-0.195071,0.142716,-0.059591,0.765310,0.640898,-0.234242,0.613391,-0.754243),fov=35.183502,dt=0.052526},
	{cf=CFrame.new(0.869751,16.083473,0.063171,-0.967594,-0.192828,0.163031,-0.044964,0.766895,0.640196,-0.248476,0.612119,-0.750713),fov=35.183502,dt=0.020057},
	{cf=CFrame.new(0.897217,16.116129,0.135803,-0.962122,-0.220048,0.160934,-0.067752,0.764807,0.640687,-0.264065,0.605515,-0.750747),fov=35.183502,dt=0.024810},
	{cf=CFrame.new(0.899902,16.111509,0.165039,-0.959495,-0.234410,0.156273,-0.083894,0.767273,0.635810,-0.268945,0.596946,-0.755860),fov=35.183502,dt=0.025718},
	{cf=CFrame.new(0.897217,16.069189,0.180969,-0.957886,-0.244323,0.150866,-0.101420,0.779395,0.618269,-0.268642,0.576930,-0.771352),fov=35.183502,dt=0.037108},
	{cf=CFrame.new(0.891968,15.986792,0.189941,-0.957747,-0.248770,0.144340,-0.120034,0.801792,0.585424,-0.261366,0.543362,-0.797775),fov=35.183502,dt=0.043390},
	{cf=CFrame.new(0.892090,15.963409,0.227417,-0.959702,-0.243704,0.139927,-0.120910,0.807575,0.577238,-0.253677,0.537058,-0.804498),fov=35.183502,dt=0.014451},
	{cf=CFrame.new(0.895264,16.955055,0.251709,-0.961399,-0.236539,0.140575,-0.113172,0.805598,0.581554,-0.250807,0.543196,-0.801270),fov=35.183502,dt=0.044100},
	{cf=CFrame.new(0.903687,16.940845,0.301880,-0.965151,-0.218533,0.143971,-0.092661,0.799884,0.592959,-0.244741,0.558954,-0.792258),fov=16.416105,dt=0.032786},
	{cf=CFrame.new(0.906372,17.829838,0.316528,-0.966278,-0.212770,0.145041,-0.085908,0.797356,0.597364,-0.242750,0.564759,-0.788746),fov=18.157459,dt=0.040349},
	{cf=CFrame.new(0.905273,17.582615,0.316162,-0.966459,-0.212654,0.143998,-0.086017,0.796339,0.598703,-0.241988,0.566235,-0.787921),fov=19.659969,dt=0.034872},
	{cf=CFrame.new(0.903320,18.283548,0.315491,-0.966650,-0.212494,0.142948,-0.086351,0.795918,0.599215,-0.241105,0.566887,-0.787723),fov=21.139256,dt=0.034413},
	{cf=CFrame.new(0.900024,15.844431,0.314392,-0.966899,-0.212370,0.141442,-0.087046,0.795607,0.599527,-0.239854,0.567370,-0.787757),fov=22.553347,dt=0.032993},
	{cf=CFrame.new(0.897339,15.599769,0.313538,-0.967048,-0.212416,0.140348,-0.087693,0.795438,0.599657,-0.239015,0.567590,-0.787854),fov=24.643782,dt=0.048999},
	{cf=CFrame.new(0.892334,15.904377,0.312134,-0.967185,-0.212869,0.138706,-0.088957,0.795096,0.599924,-0.237989,0.567899,-0.787941),fov=26.424406,dt=0.042001},
	{cf=CFrame.new(0.887085,15.954422,0.311035,-0.967174,-0.213907,0.137182,-0.090542,0.794487,0.600493,-0.237439,0.568360,-0.787775),fov=27.405983,dt=0.023276},
	{cf=CFrame.new(0.884521,15.959600,0.310547,-0.967132,-0.214531,0.136497,-0.091354,0.794129,0.600844,-0.237296,0.568626,-0.787626),fov=29.441793,dt=0.048602},
	{cf=CFrame.new(0.879150,15.965051,0.309631,-0.966967,-0.216198,0.135028,-0.093308,0.793182,0.601794,-0.237209,0.569316,-0.787154),fov=30.966423,dt=0.036728},
	{cf=CFrame.new(0.875366,15.967260,0.309143,-0.966810,-0.217495,0.134065,-0.094718,0.792449,0.602539,-0.237289,0.569843,-0.786748),fov=32.357697,dt=0.033797},
	{cf=CFrame.new(0.872803,15.968516,0.308777,-0.966679,-0.218498,0.133383,-0.095770,0.791881,0.603119,-0.237404,0.570248,-0.786420),fov=34.043167,dt=0.041350},
	{cf=CFrame.new(0.868164,15.970780,0.308289,-0.966409,-0.220390,0.132218,-0.097680,0.790812,0.604215,-0.237723,0.571004,-0.785775),fov=35.483326,dt=0.035727},
	{cf=CFrame.new(0.864624,15.972626,0.307922,-0.966180,-0.221903,0.131361,-0.099161,0.789954,0.605095,-0.238042,0.571605,-0.785242),fov=36.732479,dt=0.031317},
	{cf=CFrame.new(0.860718,15.974898,0.307678,-0.965891,-0.223719,0.130403,-0.100894,0.788924,0.606152,-0.238486,0.572320,-0.784586),fov=38.187546,dt=0.036904},
	{cf=CFrame.new(0.858276,15.976389,0.307495,-0.965698,-0.224883,0.129825,-0.101983,0.788261,0.606831,-0.238802,0.572775,-0.784157),fov=39.397419,dt=0.031067},
	{cf=CFrame.new(0.855713,15.978099,0.307312,-0.965474,-0.226204,0.129195,-0.103202,0.787508,0.607602,-0.239184,0.573291,-0.783663),fov=40.468483,dt=0.027818},
	{cf=CFrame.new(0.854126,15.979198,0.307251,-0.965329,-0.227039,0.128815,-0.103961,0.787033,0.608089,-0.239441,0.573614,-0.783349),fov=41.891788,dt=0.037468},
	{cf=CFrame.new(0.852905,15.980045,0.307190,-0.965216,-0.227677,0.128532,-0.104536,0.786668,0.608461,-0.239645,0.573861,-0.783105),fov=43.320877,dt=0.038254},
	{cf=CFrame.new(0.851929,15.980751,0.307190,-0.965122,-0.228203,0.128305,-0.105005,0.786367,0.608770,-0.239818,0.574065,-0.782903),fov=44.186134,dt=0.023498},
	{cf=CFrame.new(0.375732,-3.085820,5.274841,0.998714,-0.049881,-0.009096,-0.000000,0.179394,-0.983777,0.050704,0.982512,0.179163),fov=45.287155,dt=0.030300},
	{cf=CFrame.new(0.375610,-3.090898,5.275635,0.998714,-0.049881,-0.009096,0.000000,0.179394,-0.983777,0.050704,0.982512,0.179163),fov=46.340187,dt=0.029431},
}

local accumulated = 0
local index = 1
local smoothRootCF = root.CFrame

RunService:BindToRenderStep('FollowCinematic', Enum.RenderPriority.Camera.Value + 1, function(dt)

	accumulated += dt

	smoothRootCF = root.CFrame

	while frames[index] and accumulated >= frames[index].dt do

		accumulated -= frames[index].dt

		local f = frames[index]

		camera.CFrame = smoothRootCF * f.cf
		camera.FieldOfView = f.fov

		index += 1

	end

	if not frames[index] then
		RunService:UnbindFromRenderStep('FollowCinematic')
		camera.CameraType = Enum.CameraType.Custom
	end

end)
