-- Everyone get in the car we're leaving this town now
-- AHHHH?
-- What the...
-- Impossible
-- This isn't the car!
-- NOOOOO
-- NOOO
-- AHHH
-- HERMIT PURPLE!!!

local Players = game:GetService('Players')
local RunService = game:GetService('RunService')

local player = Players.LocalPlayer
local camera = workspace.CurrentCamera

local root = player.Character:WaitForChild('HumanoidRootPart')

camera.CameraType = Enum.CameraType.Scriptable

local frames = {
	{cf=CFrame.new(2.922287,0.167267,-1.056335,0.693083,0.202379,0.691866,0.000177,0.959734,-0.280910,-0.720858,0.194817,0.665140),fov=35.000000,dt=0.027893},
	{cf=CFrame.new(2.857269,0.118073,-0.989853,0.719718,0.202801,0.663987,0.000001,0.956385,-0.292110,-0.694267,0.210238,0.688327),fov=35.000000,dt=0.037298},
	{cf=CFrame.new(2.799133,0.089447,-0.966873,0.724851,0.206907,0.657100,0.000144,0.953786,-0.300486,-0.688906,0.217902,0.691323),fov=35.000000,dt=0.081897},
	{cf=CFrame.new(2.718018,0.017395,-0.923615,0.737948,0.218206,0.638608,0.000296,0.946180,-0.323642,-0.674858,0.239020,0.698166),fov=35.000000,dt=0.126379},
	{cf=CFrame.new(2.703415,-0.067383,-0.877213,0.741247,0.226831,0.631744,0.000119,0.941126,-0.338056,-0.671233,0.250658,0.697580),fov=35.000000,dt=0.117439},
	{cf=CFrame.new(2.758713,-0.178467,-0.820480,0.734587,0.234281,0.636784,-0.000009,0.938501,-0.345276,-0.678514,0.253630,0.689413),fov=35.000000,dt=0.125616},
	{cf=CFrame.new(2.805893,-0.254303,-0.782272,0.728584,0.238887,0.641949,-0.000040,0.937226,-0.348723,-0.684956,0.254048,0.682858),fov=35.000000,dt=0.107341},
	{cf=CFrame.new(5.016205,-1.890442,-1.184402,0.126369,-0.080680,0.988697,0.000000,0.996687,0.081332,-0.991983,-0.010278,0.125950),fov=20.000000,dt=0.079717},
	{cf=CFrame.new(5.016205,-1.890442,-1.184402,0.126369,-0.080680,0.988697,0.000000,0.996687,0.081332,-0.991984,-0.010278,0.125950),fov=20.000000,dt=0.058698},
	{cf=CFrame.new(5.016205,-1.890442,-1.184402,0.126369,-0.080680,0.988697,0.000000,0.996687,0.081332,-0.991983,-0.010278,0.125950),fov=20.000000,dt=0.050129},
	{cf=CFrame.new(5.016205,-1.890442,-1.184402,0.126368,-0.080680,0.988697,-0.000000,0.996687,0.081332,-0.991984,-0.010278,0.125950),fov=20.000000,dt=0.039944},
	{cf=CFrame.new(5.016205,-1.890442,-1.184402,0.126369,-0.080680,0.988697,-0.000000,0.996687,0.081332,-0.991983,-0.010278,0.125950),fov=20.000000,dt=0.050037},
	{cf=CFrame.new(5.016205,-1.890442,-1.184402,0.126369,-0.080680,0.988697,0.000000,0.996687,0.081332,-0.991983,-0.010278,0.125950),fov=20.000000,dt=0.043479},
	{cf=CFrame.new(5.016205,-1.890442,-1.184402,0.126369,-0.080680,0.988697,-0.000000,0.996687,0.081332,-0.991983,-0.010278,0.125950),fov=20.000000,dt=0.041570},
	{cf=CFrame.new(5.016205,-1.890442,-1.184402,0.126369,-0.080680,0.988697,-0.000000,0.996687,0.081332,-0.991983,-0.010278,0.125950),fov=20.000000,dt=0.033958},
	{cf=CFrame.new(5.016205,-1.890442,-1.184402,0.126369,-0.080680,0.988697,0.000000,0.996687,0.081332,-0.991983,-0.010278,0.125950),fov=20.000000,dt=0.042124},
	{cf=CFrame.new(5.016205,-1.890442,-1.184402,0.126369,-0.080680,0.988697,-0.000000,0.996687,0.081332,-0.991983,-0.010278,0.125950),fov=20.000000,dt=0.043491},
	{cf=CFrame.new(5.016205,-1.890442,-1.184402,0.126369,-0.080680,0.988697,0.000000,0.996687,0.081332,-0.991983,-0.010278,0.125950),fov=20.000000,dt=0.041165},
	{cf=CFrame.new(5.016205,-1.890442,-1.184402,0.126369,-0.080680,0.988697,0.000000,0.996687,0.081332,-0.991983,-0.010278,0.125950),fov=20.000000,dt=0.039342},
	{cf=CFrame.new(5.016205,-1.890442,-1.184402,0.126369,-0.080680,0.988697,0.000000,0.996687,0.081332,-0.991984,-0.010278,0.125950),fov=20.000000,dt=0.041003},
	{cf=CFrame.new(5.015182,-1.861450,-1.183762,0.125253,-0.080332,0.988867,-0.000017,0.996716,0.080972,-0.992125,-0.010159,0.124840),fov=20.000000,dt=0.042277},
	{cf=CFrame.new(5.013138,-1.803467,-1.182510,0.123021,-0.079636,0.989204,-0.000051,0.996775,0.080252,-0.992404,-0.009923,0.122621),fov=20.000000,dt=0.037831},
	{cf=CFrame.new(5.010056,-1.716461,-1.180618,0.119673,-0.078591,0.989698,-0.000099,0.996861,0.079172,-0.992814,-0.009572,0.119289),fov=20.000000,dt=0.038548},
	{cf=CFrame.new(5.008011,-1.658478,-1.179321,0.117440,-0.077893,0.990021,-0.000128,0.996918,0.078451,-0.993080,-0.009340,0.117068),fov=20.000000,dt=0.040598},
	{cf=CFrame.new(5.005966,-1.600494,-1.178055,0.115206,-0.077195,0.990338,-0.000156,0.996974,0.077731,-0.993342,-0.009110,0.114845),fov=20.000000,dt=0.043012},
	{cf=CFrame.new(4.999817,-1.426544,-1.174255,0.108501,-0.075098,0.991256,-0.000231,0.997141,0.075569,-0.994097,-0.008428,0.108173),fov=20.000000,dt=0.044945},
	{cf=CFrame.new(4.991043,-1.178040,-1.168854,0.098914,-0.072093,0.992481,-0.000311,0.997370,0.072479,-0.995096,-0.007478,0.098631),fov=20.000000,dt=0.039026},
	{cf=CFrame.new(4.981674,-0.912994,-1.163040,0.088677,-0.068876,0.993676,-0.000365,0.997604,0.069181,-0.996060,-0.006497,0.088439),fov=20.000000,dt=0.044022},
	{cf=CFrame.new(4.967636,-0.515381,-1.154373,0.073304,-0.064032,0.995252,-0.000381,0.997935,0.064233,-0.997310,-0.005087,0.073128),fov=20.000000,dt=0.051572},
	{cf=CFrame.new(4.966705,-0.179108,-1.154022,0.059428,-0.059498,0.996458,-0.000359,0.998221,0.059625,-0.998233,-0.003901,0.059301),fov=20.000000,dt=0.046833},
	{cf=CFrame.new(4.972382,0.126495,-1.157883,0.046298,-0.055115,0.997406,-0.000294,0.998476,0.055187,-0.998928,-0.002848,0.046211),fov=20.000000,dt=0.045348},
	{cf=CFrame.new(4.980240,0.270142,-1.162994,0.039714,-0.052849,0.997813,-0.000251,0.998600,0.052901,-0.999211,-0.002352,0.039645),fov=20.000000,dt=0.052348},
	{cf=CFrame.new(5.004166,0.437256,-1.178421,0.030891,-0.049643,0.998289,-0.000201,0.998766,0.049672,-0.999523,-0.001735,0.030843),fov=20.000000,dt=0.048049},
	{cf=CFrame.new(5.016129,0.520813,-1.186111,0.026479,-0.048037,0.998495,-0.000165,0.998845,0.048058,-0.999650,-0.001438,0.026441),fov=20.000000,dt=0.055969},
	{cf=CFrame.new(5.035599,0.566254,-1.198593,0.023060,-0.046665,0.998645,-0.000155,0.998910,0.046681,-0.999734,-0.001232,0.023027),fov=20.000000,dt=0.042739},
	{cf=CFrame.new(5.045319,0.588989,-1.204819,0.021350,-0.045979,0.998714,-0.000149,0.998942,0.045993,-0.999772,-0.001130,0.021321),fov=20.000000,dt=0.049636},
	{cf=CFrame.new(5.059921,0.623077,-1.214203,0.018786,-0.044949,0.998813,-0.000136,0.998989,0.044960,-0.999824,-0.000981,0.018760),fov=20.000000,dt=0.041431},
	{cf=CFrame.new(5.075790,0.653748,-1.224350,0.016264,-0.043918,0.998903,-0.000125,0.999035,0.043926,-0.999868,-0.000839,0.016243),fov=20.000000,dt=0.044921},
	{cf=CFrame.new(5.088058,0.669586,-1.232193,0.014640,-0.043228,0.998958,-0.000121,0.999065,0.043234,-0.999893,-0.000754,0.014621),fov=20.000000,dt=0.047307},
	{cf=CFrame.new(5.106461,0.693359,-1.243973,0.012204,-0.042193,0.999035,-0.000112,0.999109,0.042197,-0.999926,-0.000627,0.012189),fov=20.000000,dt=0.043461},
	{cf=CFrame.new(5.124863,0.717133,-1.255753,0.009769,-0.041157,0.999105,-0.000101,0.999153,0.041160,-0.999952,-0.000503,0.009756),fov=20.000000,dt=0.035539},
	{cf=CFrame.new(5.137115,0.732971,-1.263596,0.008145,-0.040467,0.999148,-0.000093,0.999181,0.040469,-0.999967,-0.000422,0.008135),fov=20.000000,dt=0.051223},
	{cf=CFrame.new(5.155533,0.756744,-1.275391,0.005710,-0.039430,0.999206,-0.000078,0.999222,0.039432,-0.999984,-0.000303,0.005702),fov=20.000000,dt=0.043125},
	{cf=CFrame.new(5.169632,0.771820,-1.284409,0.003974,-0.038680,0.999244,-0.000067,0.999252,0.038680,-0.999992,-0.000221,0.003969),fov=20.000000,dt=0.030733},
	{cf=CFrame.new(5.179047,0.781830,-1.290421,0.002818,-0.038179,0.999267,-0.000060,0.999271,0.038180,-0.999996,-0.000167,0.002813),fov=20.000000,dt=0.034805},
	{cf=CFrame.new(5.188446,0.791870,-1.296448,0.001661,-0.037679,0.999289,-0.000052,0.999290,0.037679,-0.999999,-0.000114,0.001658),fov=20.000000,dt=0.042764},
	{cf=CFrame.new(5.197845,0.801910,-1.302460,0.000504,-0.037178,0.999309,-0.000043,0.999309,0.037178,-1.000000,-0.000062,0.000502),fov=20.000000,dt=0.026148},
	{cf=CFrame.new(5.205826,0.809021,-1.307556,-0.000419,-0.036772,0.999324,-0.000036,0.999324,0.036772,-1.000000,-0.000021,-0.000420),fov=20.000000,dt=0.032688},
	{cf=CFrame.new(5.212357,0.813263,-1.311737,-0.001109,-0.036462,0.999335,-0.000033,0.999335,0.036462,-1.000000,0.000008,-0.001109),fov=20.000000,dt=0.037490},
	{cf=CFrame.new(5.218903,0.817474,-1.315933,-0.001799,-0.036152,0.999345,-0.000029,0.999346,0.036152,-0.999999,0.000036,-0.001799),fov=20.000000,dt=0.050334},
	{cf=CFrame.new(5.228714,0.823792,-1.322205,-0.002833,-0.035687,0.999359,-0.000022,0.999363,0.035687,-0.999996,0.000079,-0.002832),fov=20.000000,dt=0.024511},
	{cf=CFrame.new(5.231979,0.825897,-1.324310,-0.003178,-0.035531,0.999364,-0.000020,0.999369,0.035531,-0.999995,0.000093,-0.003177),fov=20.000000,dt=0.040311},
	{cf=CFrame.new(5.241791,0.832245,-1.330582,-0.004213,-0.035066,0.999376,-0.000013,0.999385,0.035066,-0.999991,0.000135,-0.004211),fov=20.000000,dt=0.030819},
	{cf=CFrame.new(5.248337,0.836456,-1.334747,-0.004903,-0.034756,0.999384,-0.000008,0.999396,0.034756,-0.999988,0.000163,-0.004900),fov=20.000000,dt=0.026121},
	{cf=CFrame.new(5.251602,0.838562,-1.336838,-0.005248,-0.034600,0.999388,-0.000005,0.999401,0.034601,-0.999986,0.000176,-0.005245),fov=20.000000,dt=0.037495},
	{cf=CFrame.new(5.314743,0.827881,-1.319443,0.008530,-0.033136,0.999415,0.000008,0.999451,0.033137,-0.999964,-0.000274,0.008525),fov=10.000000,dt=0.043672},
	{cf=CFrame.new(5.541672,0.590729,-1.301544,0.012969,0.059447,0.998147,-0.000190,0.998231,-0.059450,-0.999916,0.000581,0.012957),fov=17.544632,dt=0.024127},
	{cf=CFrame.new(5.289139,0.709137,-1.401825,-0.049782,-0.015606,0.998638,0.000000,0.999878,0.015625,-0.998760,0.000778,-0.049776),fov=20.669722,dt=0.028518},
	{cf=CFrame.new(5.316177,0.626007,-1.231766,0.015997,-0.006165,0.999853,0.000129,0.999981,0.006163,-0.999872,0.000030,0.015998),fov=20.830069,dt=0.058533},
	{cf=CFrame.new(5.355713,0.744720,-1.249283,0.032049,-0.016927,0.999343,0.000814,0.999857,0.016910,-0.999486,0.000272,0.032058),fov=21.425406,dt=0.093831},
	{cf=CFrame.new(5.316925,0.575714,-1.128967,0.046986,-0.008045,0.998863,0.030608,0.999510,0.006611,-0.998427,0.030262,0.047209),fov=21.913553,dt=0.076072},
}

local accumulated = 0
local index = 1
local smoothRootCF = root.CFrame

RunService:BindToRenderStep('FollowCinematic', Enum.RenderPriority.Camera.Value + 1, function(dt)

	accumulated += dt

	smoothRootCF = smoothRootCF:Lerp(root.CFrame, 0.35)

	while frames[index] and accumulated >= frames[index].dt do

		accumulated -= frames[index].dt

		local f = frames[index]

		camera.CFrame = smoothRootCF * f.cf
		camera.FieldOfView = f.fov

		index += 1

	end

	if not frames[index] then
		RunService:UnbindFromRenderStep('FollowCinematic')
		camera.CameraType = Enum.CameraType.Custom
	end

end)
