
local Players = game:GetService('Players')
local RunService = game:GetService('RunService')

local player = Players.LocalPlayer
local camera = workspace.CurrentCamera

local root = player.Character:WaitForChild('HumanoidRootPart')

camera.CameraType = Enum.CameraType.Scriptable

local frames = {
	{cf=CFrame.new(-0.054565,20.383041,126.660522,1.000000,-0.000019,0.000089,0.000006,0.989130,0.147044,-0.000091,-0.147044,0.989130),fov=70.000000,dt=0.022906},
	{cf=CFrame.new(-0.071899,22.912247,126.252197,1.000000,-0.000021,0.000095,0.000005,0.985939,0.167104,-0.000097,-0.167104,0.985939),fov=70.000000,dt=0.017161},
	{cf=CFrame.new(-0.083130,26.061920,125.672852,1.000000,-0.000023,0.000103,0.000003,0.981406,0.191946,-0.000105,-0.191946,0.981406),fov=70.000000,dt=0.022226},
	{cf=CFrame.new(-0.096802,29.404053,124.965820,1.000000,-0.000026,0.000111,0.000001,0.975873,0.218339,-0.000114,-0.218339,0.975873),fov=70.000000,dt=0.019891},
	{cf=CFrame.new(-7.737183,24.488512,129.724976,1.000000,-0.000027,0.000115,-0.000000,0.972754,0.231841,-0.000118,-0.231841,0.972754),fov=70.000000,dt=0.058795},
	{cf=CFrame.new(-2.148193,31.065317,125.779053,1.000000,-0.000027,0.000115,-0.000000,0.972697,0.232080,-0.000118,-0.232080,0.972697),fov=70.000000,dt=0.038964},
	{cf=CFrame.new(-0.304077,38.968018,123.058105,1.000000,-0.000027,0.000115,-0.000000,0.972741,0.231896,-0.000118,-0.231896,0.972741),fov=70.000000,dt=0.031352},
	{cf=CFrame.new(3.964844,24.206966,127.924316,1.000000,-0.000027,0.000115,-0.000000,0.972761,0.231812,-0.000118,-0.231812,0.972761),fov=70.000000,dt=0.019344},
	{cf=CFrame.new(-6.518433,31.569162,120.962769,1.000000,-0.000027,0.000115,0.000000,0.972754,0.231840,-0.000118,-0.231840,0.972754),fov=70.000000,dt=0.021190},
	{cf=CFrame.new(0.208618,30.790247,123.557861,1.000000,-0.000027,0.000115,-0.000000,0.972753,0.231842,-0.000118,-0.231842,0.972753),fov=70.000000,dt=0.023144},
	{cf=CFrame.new(2.889771,28.528236,125.877563,1.000000,-0.000027,0.000115,-0.000000,0.972754,0.231841,-0.000118,-0.231841,0.972754),fov=70.000000,dt=0.022728},
	{cf=CFrame.new(-6.880859,29.884178,121.858154,1.000000,-0.000027,0.000115,0.000000,0.972754,0.231841,-0.000118,-0.231841,0.972754),fov=70.000000,dt=0.017785},
	{cf=CFrame.new(-1.087036,29.371630,123.774658,1.000000,-0.000027,0.000115,-0.000000,0.972754,0.231841,-0.000118,-0.231841,0.972754),fov=70.000000,dt=0.021171},
	{cf=CFrame.new(4.794434,32.911533,125.781738,1.000000,-0.000027,0.000115,-0.000000,0.972754,0.231841,-0.000118,-0.231841,0.972754),fov=70.000000,dt=0.020902},
	{cf=CFrame.new(-1.061768,29.686735,124.056763,1.000000,-0.000027,0.000115,-0.000000,0.972754,0.231841,-0.000118,-0.231841,0.972754),fov=70.000000,dt=0.021038},
	{cf=CFrame.new(-3.110840,27.210587,124.337646,1.000000,-0.000027,0.000115,0.000000,0.972754,0.231841,-0.000118,-0.231841,0.972754),fov=70.000000,dt=0.017675},
	{cf=CFrame.new(-0.921143,28.459400,123.998291,1.000000,-0.000027,0.000115,-0.000000,0.972754,0.231841,-0.000118,-0.231841,0.972754),fov=70.000000,dt=0.019650},
	{cf=CFrame.new(-0.192017,31.901350,123.717163,1.000000,-0.000027,0.000115,-0.000000,0.972754,0.231841,-0.000118,-0.231841,0.972754),fov=70.000000,dt=0.020428},
	{cf=CFrame.new(1.060547,32.880936,124.796265,1.000000,-0.000027,0.000115,0.000000,0.972754,0.231841,-0.000118,-0.231841,0.972754),fov=70.000000,dt=0.018974},
	{cf=CFrame.new(-0.339722,29.923857,123.923828,1.000000,-0.000027,0.000115,-0.000000,0.972754,0.231841,-0.000118,-0.231841,0.972754),fov=70.000000,dt=0.015755},
	{cf=CFrame.new(-1.661377,28.357450,123.296875,1.000000,-0.000027,0.000115,0.000000,0.972754,0.231841,-0.000118,-0.231841,0.972754),fov=70.000000,dt=0.025185},
	{cf=CFrame.new(-2.184692,27.784300,123.297119,1.000000,-0.000027,0.000115,-0.000000,0.972754,0.231841,-0.000118,-0.231841,0.972754),fov=70.000000,dt=0.021313},
	{cf=CFrame.new(-1.883789,23.543476,106.311768,1.000000,-0.000022,0.000099,0.000002,0.979720,0.200373,-0.000102,-0.200373,0.979720),fov=63.112034,dt=0.021384},
	{cf=CFrame.new(-1.655273,20.324514,93.419189,1.000000,-0.000018,0.000088,0.000003,0.984328,0.176346,-0.000090,-0.176346,0.984328),fov=57.883785,dt=0.018651},
	{cf=CFrame.new(-1.380615,19.188169,80.055054,0.548000,-0.053275,0.834780,-0.137446,0.978670,0.152686,-0.825109,-0.198409,0.528989),fov=53.942516,dt=0.015849},
	{cf=CFrame.new(-1.151733,16.911621,68.544556,0.312398,-0.061428,0.947963,-0.153197,0.981587,0.114092,-0.937517,-0.180867,0.297236),fov=49.667786,dt=0.019420},
	{cf=CFrame.new(-0.882446,14.285892,55.246460,0.015080,-0.065216,0.997757,-0.157682,0.985229,0.066781,-0.987375,-0.158336,0.004574),fov=44.728962,dt=0.026270},
	{cf=CFrame.new(-0.683350,12.492458,46.101074,-0.190777,-0.065077,0.979474,-0.150941,0.987878,0.036236,-0.969959,-0.140930,-0.198288),fov=41.331741,dt=0.021320},
	{cf=CFrame.new(-0.481201,10.574286,36.359619,-0.401676,-0.060150,0.913805,-0.137980,0.990425,0.004543,-0.905328,-0.124262,-0.406129),fov=37.713245,dt=0.026817},
	{cf=CFrame.new(-0.364624,9.587326,31.292358,-0.503462,-0.057024,0.862134,-0.127590,0.991787,-0.008909,-0.854545,-0.114485,-0.506603),fov=35.830059,dt=0.016216},
	{cf=CFrame.new(-0.206787,8.251722,24.430908,-0.630616,-0.051047,0.774414,-0.111242,0.993476,-0.025098,-0.768081,-0.101975,-0.632181),fov=33.279758,dt=0.025344},
	{cf=CFrame.new(-0.106079,7.487568,20.452148,-0.697127,-0.047349,0.715383,-0.100042,0.994479,-0.031668,-0.709934,-0.093645,-0.698015),fov=31.799570,dt=0.017049},
	{cf=CFrame.new(-0.022095,6.846598,17.114136,-0.748732,-0.043669,0.661433,-0.090262,0.995250,-0.036466,-0.656699,-0.087006,-0.749117),fov=30.557554,dt=0.016046},
	{cf=CFrame.new(0.084229,6.035053,12.883911,-0.808114,-0.038328,0.587778,-0.077410,0.996136,-0.041471,-0.583918,-0.079013,-0.807959),fov=28.983171,dt=0.023298},
	{cf=CFrame.new(0.182373,5.342306,9.229004,-0.853373,-0.033478,0.520226,-0.065655,0.996892,-0.043546,-0.517151,-0.071316,-0.852918),fov=27.621428,dt=0.023716},
	{cf=CFrame.new(0.305786,4.441545,4.490723,-0.903726,-0.026175,0.427310,-0.050381,0.997696,-0.045438,-0.425136,-0.062592,-0.902963),fov=25.855936,dt=0.038016},
	{cf=CFrame.new(0.391968,3.909906,1.608887,-0.929170,-0.021814,0.369009,-0.040630,0.998236,-0.043297,-0.367413,-0.055223,-0.928417),fov=24.779020,dt=0.029318},
	{cf=CFrame.new(0.469971,3.427658,-1.014282,-0.949082,-0.017500,0.314544,-0.031879,0.998666,-0.040628,-0.313413,-0.048587,-0.948373),fov=23.797945,dt=0.033150},
	{cf=CFrame.new(0.545532,2.965473,-3.542847,-0.965257,-0.013061,0.260976,-0.023578,0.999029,-0.037209,-0.260237,-0.042070,-0.964628),fov=22.851299,dt=0.041360},
	{cf=CFrame.new(0.606201,2.632151,-5.421265,-0.975277,-0.009780,0.220770,-0.017419,0.999314,-0.032679,-0.220299,-0.035717,-0.974778),fov=22.145359,dt=0.041040},
	{cf=CFrame.new(0.658813,2.311211,-7.197754,-0.983267,-0.006359,0.182060,-0.011827,0.999510,-0.028964,-0.181787,-0.030632,-0.982861),fov=21.478651,dt=0.053694},
	{cf=CFrame.new(0.692017,2.115135,-8.297607,-0.987458,-0.004253,0.157826,-0.008407,0.999635,-0.025666,-0.157660,-0.026671,-0.987133),fov=21.064980,dt=0.047345},
	{cf=CFrame.new(0.716919,1.910454,-9.368042,-0.991007,-0.001943,0.133795,-0.005227,0.999693,-0.024202,-0.133707,-0.024684,-0.990714),fov=20.666025,dt=0.067718},
	{cf=CFrame.new(0.724243,1.797392,-9.940308,-0.992711,-0.000714,0.120514,-0.003566,0.999719,-0.023446,-0.120464,-0.023705,-0.992435),fov=20.455582,dt=0.054786},
	{cf=CFrame.new(0.721924,1.703773,-10.380737,-0.993975,0.000211,0.109604,-0.002310,0.999736,-0.022876,-0.109580,-0.022991,-0.993712),fov=20.295691,dt=0.062364},
	{cf=CFrame.new(0.704224,1.634319,-10.630493,-0.994806,0.000618,0.101788,-0.001621,0.999759,-0.021911,-0.101777,-0.021962,-0.994565),fov=20.208155,dt=0.050641},
	{cf=CFrame.new(0.677612,1.567533,-10.805786,-0.995505,0.000800,0.094705,-0.001148,0.999789,-0.020508,-0.094701,-0.020524,-0.995294),fov=20.148046,dt=0.049163},
	{cf=CFrame.new(0.634644,1.481907,-10.961426,-0.996282,0.000824,0.086146,-0.000735,0.999836,-0.018070,-0.086147,-0.018066,-0.996119),fov=20.095558,dt=0.063158},
	{cf=CFrame.new(0.573853,1.384470,-11.043701,-0.997024,0.000574,0.077096,-0.000530,0.999898,-0.014298,-0.077096,-0.014296,-0.996921),fov=20.069736,dt=0.045447},
	{cf=CFrame.new(0.504028,1.243841,-11.240356,-0.997962,0.000599,0.063816,0.000001,0.999956,-0.009381,-0.063818,-0.009362,-0.997918),fov=20.000000,dt=0.057628},
	{cf=CFrame.new(0.412964,1.082851,-11.247559,-0.998637,0.000249,0.052194,0.000000,0.999989,-0.004762,-0.052195,-0.004755,-0.998626),fov=20.000000,dt=0.050998},
	{cf=CFrame.new(0.302612,0.825462,-11.268066,-0.999293,0.000156,0.037602,-0.000000,0.999991,-0.004161,-0.037602,-0.004158,-0.999284),fov=20.000000,dt=0.037557},
	{cf=CFrame.new(0.200684,0.585600,-11.309326,-0.999703,0.000140,0.024365,-0.000001,0.999983,-0.005779,-0.024366,-0.005778,-0.999686),fov=20.000000,dt=0.048999},
	{cf=CFrame.new(0.097778,0.368092,-11.375122,-0.999932,0.000093,0.011644,-0.000001,0.999967,-0.008109,-0.011644,-0.008109,-0.999899),fov=20.000000,dt=0.036330},
	{cf=CFrame.new(-0.023804,0.156277,-11.483398,-1.000003,-0.000028,-0.002619,0.000001,0.999948,-0.010870,0.002619,-0.010870,-0.999937),fov=20.000000,dt=0.040933},
	{cf=CFrame.new(-0.175537,-0.026470,-11.665649,-0.999833,-0.000247,-0.018274,-0.000000,0.999909,-0.013489,0.018275,-0.013487,-0.999742),fov=20.000000,dt=0.044234},
	{cf=CFrame.new(-0.309570,-0.114811,-11.864136,-0.999536,-0.000448,-0.030455,0.000000,0.999892,-0.014720,0.030458,-0.014713,-0.999428),fov=20.000000,dt=0.031306},
	{cf=CFrame.new(-0.455322,-0.137938,-12.122559,-0.999117,-0.000620,-0.042003,0.000001,0.999891,-0.014769,0.042008,-0.014756,-0.999008),fov=20.000000,dt=0.036978},
	{cf=CFrame.new(-0.650513,-0.124268,-12.583862,-0.998462,-0.000738,-0.055428,0.000000,0.999911,-0.013318,0.055433,-0.013298,-0.998374),fov=20.000000,dt=0.037645},
	{cf=CFrame.new(-0.808472,-0.102243,-13.051636,-0.997888,-0.000748,-0.064950,0.000000,0.999934,-0.011517,0.064954,-0.011493,-0.997822),fov=20.000000,dt=0.028649},
	{cf=CFrame.new(-0.959351,-0.074675,-13.563477,-0.997326,-0.000707,-0.073071,-0.000000,0.999953,-0.009680,0.073074,-0.009654,-0.997280),fov=20.000000,dt=0.041748},
	{cf=CFrame.new(-1.125488,-0.038128,-14.206421,-0.996721,-0.000645,-0.080907,0.000000,0.999968,-0.007973,0.080909,-0.007947,-0.996690),fov=20.000000,dt=0.041991},
	{cf=CFrame.new(-1.264404,-0.003223,-14.837524,-0.996258,-0.000653,-0.086429,-0.000000,0.999971,-0.007550,0.086432,-0.007521,-0.996229),fov=20.000000,dt=0.042753},
	{cf=CFrame.new(-1.329102,0.014626,-15.226929,-0.996095,-0.000788,-0.088281,-0.000000,0.999961,-0.008920,0.088285,-0.008885,-0.996056),fov=20.000000,dt=0.036969},
	{cf=CFrame.new(-1.342407,0.017063,-15.460327,-0.996140,-0.001088,-0.087771,-0.000000,0.999923,-0.012397,0.087778,-0.012349,-0.996064),fov=20.000000,dt=0.039759},
	{cf=CFrame.new(-1.328003,-0.001595,-15.616577,-0.996274,-0.001645,-0.086230,-0.000000,0.999818,-0.019070,0.086246,-0.018999,-0.996093),fov=20.000000,dt=0.035597},
	{cf=CFrame.new(-1.303223,-0.033813,-15.724243,-0.996418,-0.002313,-0.084533,-0.000000,0.999626,-0.027343,0.084564,-0.027245,-0.996046),fov=20.000000,dt=0.033148},
	{cf=CFrame.new(-1.270508,-0.076157,-15.806763,-0.996574,-0.003060,-0.082646,-0.000000,0.999315,-0.036996,0.082703,-0.036869,-0.995892),fov=20.000000,dt=0.034051},
	{cf=CFrame.new(-1.237915,-0.118395,-15.860352,-0.996713,-0.003728,-0.080931,0.000000,0.998940,-0.046021,0.081017,-0.045870,-0.995657),fov=20.000000,dt=0.027401},
	{cf=CFrame.new(-1.194214,-0.175011,-15.909424,-0.996884,-0.004546,-0.078750,-0.000000,0.998338,-0.057627,0.078881,-0.057447,-0.995227),fov=20.000000,dt=0.036200},
	{cf=CFrame.new(-1.161499,-0.217499,-15.933594,-0.997004,-0.005109,-0.077177,-0.000000,0.997816,-0.066057,0.077346,-0.065859,-0.994827),fov=20.000000,dt=0.025309},
	{cf=CFrame.new(-1.128174,-0.260727,-15.950195,-0.997122,-0.005645,-0.075604,-0.000000,0.997224,-0.074454,0.075814,-0.074239,-0.994354),fov=20.000000,dt=0.037493},
	{cf=CFrame.new(-1.102173,-0.294336,-15.958008,-0.997211,-0.006035,-0.074389,-0.000000,0.996726,-0.080855,0.074633,-0.080629,-0.993946),fov=20.000000,dt=0.033600},
	{cf=CFrame.new(-1.088135,-0.312534,-15.960205,-0.997260,-0.006233,-0.073712,-0.000000,0.996445,-0.084249,0.073975,-0.084018,-0.993715),fov=20.000000,dt=0.027626},
	{cf=CFrame.new(-1.092896,-0.318161,-15.959595,-0.997243,-0.006328,-0.073940,-0.000000,0.996358,-0.085268,0.074210,-0.085033,-0.993611),fov=20.000000,dt=0.031055},
	{cf=CFrame.new(-1.217041,-0.308252,-15.930054,-0.996735,-0.006826,-0.080455,-0.000001,0.996421,-0.084529,0.080744,-0.084253,-0.993168),fov=20.000000,dt=0.032210},
	{cf=CFrame.new(-1.524780,-0.217144,-15.658325,-0.995234,-0.007745,-0.097203,0.000001,0.996839,-0.079442,0.097511,-0.079064,-0.992089),fov=20.000000,dt=0.032390},
	{cf=CFrame.new(-1.719604,-0.042282,-15.136719,-0.994000,-0.007649,-0.109110,-0.000002,0.997552,-0.069918,0.109377,-0.069498,-0.991568),fov=20.000000,dt=0.030444},
	{cf=CFrame.new(-1.600708,0.315544,-14.075317,-0.994522,-0.005114,-0.104399,-0.000018,0.998811,-0.048754,0.104524,-0.048485,-0.993340),fov=20.000000,dt=0.026343},
	{cf=CFrame.new(-0.734863,0.927717,-12.062256,-0.999024,-0.000267,-0.044160,-0.000078,0.999991,-0.004282,0.044161,-0.004274,-0.999015),fov=20.000000,dt=0.034953},
	{cf=CFrame.new(-0.376343,1.137535,-10.579712,-0.999887,0.000229,-0.015043,-0.000001,0.999884,0.015280,0.015045,0.015278,-0.999770),fov=20.000000,dt=0.028410},
	{cf=CFrame.new(-0.343262,1.155920,-10.063232,-0.999919,0.000225,-0.012749,-0.000001,0.999842,0.017751,0.012751,0.017750,-0.999761),fov=20.000000,dt=0.022564},
	{cf=CFrame.new(-0.315796,1.171341,-9.717529,-0.999939,0.000214,-0.011007,-0.000001,0.999810,0.019528,0.011009,0.019527,-0.999749),fov=20.000000,dt=0.028848},
	{cf=CFrame.new(-0.282837,1.190075,-9.320068,-0.999953,0.000203,-0.009667,-0.000001,0.999775,0.021180,0.009669,0.021179,-0.999729),fov=20.000000,dt=0.030593},
	{cf=CFrame.new(-0.260010,1.203257,-9.016724,-0.999951,0.000214,-0.009899,-0.000001,0.999764,0.021729,0.009901,0.021728,-0.999715),fov=20.000000,dt=0.027599},
	{cf=CFrame.new(-0.245728,1.211546,-8.774170,-0.999934,0.000246,-0.011508,-0.000001,0.999770,0.021429,0.011511,0.021428,-0.999704),fov=20.000000,dt=0.029176},
	{cf=CFrame.new(-0.235474,1.217306,-8.516724,-0.999892,0.000300,-0.014721,-0.000001,0.999791,0.020464,0.014724,0.020462,-0.999682),fov=20.000000,dt=0.036395},
	{cf=CFrame.new(-0.232178,1.218767,-8.373535,-0.999853,0.000339,-0.017141,-0.000001,0.999804,0.019809,0.017145,0.019806,-0.999657),fov=20.000000,dt=0.028754},
	{cf=CFrame.new(-0.229126,1.219301,-8.207153,-0.999800,0.000388,-0.019992,-0.000001,0.999811,0.019424,0.019996,0.019420,-0.999611),fov=20.000000,dt=0.030018},
	{cf=CFrame.new(-0.225830,1.219316,-8.081421,-0.999763,0.000427,-0.021754,-0.000001,0.999807,0.019662,0.021759,0.019657,-0.999570),fov=20.000000,dt=0.028233},
	{cf=CFrame.new(-0.223999,1.219316,-8.032104,-0.999750,0.000442,-0.022357,-0.000001,0.999804,0.019788,0.022361,0.019783,-0.999554),fov=20.000000,dt=0.015591},
	{cf=CFrame.new(-0.219727,1.219316,-7.942871,-0.999729,0.000465,-0.023271,-0.000001,0.999800,0.020022,0.023276,0.020017,-0.999529),fov=20.000000,dt=0.023979},
	{cf=CFrame.new(-0.214966,1.219316,-7.861938,-0.999714,0.000483,-0.023917,-0.000001,0.999795,0.020238,0.023922,0.020232,-0.999509),fov=20.000000,dt=0.028829},
	{cf=CFrame.new(-0.207642,1.219316,-7.768066,-0.999703,0.000498,-0.024345,-0.000001,0.999790,0.020496,0.024350,0.020489,-0.999494),fov=20.000000,dt=0.028766},
	{cf=CFrame.new(-0.203003,1.219316,-7.716553,-0.999702,0.000503,-0.024412,-0.000001,0.999787,0.020640,0.024417,0.020634,-0.999489),fov=20.000000,dt=0.018257},
	{cf=CFrame.new(-0.197388,1.219316,-7.660767,-0.999704,0.000506,-0.024340,-0.000001,0.999784,0.020799,0.024346,0.020792,-0.999487),fov=20.000000,dt=0.025934},
	{cf=CFrame.new(-0.192749,1.219316,-7.618896,-0.999707,0.000505,-0.024183,-0.000001,0.999781,0.020919,0.024188,0.020913,-0.999489),fov=20.000000,dt=0.022282},
	{cf=CFrame.new(-0.187500,1.219315,-7.574829,-0.999714,0.000502,-0.023896,-0.000001,0.999779,0.021048,0.023901,0.021042,-0.999493),fov=20.000000,dt=0.029542},
	{cf=CFrame.new(-0.182007,1.219316,-7.530151,-0.999723,0.000497,-0.023517,-0.000001,0.999776,0.021181,0.023522,0.021175,-0.999499),fov=20.000000,dt=0.023577},
	{cf=CFrame.new(-0.177612,1.219316,-7.492310,-0.999732,0.000492,-0.023139,-0.000001,0.999774,0.021294,0.023144,0.021288,-0.999505),fov=20.000000,dt=0.031875},
	{cf=CFrame.new(-0.174561,1.219315,-7.461670,-0.999739,0.000488,-0.022861,-0.000001,0.999771,0.021387,0.022866,0.021382,-0.999510),fov=20.000000,dt=0.028609},
	{cf=CFrame.new(-0.173340,1.219316,-7.443481,-0.999741,0.000487,-0.022749,-0.000001,0.999770,0.021444,0.022754,0.021438,-0.999511),fov=20.000000,dt=0.021629},
	{cf=CFrame.new(-0.172974,1.219196,-7.426147,-0.999741,0.000489,-0.022763,-0.000001,0.999769,0.021498,0.022768,0.021492,-0.999510),fov=20.000000,dt=0.019753},
	{cf=CFrame.new(-0.172974,1.218386,-7.412598,-0.999740,0.000490,-0.022806,-0.000001,0.999768,0.021540,0.022811,0.021535,-0.999508),fov=20.000000,dt=0.030606},
	{cf=CFrame.new(-0.172974,1.216892,-7.405029,-0.999739,0.000492,-0.022833,-0.000001,0.999768,0.021565,0.022838,0.021560,-0.999507),fov=20.000000,dt=0.018338},
	{cf=CFrame.new(-0.172974,1.214834,-7.400269,-0.999739,0.000492,-0.022853,-0.000001,0.999767,0.021582,0.022859,0.021576,-0.999506),fov=20.000000,dt=0.024654},
	{cf=CFrame.new(-0.172974,1.212265,-7.398193,-0.999739,0.000493,-0.022860,-0.000001,0.999767,0.021591,0.022866,0.021585,-0.999505),fov=20.000000,dt=0.019676},
	{cf=CFrame.new(-0.172974,1.208559,-7.399536,-0.999739,0.000493,-0.022858,-0.000001,0.999767,0.021589,0.022863,0.021584,-0.999506),fov=20.000000,dt=0.026401},
	{cf=CFrame.new(-0.172974,1.204288,-7.405029,-0.999739,0.000492,-0.022844,-0.000001,0.999767,0.021576,0.022849,0.021570,-0.999506),fov=20.000000,dt=0.021354},
	{cf=CFrame.new(-0.172974,1.201973,-7.409424,-0.999739,0.000492,-0.022831,-0.000001,0.999767,0.021564,0.022836,0.021558,-0.999507),fov=20.000000,dt=0.013893},
	{cf=CFrame.new(-0.172974,1.197086,-7.421021,-0.999740,0.000490,-0.022799,-0.000001,0.999768,0.021532,0.022804,0.021526,-0.999508),fov=20.000000,dt=0.022878},
	{cf=CFrame.new(-0.173096,1.192766,-7.434448,-0.999741,0.000488,-0.022756,-0.000001,0.999769,0.021494,0.022761,0.021488,-0.999510),fov=20.000000,dt=0.024172},
	{cf=CFrame.new(-0.173096,1.186523,-7.458252,-0.999743,0.000485,-0.022686,-0.000001,0.999770,0.021426,0.022691,0.021420,-0.999513),fov=20.000000,dt=0.030334},
	{cf=CFrame.new(-0.173096,1.182901,-7.475098,-0.999744,0.000483,-0.022633,-0.000001,0.999771,0.021377,0.022638,0.021372,-0.999515),fov=20.000000,dt=0.015995},
	{cf=CFrame.new(-0.173218,1.176601,-7.510864,-0.999746,0.000478,-0.022525,-0.000001,0.999774,0.021274,0.022530,0.021269,-0.999520),fov=20.000000,dt=0.027339},
	{cf=CFrame.new(-0.173218,1.173075,-7.535156,-0.999748,0.000475,-0.022453,-0.000001,0.999775,0.021204,0.022458,0.021198,-0.999523),fov=20.000000,dt=0.014431},
	{cf=CFrame.new(-0.173218,1.168791,-7.570190,-0.999750,0.000471,-0.022347,-0.000001,0.999777,0.021103,0.022352,0.021098,-0.999528),fov=20.000000,dt=0.022865},
	{cf=CFrame.new(-0.173340,1.164745,-7.612549,-0.999753,0.000466,-0.022218,-0.000001,0.999780,0.020982,0.022223,0.020977,-0.999533),fov=20.000000,dt=0.020356},
	{cf=CFrame.new(-0.173584,1.160212,-7.666626,-0.999757,0.000459,-0.022060,-0.000001,0.999783,0.020829,0.022065,0.020824,-0.999540),fov=20.000000,dt=0.026961},
	{cf=CFrame.new(-0.173950,1.157394,-7.702271,-0.999759,0.000454,-0.021952,-0.000001,0.999785,0.020729,0.021956,0.020724,-0.999544),fov=20.000000,dt=0.016079},
	{cf=CFrame.new(-0.174805,1.152866,-7.763794,-0.999763,0.000447,-0.021772,-0.000001,0.999789,0.020558,0.021776,0.020554,-0.999552),fov=20.000000,dt=0.026611},
	{cf=CFrame.new(-0.175415,1.150499,-7.798340,-0.999765,0.000443,-0.021671,-0.000001,0.999791,0.020464,0.021676,0.020459,-0.999556),fov=20.000000,dt=0.022251},
	{cf=CFrame.new(-0.176025,1.148558,-7.828003,-0.999767,0.000439,-0.021587,-0.000001,0.999792,0.020384,0.021592,0.020379,-0.999559),fov=20.000000,dt=0.014765},
	{cf=CFrame.new(-0.176392,1.147493,-7.844727,-0.999768,0.000437,-0.021542,-0.000001,0.999793,0.020338,0.021546,0.020333,-0.999561),fov=20.000000,dt=0.019465},
	{cf=CFrame.new(-0.177002,1.145750,-7.873657,-0.999770,0.000434,-0.021460,-0.000001,0.999795,0.020261,0.021464,0.020256,-0.999564),fov=20.000000,dt=0.014656},
	{cf=CFrame.new(-0.177979,1.143440,-7.914062,-0.999772,0.000429,-0.021348,-0.000001,0.999797,0.020153,0.021352,0.020148,-0.999569),fov=20.000000,dt=0.019113},
	{cf=CFrame.new(-0.178711,1.141781,-7.945557,-0.999774,0.000426,-0.021258,-0.000001,0.999799,0.020070,0.021262,0.020066,-0.999573),fov=20.000000,dt=0.021100},
	{cf=CFrame.new(-0.179688,1.139933,-7.983398,-0.999776,0.000422,-0.021154,-0.000001,0.999801,0.019971,0.021158,0.019966,-0.999577),fov=20.000000,dt=0.020840},
	{cf=CFrame.new(-0.180664,1.138311,-8.020020,-0.999778,0.000418,-0.021054,-0.000001,0.999802,0.019876,0.021058,0.019872,-0.999581),fov=20.000000,dt=0.017925},
	{cf=CFrame.new(-0.181396,1.137180,-8.047974,-0.999780,0.000415,-0.020978,-0.000001,0.999804,0.019804,0.020982,0.019799,-0.999584),fov=20.000000,dt=0.019139},
	{cf=CFrame.new(-0.182617,1.135546,-8.094360,-0.999783,0.000410,-0.020853,-0.000001,0.999806,0.019685,0.020857,0.019681,-0.999589),fov=20.000000,dt=0.027334},
	{cf=CFrame.new(-0.183228,1.134811,-8.118896,-0.999784,0.000407,-0.020788,-0.000001,0.999808,0.019623,0.020792,0.019619,-0.999591),fov=20.000000,dt=0.017851},
	{cf=CFrame.new(-0.183716,1.134222,-8.141968,-0.999785,0.000405,-0.020726,-0.000001,0.999809,0.019565,0.020730,0.019561,-0.999594),fov=20.000000,dt=0.014119},
	{cf=CFrame.new(-0.184082,1.133776,-8.163330,-0.999786,0.000403,-0.020669,-0.000001,0.999810,0.019511,0.020673,0.019507,-0.999596),fov=20.000000,dt=0.018898},
	{cf=CFrame.new(-0.184448,1.133364,-8.191650,-0.999788,0.000400,-0.020596,-0.000001,0.999811,0.019441,0.020600,0.019437,-0.999599),fov=20.000000,dt=0.030134},
	{cf=CFrame.new(-0.184570,1.133245,-8.211304,-0.999789,0.000398,-0.020544,-0.000001,0.999812,0.019392,0.020548,0.019388,-0.999601),fov=20.000000,dt=0.014599},
	{cf=CFrame.new(-0.184570,1.133245,-8.211304,-0.999789,0.000398,-0.020544,-0.000001,0.999812,0.019392,0.020548,0.019388,-0.999601),fov=20.000000,dt=0.018393},
	{cf=CFrame.new(-0.184570,1.133245,-8.211304,-0.999789,0.000398,-0.020544,-0.000001,0.999812,0.019392,0.020548,0.019388,-0.999601),fov=20.000000,dt=0.019144},
	{cf=CFrame.new(-0.184570,1.133245,-8.211304,-0.999789,0.000398,-0.020544,-0.000001,0.999812,0.019392,0.020548,0.019388,-0.999601),fov=20.000000,dt=0.014303},
	{cf=CFrame.new(-0.184570,1.133245,-8.211304,-0.999789,0.000398,-0.020544,-0.000001,0.999812,0.019392,0.020548,0.019388,-0.999601),fov=20.000000,dt=0.023395},
	{cf=CFrame.new(-0.184570,1.133245,-8.211304,-0.999789,0.000398,-0.020544,-0.000001,0.999812,0.019392,0.020548,0.019388,-0.999601),fov=20.000000,dt=0.015993},
	{cf=CFrame.new(-0.184570,1.133245,-8.211304,-0.999789,0.000398,-0.020544,-0.000001,0.999812,0.019392,0.020548,0.019388,-0.999601),fov=20.000000,dt=0.018064},
	{cf=CFrame.new(-0.184570,1.133245,-8.211304,-0.999789,0.000398,-0.020544,-0.000001,0.999812,0.019392,0.020548,0.019388,-0.999601),fov=20.000000,dt=0.021181},
	{cf=CFrame.new(-0.184570,1.133245,-8.211304,-0.999789,0.000398,-0.020544,-0.000001,0.999812,0.019392,0.020548,0.019388,-0.999601),fov=20.000000,dt=0.019715},
	{cf=CFrame.new(-0.184570,1.133245,-8.211304,-0.999789,0.000398,-0.020544,-0.000001,0.999812,0.019392,0.020548,0.019388,-0.999601),fov=20.000000,dt=0.015102},
	{cf=CFrame.new(-0.184570,1.133245,-8.211304,-0.999789,0.000398,-0.020544,-0.000001,0.999812,0.019392,0.020548,0.019388,-0.999601),fov=20.000000,dt=0.020082},
	{cf=CFrame.new(-0.184570,1.133245,-8.211304,-0.999789,0.000398,-0.020544,-0.000001,0.999812,0.019392,0.020548,0.019388,-0.999601),fov=20.000000,dt=0.023064},
	{cf=CFrame.new(-0.184570,1.133245,-8.211304,-0.999789,0.000398,-0.020544,-0.000001,0.999812,0.019392,0.020548,0.019388,-0.999601),fov=20.000000,dt=0.021656},
	{cf=CFrame.new(-0.184570,1.133245,-8.211304,-0.999789,0.000398,-0.020544,-0.000001,0.999812,0.019392,0.020548,0.019388,-0.999601),fov=20.000000,dt=0.014411},
	{cf=CFrame.new(-0.184570,1.133245,-8.211304,-0.999789,0.000398,-0.020544,-0.000001,0.999812,0.019392,0.020548,0.019388,-0.999601),fov=20.000000,dt=0.021633},
	{cf=CFrame.new(-0.184570,1.133245,-8.211304,-0.999789,0.000398,-0.020544,-0.000001,0.999812,0.019392,0.020548,0.019388,-0.999601),fov=20.000000,dt=0.017347},
	{cf=CFrame.new(-0.184570,1.133245,-8.211304,-0.999789,0.000398,-0.020544,-0.000001,0.999812,0.019392,0.020548,0.019388,-0.999601),fov=20.000000,dt=0.041369},
	{cf=CFrame.new(-0.592041,1.586554,-29.065430,-0.999789,0.000398,-0.020545,-0.000001,0.999812,0.019392,0.020548,0.019388,-0.999601),fov=20.000000,dt=0.036419},
	{cf=CFrame.new(-1.093140,2.148127,-54.636597,-0.999789,0.000398,-0.020545,-0.000000,0.999812,0.019392,0.020548,0.019388,-0.999601),fov=37.171619,dt=0.022366},
	{cf=CFrame.new(-1.421875,2.518877,-71.349365,-0.999789,0.000398,-0.020545,-0.000000,0.999812,0.019392,0.020549,0.019388,-0.999601),fov=44.646759,dt=0.025557},
	{cf=CFrame.new(-1.608398,2.732735,-80.734375,-0.999789,0.000398,-0.020545,-0.000000,0.999812,0.019392,0.020548,0.019388,-0.999601),fov=51.128391,dt=0.015261},
	{cf=CFrame.new(-1.766968,2.913971,-88.721680,-0.999789,0.000398,-0.020545,-0.000000,0.999812,0.019392,0.020549,0.019388,-0.999601),fov=54.178707,dt=0.016197},
	{cf=CFrame.new(-1.895264,3.062033,-95.142578,-0.999789,0.000398,-0.020545,-0.000000,0.999812,0.019392,0.020549,0.019388,-0.999601),fov=56.878624,dt=0.015034},
	{cf=CFrame.new(-2.011475,3.196642,-100.932373,-0.999789,0.000398,-0.020545,-0.000000,0.999812,0.019392,0.020549,0.019388,-0.999601),fov=58.970634,dt=0.016942},
	{cf=CFrame.new(-2.137573,3.343449,-107.188354,-0.999789,0.000398,-0.020545,-0.000000,0.999812,0.019392,0.020548,0.019388,-0.999601),fov=60.931190,dt=0.022173},
	{cf=CFrame.new(-2.209717,3.430655,-110.626465,-0.999789,0.000398,-0.020545,-0.000000,0.999812,0.019392,0.020549,0.019388,-0.999601),fov=62.980495,dt=0.015437},
	{cf=CFrame.new(-2.274170,3.507675,-113.730469,-0.999789,0.000398,-0.020545,-0.000000,0.999812,0.019392,0.020548,0.019388,-0.999601),fov=64.127045,dt=0.016147},
	{cf=CFrame.new(-2.322998,3.567358,-116.026978,-0.999789,0.000398,-0.020544,-0.000000,0.999812,0.019392,0.020548,0.019388,-0.999601),fov=65.126480,dt=0.014639},
	{cf=CFrame.new(-2.388184,3.644888,-119.127441,-0.999789,0.000398,-0.020545,-0.000000,0.999812,0.019392,0.020549,0.019388,-0.999601),fov=65.884750,dt=0.022271},
	{cf=CFrame.new(-2.421753,3.688419,-120.523682,-0.999789,0.000398,-0.020545,-0.000000,0.999812,0.019392,0.020548,0.019388,-0.999601),fov=66.818291,dt=0.017270},
	{cf=CFrame.new(-2.458008,3.733765,-122.136230,-0.999789,0.000398,-0.020545,-0.000000,0.999812,0.019392,0.020549,0.019388,-0.999601),fov=67.393761,dt=0.020719},
	{cf=CFrame.new(-2.482910,3.766342,-123.137207,-0.999789,0.000398,-0.020545,-0.000000,0.999812,0.019392,0.020549,0.019388,-0.999601),fov=67.948540,dt=0.015891},
}

local accumulated = 0
local index = 1
local smoothRootCF = root.CFrame

RunService:BindToRenderStep('FollowCinematic', Enum.RenderPriority.Camera.Value + 1, function(dt)

	accumulated += dt

	smoothRootCF = root.CFrame

	while frames[index] and accumulated >= frames[index].dt do

		accumulated -= frames[index].dt

		local f = frames[index]

		camera.CFrame = smoothRootCF * f.cf
		camera.FieldOfView = f.fov

		index += 1

	end

	if not frames[index] then
		RunService:UnbindFromRenderStep('FollowCinematic')
		camera.CameraType = Enum.CameraType.Custom
	end

end)
