local Players = game:GetService('Players')
local RunService = game:GetService('RunService')

local player = Players.LocalPlayer
local camera = workspace.CurrentCamera

local root = player.Character:WaitForChild('HumanoidRootPart')

camera.CameraType = Enum.CameraType.Scriptable

local frames = {
	{cf=CFrame.new(-3.067383,1.159172,-1.532227,0.453520,-0.017518,-0.891074,-0.023988,0.999205,-0.031853,0.890923,0.035821,0.452739),fov=52.582176,dt=0.021213},
	{cf=CFrame.new(-3.184204,1.052002,-1.718628,0.442764,-0.026113,-0.896258,-0.015509,0.999203,-0.036774,0.896504,0.030182,0.442006),fov=52.546955,dt=0.020821},
	{cf=CFrame.new(-3.277588,0.947975,-1.882446,0.423154,-0.031604,-0.905507,-0.018474,0.998883,-0.043496,0.905870,0.035134,0.422097),fov=52.741707,dt=0.025513},
	{cf=CFrame.new(-3.330078,0.883080,-1.992676,0.408972,-0.036169,-0.911830,-0.018276,0.998689,-0.047811,0.912364,0.036218,0.407775),fov=52.863167,dt=0.019544},
	{cf=CFrame.new(-3.364380,0.824156,-2.086426,0.392602,-0.040626,-0.918811,-0.018541,0.998471,-0.052070,0.919522,0.037479,0.391248),fov=53.077156,dt=0.016083},
	{cf=CFrame.new(-3.406250,0.751198,-2.202637,0.372020,-0.046207,-0.927074,-0.018922,0.998175,-0.057344,0.928032,0.038875,0.370467),fov=53.608643,dt=0.028559},
	{cf=CFrame.new(-3.427856,0.698793,-2.289185,0.354629,-0.051009,-0.933615,-0.018038,0.997952,-0.061376,0.934833,0.038606,0.352983),fov=53.851486,dt=0.016312},
	{cf=CFrame.new(-3.444946,0.656902,-2.358521,0.340609,-0.054842,-0.938604,-0.017384,0.997759,-0.064606,0.940044,0.038322,0.338892),fov=54.085140,dt=0.017263},
	{cf=CFrame.new(-3.463745,0.607246,-2.441040,0.323412,-0.059509,-0.944385,-0.016452,0.997516,-0.068491,0.946115,0.037688,0.321630),fov=54.474674,dt=0.024098},
	{cf=CFrame.new(-3.485107,0.527113,-2.570923,0.292389,-0.065465,-0.954056,-0.021370,0.996958,-0.074958,0.956061,0.042305,0.290101),fov=54.638138,dt=0.022258},
	{cf=CFrame.new(-3.498779,0.471451,-2.660889,0.270246,-0.069547,-0.960276,-0.025513,0.996520,-0.079352,0.962453,0.045945,0.267531),fov=54.938831,dt=0.013948},
	{cf=CFrame.new(-3.519775,0.407978,-2.762207,0.246566,-0.074057,-0.966292,-0.030306,0.995999,-0.084067,0.968652,0.050012,0.243335),fov=55.894348,dt=0.017884},
	{cf=CFrame.new(-3.538818,0.315525,-2.912476,0.208136,-0.081265,-0.974718,-0.037562,0.995143,-0.090989,0.977378,0.055550,0.204073),fov=57.857143,dt=0.026324},
	{cf=CFrame.new(-3.552368,0.249489,-3.019775,0.180503,-0.086519,-0.979762,-0.042882,0.994484,-0.095719,0.982639,0.059292,0.175797),fov=59.285709,dt=0.021978},
	{cf=CFrame.new(-3.573975,0.130335,-3.214966,0.131413,-0.096560,-0.986614,-0.054712,0.993021,-0.104475,0.989817,0.067709,0.125213),fov=60.714287,dt=0.019855},
	{cf=CFrame.new(-3.607422,-0.068491,-3.541748,0.049910,-0.114384,-0.992182,-0.076767,0.990042,-0.117999,0.995799,0.082056,0.040632),fov=63.571430,dt=0.020495},
	{cf=CFrame.new(-3.640747,-0.267315,-3.868652,-0.031667,-0.133068,-0.990601,-0.099513,0.986593,-0.129349,0.994532,0.094482,-0.044484),fov=65.000000,dt=0.024117},
	{cf=CFrame.new(-3.723633,-0.448507,-4.161865,-0.102552,-0.161302,-0.981562,-0.127325,0.980777,-0.147870,0.986545,0.109813,-0.121119),fov=66.428574,dt=0.017503},
	{cf=CFrame.new(-3.806396,-0.629702,-4.455200,-0.172350,-0.190037,-0.966531,-0.155919,0.974107,-0.163724,0.972618,0.122483,-0.197518),fov=67.857140,dt=0.021576},
	{cf=CFrame.new(-3.912109,-0.760550,-4.662720,-0.219583,-0.201633,-0.954530,-0.181885,0.969716,-0.162999,0.958489,0.137823,-0.249607),fov=70.714287,dt=0.020033},
	{cf=CFrame.new(-4.057373,-0.877295,-4.843506,-0.258863,-0.202413,-0.944467,-0.209889,0.966221,-0.149547,0.942834,0.159521,-0.292603),fov=72.142860,dt=0.014427},
	{cf=CFrame.new(-4.238892,-1.023224,-5.069580,-0.307525,-0.204792,-0.929241,-0.243478,0.960990,-0.131212,0.919862,0.185899,-0.345391),fov=73.571419,dt=0.021702},
	{cf=CFrame.new(-4.502563,-1.097654,-5.169556,-0.324262,-0.125812,-0.937564,-0.277950,0.960039,-0.032697,0.904211,0.249993,-0.346274),fov=75.000000,dt=0.016177},
	{cf=CFrame.new(-4.705566,-1.112736,-5.284912,-0.360549,-0.013401,-0.932644,-0.121606,0.992038,0.032757,0.924779,0.125226,-0.359308),fov=78.000000,dt=0.020409},
	{cf=CFrame.new(-4.821655,-1.101738,-5.381348,-0.391317,0.078341,-0.916915,0.053675,0.996616,0.062244,0.918689,-0.024859,-0.394198),fov=80.999992,dt=0.021855},
	{cf=CFrame.new(-4.755371,-1.035755,-5.377441,-0.409430,0.093239,-0.907565,0.095113,0.993706,0.059180,0.907370,-0.062091,-0.415721),fov=87.000000,dt=0.024172},
	{cf=CFrame.new(-4.700073,-0.980770,-5.374146,-0.424334,0.106152,-0.899262,0.129238,0.990037,0.055884,0.896235,-0.092506,-0.433826),fov=90.000000,dt=0.020753},
	{cf=CFrame.new(-4.654663,-0.936306,-5.357422,-0.433222,0.113340,-0.894132,0.149490,0.987356,0.052727,0.888803,-0.110822,-0.444688),fov=88.599998,dt=0.021839},
	{cf=CFrame.new(-4.648682,-0.933943,-5.286743,-0.418558,0.096238,-0.903077,0.115548,0.991932,0.052153,0.900810,-0.082520,-0.426301),fov=85.800003,dt=0.021846},
	{cf=CFrame.new(-4.641602,-0.931101,-5.202026,-0.400533,0.076221,-0.913106,0.074385,0.995950,0.050507,0.913258,-0.047692,-0.404581),fov=84.400002,dt=0.022528},
	{cf=CFrame.new(-4.628174,-0.929089,-5.131470,-0.388423,0.058179,-0.919643,0.051574,0.997813,0.041341,0.920037,-0.031371,-0.390574),fov=83.000000,dt=0.021203},
	{cf=CFrame.new(-4.585083,-0.928499,-5.060913,-0.389933,0.033125,-0.920247,0.075768,0.997118,0.003787,0.917721,-0.068249,-0.391319),fov=80.199997,dt=0.022639},
	{cf=CFrame.new(-4.533325,-0.927792,-4.976318,-0.393455,0.003209,-0.919338,0.104580,0.993659,-0.041289,0.913376,-0.112390,-0.391295),fov=78.800003,dt=0.020689},
	{cf=CFrame.new(-4.490234,-0.927202,-4.905762,-0.397802,-0.021481,-0.917220,0.128293,0.988601,-0.078794,0.908457,-0.149017,-0.390512),fov=77.400002,dt=0.022879},
	{cf=CFrame.new(-4.447144,-0.926613,-4.835327,-0.403415,-0.045850,-0.913868,0.151635,0.981584,-0.116184,0.902365,-0.185444,-0.389033),fov=74.599991,dt=0.023812},
	{cf=CFrame.new(-4.395386,-0.925903,-4.750610,-0.411790,-0.074535,-0.908226,0.179021,0.970612,-0.160823,0.893521,-0.228817,-0.386345),fov=73.199997,dt=0.022376},
	{cf=CFrame.new(-4.369507,-0.925550,-4.708374,-0.416634,-0.088602,-0.904746,0.192413,0.964096,-0.183020,0.888478,-0.250337,-0.384627),fov=71.800003,dt=0.011611},
	{cf=CFrame.new(-4.343628,-0.925196,-4.666016,-0.421907,-0.102459,-0.900831,0.205578,0.956903,-0.205119,0.883025,-0.271732,-0.382661),fov=70.400002,dt=0.016575},
	{cf=CFrame.new(-4.300537,-0.924606,-4.595459,-0.430975,-0.117228,-0.894717,0.217813,0.948692,-0.229218,0.875681,-0.293668,-0.383329),fov=68.999992,dt=0.020974},
	{cf=CFrame.new(-4.248901,-0.923899,-4.510864,-0.441742,-0.128322,-0.887917,0.224775,0.942320,-0.248011,0.868528,-0.309139,-0.387419),fov=67.599998,dt=0.020402},
	{cf=CFrame.new(-4.214355,-0.923426,-4.454468,-0.449013,-0.135552,-0.883183,0.229245,0.937864,-0.260494,0.863617,-0.319430,-0.390039),fov=66.200005,dt=0.016959},
	{cf=CFrame.new(-4.179932,-0.922956,-4.397949,-0.456354,-0.142646,-0.878290,0.233576,0.933246,-0.272936,0.858594,-0.329703,-0.392572),fov=64.800003,dt=0.018447},
	{cf=CFrame.new(-4.145508,-0.922483,-4.341553,-0.460851,-0.145773,-0.875424,0.238892,0.929632,-0.280561,0.854720,-0.338429,-0.393598),fov=63.399998,dt=0.017807},
	{cf=CFrame.new(-4.102417,-0.921894,-4.270996,-0.455533,-0.135257,-0.879884,0.249668,0.929312,-0.272113,0.854492,-0.343635,-0.389562),fov=62.000004,dt=0.017507},
	{cf=CFrame.new(-4.067871,-0.921423,-4.214722,-0.451225,-0.126836,-0.883351,0.258251,0.928937,-0.265299,0.854226,-0.347835,-0.386404),fov=59.199997,dt=0.019340},
	{cf=CFrame.new(-4.016235,-0.920715,-4.130005,-0.444677,-0.114194,-0.888382,0.271060,0.928175,-0.254986,0.853692,-0.354191,-0.381785),fov=57.800003,dt=0.023730},
	{cf=CFrame.new(-3.990356,-0.920361,-4.087646,-0.441364,-0.107868,-0.890821,0.277434,0.927704,-0.249791,0.853363,-0.357393,-0.379529),fov=56.400002,dt=0.011668},
	{cf=CFrame.new(-4.090332,-1.075758,-4.127197,-0.393271,-0.135304,-0.909412,0.158459,0.964337,-0.212001,0.905665,-0.227479,-0.357806),fov=55.000000,dt=0.020053},
	{cf=CFrame.new(-4.198853,-1.231276,-4.180908,-0.348482,-0.158005,-0.923902,0.029786,0.983325,-0.179402,0.936842,-0.090038,-0.337964),fov=61.666668,dt=0.011365},
	{cf=CFrame.new(-4.139282,-1.422632,-4.455078,-0.302776,-0.074851,-0.950118,-0.118377,0.992145,-0.040439,0.945681,0.100228,-0.309259),fov=75.000000,dt=0.032631},
	{cf=CFrame.new(-4.007202,-1.501860,-4.663086,-0.290365,0.030649,-0.956425,-0.152011,0.985318,0.077725,0.944765,0.167955,-0.281443),fov=72.777786,dt=0.022131},
	{cf=CFrame.new(-4.007324,-1.493406,-4.632690,-0.283633,0.039007,-0.958139,-0.124228,0.989258,0.077049,0.950852,0.140882,-0.275741),fov=70.555557,dt=0.012609},
	{cf=CFrame.new(-4.007324,-1.479322,-4.582153,-0.272462,0.052525,-0.960732,-0.077540,0.994062,0.076338,0.959037,0.095294,-0.266771),fov=68.333336,dt=0.017094},
	{cf=CFrame.new(-4.007202,-1.474182,-4.565796,-0.272873,0.053956,-0.960536,-0.069531,0.994709,0.075629,0.959534,0.087425,-0.267677),fov=66.111115,dt=0.018139},
	{cf=CFrame.new(-4.007324,-1.468372,-4.549927,-0.279447,0.050915,-0.958810,-0.072979,0.994578,0.074084,0.957384,0.090676,-0.274216),fov=63.888889,dt=0.016847},
	{cf=CFrame.new(-4.007324,-1.463728,-4.537231,-0.284693,0.048471,-0.957392,-0.075738,0.994462,0.072869,0.955622,0.093256,-0.279445),fov=61.666668,dt=0.018387},
	{cf=CFrame.new(-4.007324,-1.459084,-4.524780,-0.289928,0.046016,-0.955941,-0.078498,0.994335,0.071672,0.953824,0.095819,-0.284673),fov=59.444439,dt=0.015589},
	{cf=CFrame.new(-4.007324,-1.453276,-4.508911,-0.296455,0.042933,-0.954081,-0.081949,0.994161,0.070200,0.951525,0.098997,-0.291205),fov=57.222221,dt=0.017967},
	{cf=CFrame.new(-4.007202,-1.448629,-4.496338,-0.301662,0.040456,-0.952556,-0.084710,0.994011,0.069043,0.949644,0.101519,-0.296428),fov=55.000000,dt=0.020361},
	{cf=CFrame.new(-4.007324,-1.436598,-4.493042,-0.301702,0.037282,-0.952673,-0.086421,0.994052,0.066270,0.949477,0.102325,-0.296686),fov=55.454544,dt=0.015686},
	{cf=CFrame.new(-4.007324,-1.424566,-4.489868,-0.301740,0.034108,-0.952780,-0.088132,0.994083,0.063498,0.949308,0.103130,-0.296949),fov=55.909092,dt=0.016493},
	{cf=CFrame.new(-4.007324,-1.409525,-4.485840,-0.301785,0.030140,-0.952899,-0.090271,0.994106,0.060032,0.949093,0.104136,-0.297286),fov=56.363636,dt=0.021734},
	{cf=CFrame.new(-4.007324,-1.397495,-4.482666,-0.301820,0.026965,-0.952984,-0.091981,0.994113,0.057260,0.948918,0.104939,-0.297563),fov=56.818180,dt=0.017945},
	{cf=CFrame.new(-4.007202,-1.385462,-4.479492,-0.301851,0.023790,-0.953058,-0.093692,0.994109,0.054488,0.948740,0.105741,-0.297844),fov=57.727264,dt=0.019290},
	{cf=CFrame.new(-4.007324,-1.370422,-4.475342,-0.301889,0.019820,-0.953137,-0.095830,0.994089,0.051024,0.948515,0.106743,-0.298205),fov=58.181816,dt=0.018054},
	{cf=CFrame.new(-4.007202,-1.367359,-4.481323,-0.304863,0.004404,-0.952386,-0.110328,0.993094,0.039909,0.945984,0.117241,-0.302271),fov=58.636364,dt=0.018421},
	{cf=CFrame.new(-4.007202,-1.374744,-4.500000,-0.311839,-0.030241,-0.949654,-0.144412,0.989390,0.015914,0.939096,0.142104,-0.312897),fov=59.090908,dt=0.014820},
	{cf=CFrame.new(-4.007202,-1.379175,-4.511230,-0.315730,-0.051062,-0.947474,-0.164831,0.986320,0.001771,0.934422,0.156733,-0.319828),fov=59.545448,dt=0.013689},
	{cf=CFrame.new(-4.007202,-1.370720,-4.549561,-0.307083,-0.067625,-0.949277,-0.206402,0.978463,-0.002935,0.929031,0.195032,-0.314428),fov=60.000000,dt=0.020061},
	{cf=CFrame.new(-4.007202,-1.347900,-4.610840,-0.285416,-0.072115,-0.955687,-0.262254,0.964983,0.005505,0.921825,0.252204,-0.294334),fov=57.500000,dt=0.027267},
	{cf=CFrame.new(-4.007202,-1.331038,-4.619629,-0.277863,-0.074941,-0.957693,-0.284247,0.958722,0.007449,0.917603,0.274292,-0.287695),fov=55.625000,dt=0.024906},
	{cf=CFrame.new(-4.007324,-1.321953,-4.582886,-0.282859,-0.076551,-0.956102,-0.274558,0.961561,0.004239,0.919026,0.263705,-0.293004),fov=56.249996,dt=0.019441},
	{cf=CFrame.new(-4.007202,-1.314154,-4.554688,-0.288382,-0.078258,-0.954312,-0.263892,0.964552,0.000648,0.920433,0.252022,-0.298811),fov=56.875000,dt=0.022325},
	{cf=CFrame.new(-4.007202,-1.310974,-4.561279,-0.297418,-0.080896,-0.951314,-0.246399,0.969154,-0.005379,0.922404,0.232803,-0.308177),fov=58.124996,dt=0.024880},
	{cf=CFrame.new(-4.007202,-1.276739,-4.499146,-0.262599,-0.054701,-0.963354,-0.247337,0.968850,0.012408,0.932666,0.241532,-0.267948),fov=59.375000,dt=0.028879},
	{cf=CFrame.new(-4.007324,-1.252430,-4.451416,-0.237799,-0.037686,-0.970583,-0.240595,0.970393,0.021269,0.941045,0.238575,-0.239826),fov=60.000000,dt=0.021717},
	{cf=CFrame.new(-4.007202,-1.248343,-4.441895,-0.234875,-0.037027,-0.971320,-0.231103,0.972748,0.018801,0.944153,0.228891,-0.237031),fov=57.500000,dt=0.013404},
	{cf=CFrame.new(-4.007202,-1.240166,-4.422607,-0.229097,-0.035811,-0.972745,-0.211999,0.977170,0.013956,0.950037,0.209418,-0.231459),fov=55.000000,dt=0.022675},
	{cf=CFrame.new(-4.021362,-1.229797,-4.404907,-0.236140,-0.037417,-0.970998,-0.208041,0.978035,0.012906,0.949187,0.205055,-0.238738),fov=55.769230,dt=0.016142},
	{cf=CFrame.new(-4.035400,-1.219427,-4.387207,-0.243185,-0.038990,-0.969196,-0.204098,0.978879,0.011831,0.948264,0.200688,-0.246006),fov=56.538460,dt=0.015720},
	{cf=CFrame.new(-4.053101,-1.206465,-4.364990,-0.251991,-0.040910,-0.966864,-0.199190,0.979905,0.010452,0.947008,0.195224,-0.255076),fov=57.307686,dt=0.022010},
	{cf=CFrame.new(-4.070801,-1.193504,-4.342896,-0.260796,-0.042778,-0.964446,-0.194306,0.980899,0.009034,0.945638,0.189754,-0.264127),fov=58.846153,dt=0.024438},
	{cf=CFrame.new(-4.099854,-1.175308,-4.305298,-0.272117,-0.040205,-0.961424,-0.184381,0.982792,0.011088,0.944434,0.180285,-0.274848),fov=60.384617,dt=0.031051},
	{cf=CFrame.new(-4.119629,-1.168709,-4.278076,-0.273971,-0.028331,-0.961321,-0.174116,0.984510,0.020608,0.945845,0.173027,-0.274660),fov=61.153843,dt=0.020093},
	{cf=CFrame.new(-4.139404,-1.162107,-4.250854,-0.275768,-0.016447,-0.961083,-0.163823,0.986029,0.030133,0.947161,0.165757,-0.274610),fov=61.923080,dt=0.019685},
	{cf=CFrame.new(-4.159180,-1.155508,-4.223511,-0.277507,-0.004553,-0.960713,-0.153503,0.987352,0.039660,0.948381,0.158479,-0.274696),fov=62.692307,dt=0.021684},
	{cf=CFrame.new(-4.179077,-1.148909,-4.196167,-0.279187,0.007346,-0.960209,-0.143158,0.988477,0.049187,0.949505,0.151194,-0.274918),fov=64.230774,dt=0.021170},
	{cf=CFrame.new(-4.186890,-1.146267,-4.185303,-0.184080,0.069419,-0.980457,-0.168076,0.980588,0.100984,0.968434,0.183380,-0.168839),fov=65.000000,dt=0.025116},
	{cf=CFrame.new(-4.186890,-1.131821,-4.167236,-0.046232,0.121511,-0.991513,-0.119004,0.984836,0.126241,0.991817,0.123831,-0.031071),fov=58.333332,dt=0.024417},
	{cf=CFrame.new(-4.186890,-1.091696,-4.106689,0.066784,0.068032,-0.995445,0.146472,0.986196,0.077226,0.986958,-0.150962,0.055897),fov=55.000000,dt=0.028481},
	{cf=CFrame.new(-4.186890,-1.107738,-4.075562,0.082185,0.058846,-0.994878,0.154142,0.985493,0.071024,0.984625,-0.159190,0.071922),fov=55.000000,dt=0.025076},
	{cf=CFrame.new(-4.186890,-1.126989,-4.038208,0.100495,0.047616,-0.993798,0.163515,0.984482,0.063705,0.981409,-0.168903,0.091149),fov=55.000000,dt=0.022871},
	{cf=CFrame.new(-4.186890,-1.146242,-4.000732,0.118606,0.036166,-0.992282,0.173066,0.983287,0.056525,0.977743,-0.178434,0.110365),fov=55.000000,dt=0.025229},
	{cf=CFrame.new(-4.186890,-1.155867,-3.982178,0.127585,0.030361,-0.991363,0.177907,0.982620,0.052989,0.975742,-0.183131,0.119966),fov=55.000000,dt=0.011466},
	{cf=CFrame.new(-4.186890,-1.165491,-3.963379,0.136509,0.024501,-0.990336,0.182791,0.981906,0.049489,0.973629,-0.187780,0.129560),fov=55.000000,dt=0.012323},
	{cf=CFrame.new(-4.121948,-1.161188,-3.907471,0.137044,-0.001673,-0.990564,0.197040,0.980061,0.025605,0.970770,-0.198690,0.134642),fov=55.000000,dt=0.019791},
	{cf=CFrame.new(-4.056885,-1.156889,-3.851440,0.136994,-0.027840,-0.990181,0.211294,0.977421,0.001752,0.967774,-0.209460,0.139784),fov=55.000000,dt=0.013571},
	{cf=CFrame.new(-3.991821,-1.152584,-3.795654,0.136358,-0.053971,-0.989188,0.225534,0.973986,-0.022052,0.964645,-0.220089,0.144983),fov=55.000000,dt=0.017457},
	{cf=CFrame.new(-3.910522,-1.147205,-3.725586,0.134739,-0.086548,-0.987094,0.243284,0.968575,-0.051716,0.960551,-0.233176,0.151561),fov=55.000000,dt=0.021002},
	{cf=CFrame.new(-3.848145,-1.141832,-3.677002,0.135417,-0.113416,-0.984276,0.260524,0.962545,-0.075069,0.955923,-0.246262,0.159892),fov=55.000000,dt=0.017552},
	{cf=CFrame.new(-3.793457,-1.133242,-3.650635,0.143006,-0.143041,-0.979331,0.287117,0.952945,-0.097261,0.947161,-0.267273,0.177346),fov=55.000000,dt=0.016553},
	{cf=CFrame.new(-3.738770,-1.124653,-3.624023,0.149366,-0.172744,-0.973576,0.313769,0.942012,-0.119005,0.937677,-0.287702,0.194906),fov=55.000000,dt=0.014383},
	{cf=CFrame.new(-3.670532,-1.113914,-3.590942,0.155566,-0.209891,-0.965269,0.347080,0.926477,-0.145519,0.924843,-0.312388,0.216977),fov=56.000000,dt=0.020141},
	{cf=CFrame.new(-3.615967,-1.105326,-3.564331,0.159113,-0.239549,-0.957758,0.373655,0.912562,-0.166169,0.913819,-0.331431,0.234709),fov=57.999996,dt=0.021645},
	{cf=CFrame.new(-3.547607,-1.094587,-3.531250,0.161769,-0.276448,-0.947316,0.406689,0.893325,-0.191244,0.899130,-0.354326,0.256940),fov=59.000000,dt=0.016377},
	{cf=CFrame.new(-3.493896,-0.945419,-3.494507,0.156583,-0.291156,-0.943774,0.402054,0.891595,-0.208353,0.902127,-0.346824,0.256669),fov=60.000000,dt=0.016533},
	{cf=CFrame.new(-3.440552,-0.749392,-3.454468,0.149318,-0.301027,-0.941853,0.386935,0.894360,-0.224505,0.909937,-0.330913,0.250022),fov=61.000000,dt=0.020553},
	{cf=CFrame.new(-3.374023,-0.504358,-3.404297,0.140302,-0.313452,-0.939182,0.367760,0.897202,-0.244502,0.919276,-0.311089,0.241154),fov=62.000004,dt=0.016450},
	{cf=CFrame.new(-3.617310,-0.583223,-3.529785,0.107652,-0.308928,-0.944973,0.247424,0.928916,-0.275492,0.962908,-0.204152,0.176436),fov=63.000004,dt=0.019311},
	{cf=CFrame.new(-3.921509,-0.681808,-3.686646,0.060123,-0.309289,-0.949066,0.092371,0.948430,-0.303230,0.993908,-0.069435,0.085592),fov=64.000000,dt=0.017521},
	{cf=CFrame.new(-4.120972,-0.746374,-3.795410,0.017256,-0.309283,-0.950814,0.000244,0.950956,-0.309325,0.999851,0.005106,0.016485),fov=66.000000,dt=0.025193},
	{cf=CFrame.new(-4.154785,-0.757210,-3.824829,-0.005390,-0.301459,-0.953464,0.003780,0.953465,-0.301481,0.999978,-0.005229,-0.004000),fov=67.000000,dt=0.014531},
	{cf=CFrame.new(-4.197144,-0.770760,-3.861572,-0.033700,-0.291422,-0.956001,0.008397,0.956428,-0.291848,0.999397,-0.017863,-0.029785),fov=68.000000,dt=0.019851},
	{cf=CFrame.new(-4.230835,-0.781597,-3.890869,-0.056334,-0.283193,-0.957407,0.012241,0.958662,-0.284285,0.998337,-0.027735,-0.050539),fov=68.999992,dt=0.021566},
	{cf=CFrame.new(-4.273193,-0.795143,-3.927612,-0.084588,-0.272668,-0.958382,0.017228,0.961285,-0.275015,0.996267,-0.039774,-0.076616),fov=70.000000,dt=0.014202},
	{cf=CFrame.new(-4.307129,-0.805981,-3.956909,-0.107145,-0.264065,-0.958535,0.021359,0.963251,-0.267752,0.994014,-0.049161,-0.097567),fov=68.888885,dt=0.018378},
	{cf=CFrame.new(-4.312988,-0.821533,-4.006104,-0.159617,-0.246231,-0.955977,0.004678,0.968194,-0.250158,0.987168,-0.044401,-0.153388),fov=67.777771,dt=0.021566},
	{cf=CFrame.new(-4.320312,-0.840975,-4.067383,-0.225182,-0.224743,-0.948042,-0.014609,0.973702,-0.227356,0.974207,-0.037347,-0.222543),fov=65.555557,dt=0.020067},
	{cf=CFrame.new(-4.327759,-0.860415,-4.128906,-0.290350,-0.204232,-0.934872,-0.032110,0.978488,-0.203788,0.956382,-0.029151,-0.290662),fov=64.444450,dt=0.020948},
	{cf=CFrame.new(-4.333618,-0.875969,-4.177979,-0.341935,-0.188582,-0.920607,-0.044801,0.981815,-0.184480,0.938655,-0.021836,-0.344165),fov=63.333328,dt=0.017537},
	{cf=CFrame.new(-4.341064,-0.895409,-4.239380,-0.405403,-0.170030,-0.898186,-0.059000,0.985368,-0.159903,0.912232,-0.011832,-0.409503),fov=62.222221,dt=0.015312},
	{cf=CFrame.new(-4.357422,-0.911131,-4.250610,-0.419074,-0.143492,-0.896542,-0.069908,0.989601,-0.125709,0.905257,0.009994,-0.424747),fov=61.111107,dt=0.021920},
	{cf=CFrame.new(-4.382446,-0.930847,-4.249023,-0.422129,-0.105104,-0.900422,-0.083653,0.993534,-0.076755,0.902668,0.042922,-0.428192),fov=60.000000,dt=0.018936},
	{cf=CFrame.new(-4.398682,-0.948484,-4.267700,-0.420985,-0.066761,-0.904608,-0.096960,0.994886,-0.028300,0.901871,0.075797,-0.425305),fov=58.888893,dt=0.020513},
	{cf=CFrame.new(-4.379883,-0.957788,-4.368774,-0.398512,-0.027890,-0.916739,-0.109947,0.993782,0.017561,0.910549,0.107791,-0.399100),fov=56.666668,dt=0.019921},
	{cf=CFrame.new(-4.364990,-0.965231,-4.449341,-0.381350,0.004003,-0.924422,-0.121206,0.991142,0.054293,0.916450,0.132750,-0.377487),fov=56.666668,dt=0.014665},
	{cf=CFrame.new(-4.349976,-0.972679,-4.530151,-0.364980,0.036510,-0.930299,-0.133184,0.986906,0.090983,0.921440,0.157108,-0.355339),fov=54.444443,dt=0.019411},
	{cf=CFrame.new(-4.348999,-0.955969,-4.573730,-0.292708,0.052583,-0.954755,-0.157626,0.982174,0.102417,0.943121,0.180472,-0.279201),fov=53.333332,dt=0.020491},
	{cf=CFrame.new(-4.364136,-0.908298,-4.581299,-0.138028,0.054423,-0.988932,-0.199460,0.976504,0.081578,0.970136,0.208512,-0.123930),fov=51.111111,dt=0.031476},
	{cf=CFrame.new(-3.946289,-0.781433,-3.766968,0.180214,0.022834,-0.983362,-0.064338,0.997863,0.011380,0.981521,0.061216,0.181298),fov=50.000000,dt=0.027490},
	{cf=CFrame.new(-3.439575,-0.645538,-2.787354,0.469708,-0.076502,-0.879501,0.140633,0.990001,-0.011007,0.871549,-0.118517,0.475770),fov=66.666664,dt=0.022763},
	{cf=CFrame.new(-3.331909,-0.566179,-2.247437,0.475672,-0.112452,-0.872405,0.204591,0.978739,-0.014606,0.855499,-0.171539,0.488565),fov=75.000000,dt=0.022259},
	{cf=CFrame.new(-3.289551,-0.484257,-1.735840,0.425603,-0.123606,-0.896428,0.230479,0.972764,-0.024705,0.875067,-0.196093,0.442500),fov=73.867928,dt=0.022916},
	{cf=CFrame.new(-3.241821,-0.421221,-1.398315,0.391217,-0.120452,-0.912382,0.225149,0.973798,-0.032019,0.892332,-0.192896,0.408086),fov=73.301888,dt=0.021773},
	{cf=CFrame.new(-3.194214,-0.358183,-1.060913,0.356208,-0.117445,-0.926997,0.219624,0.974800,-0.039108,0.908230,-0.189660,0.373025),fov=72.735840,dt=0.021816},
	{cf=CFrame.new(-3.146484,-0.295149,-0.723145,0.320630,-0.114584,-0.940248,0.213911,0.975771,-0.045968,0.922734,-0.186391,0.337372),fov=72.169815,dt=0.021150},
	{cf=CFrame.new(-3.098755,-0.232113,-0.385498,0.284536,-0.111870,-0.952116,0.208020,0.976710,-0.052594,0.935824,-0.183095,0.301181),fov=71.037735,dt=0.021682},
	{cf=CFrame.new(-3.007690,-0.206306,-0.086914,0.281444,-0.105348,-0.953777,0.185450,0.981188,-0.053652,0.941487,-0.161778,0.295687),fov=70.471695,dt=0.022430},
	{cf=CFrame.new(-2.917603,-0.205570,0.117432,0.295472,-0.098138,-0.950297,0.160044,0.985737,-0.052036,0.941850,-0.136714,0.306965),fov=69.905663,dt=0.023621},
	{cf=CFrame.new(-2.802368,-0.221020,0.362671,0.323482,-0.091940,-0.941757,0.135659,0.989493,-0.050003,0.936459,-0.111583,0.332555),fov=68.773582,dt=0.021571},
	{cf=CFrame.new(-2.700317,-0.247511,0.566895,0.356066,-0.088651,-0.930246,0.120435,0.991541,-0.048394,0.926667,-0.094803,0.363731),fov=68.207550,dt=0.021498},
	{cf=CFrame.new(-2.598267,-0.274000,0.771240,0.388155,-0.084757,-0.917688,0.105042,0.993342,-0.047315,0.915588,-0.078030,0.394474),fov=67.641502,dt=0.021530},
	{cf=CFrame.new(-2.496216,-0.300491,0.975586,0.419702,-0.080260,-0.904106,0.089501,0.994888,-0.046771,0.903238,-0.061288,0.424740),fov=66.509438,dt=0.021474},
	{cf=CFrame.new(-2.394165,-0.326981,1.179810,0.450664,-0.075163,-0.889524,0.073835,0.996173,-0.046767,0.889635,-0.044601,0.454489),fov=65.943398,dt=0.021676},
	{cf=CFrame.new(-2.282593,-0.375250,1.384033,0.495376,-0.073397,-0.865572,0.066488,0.996705,-0.046465,0.866130,-0.034533,0.498624),fov=65.377357,dt=0.021236},
	{cf=CFrame.new(-2.091553,-0.414968,1.570923,0.578248,-0.080687,-0.811861,0.071165,0.996293,-0.048330,0.812751,-0.029829,0.581846),fov=64.245285,dt=0.022087},
	{cf=CFrame.new(-1.932251,-0.448065,1.726685,0.642969,-0.086546,-0.760987,0.075304,0.995924,-0.049639,0.762181,-0.025389,0.646866),fov=63.679249,dt=0.021820},
	{cf=CFrame.new(-1.827637,-0.463800,1.810547,0.683657,-0.091207,-0.724082,0.079536,0.995562,-0.050307,0.725456,-0.023198,0.687877),fov=63.113205,dt=0.011659},
	{cf=CFrame.new(-1.682129,-0.482029,1.915649,0.737029,-0.098196,-0.668690,0.086428,0.994960,-0.050847,0.670312,-0.020318,0.741801),fov=62.547169,dt=0.019427},
	{cf=CFrame.new(-1.500244,-0.504818,2.047241,0.797430,-0.106797,-0.593885,0.095253,0.994152,-0.050877,0.595846,-0.015999,0.802940),fov=61.981140,dt=0.017052},
	{cf=CFrame.new(-1.318237,-0.527605,2.178711,0.850291,-0.115178,-0.513556,0.104251,0.993285,-0.050162,0.515886,-0.010886,0.856588),fov=61.415092,dt=0.024282},
	{cf=CFrame.new(-1.172729,-0.545834,2.283936,0.886814,-0.121674,-0.445821,0.111528,0.992551,-0.049039,0.448466,-0.006233,0.893778),fov=60.849056,dt=0.019099},
	{cf=CFrame.new(-0.986206,-0.566559,2.410522,0.925820,-0.130127,-0.354857,0.121461,0.991497,-0.046694,0.357916,0.000129,0.933754),fov=60.283024,dt=0.014879},
	{cf=CFrame.new(-0.784912,-0.582615,2.496826,0.954244,-0.135347,-0.266643,0.128297,0.990769,-0.043770,0.270106,0.007557,0.962801),fov=59.150936,dt=0.023824},
	{cf=CFrame.new(-0.627563,-0.599756,2.540405,0.967535,-0.132631,-0.215137,0.126298,0.991061,-0.042986,0.218915,0.014419,0.975637),fov=58.584911,dt=0.015337},
	{cf=CFrame.new(-0.391602,-0.625465,2.605957,0.982300,-0.127988,-0.136770,0.123328,0.991474,-0.042058,0.140987,0.024446,0.989710),fov=58.018867,dt=0.026550},
	{cf=CFrame.new(-0.251587,-0.640659,2.630249,0.987374,-0.123152,-0.099631,0.119429,0.991931,-0.042529,0.104065,0.030093,0.994115),fov=57.452831,dt=0.015667},
	{cf=CFrame.new(-0.111572,-0.655853,2.654907,0.991039,-0.118130,-0.062352,0.115572,0.992361,-0.043158,0.066974,0.035565,0.997121),fov=56.886791,dt=0.017554},
	{cf=CFrame.new(0.063477,-0.674847,2.685547,0.993630,-0.111603,-0.015638,0.110821,0.992859,-0.044163,0.020455,0.042148,0.998902),fov=56.320755,dt=0.017652},
	{cf=CFrame.new(0.203491,-0.690041,2.709961,0.994108,-0.106191,0.021762,0.107085,0.993225,-0.045138,-0.016822,0.047202,0.998744),fov=55.754719,dt=0.020073},
	{cf=CFrame.new(0.378418,-0.709034,2.740601,0.992710,-0.099198,0.068460,0.102502,0.993642,-0.046567,-0.063405,0.053245,0.996566),fov=54.622643,dt=0.020075},
	{cf=CFrame.new(0.509766,-0.723255,2.755493,0.990848,-0.092929,0.097898,0.098003,0.994011,-0.048358,-0.092818,0.057509,0.994021),fov=54.056606,dt=0.018909},
	{cf=CFrame.new(0.663208,-0.739819,2.762085,0.988589,-0.084336,0.124820,0.091327,0.994495,-0.051375,-0.119800,0.062188,0.990848),fov=53.490566,dt=0.016325},
	{cf=CFrame.new(0.764404,-0.747509,2.769165,0.986641,-0.078366,0.142820,0.086794,0.994775,-0.053757,-0.137861,0.065435,0.988288),fov=52.924530,dt=0.019912},
	{cf=CFrame.new(0.881958,-0.754803,2.778564,0.983918,-0.071244,0.163799,0.081502,0.995055,-0.056777,-0.158944,0.069214,0.984859),fov=52.358494,dt=0.017223},
	{cf=CFrame.new(0.999512,-0.762098,2.788086,0.980709,-0.064049,0.184684,0.076283,0.995285,-0.059910,-0.179976,0.072843,0.980970),fov=51.792454,dt=0.023895},
	{cf=CFrame.new(1.093384,-0.767937,2.795654,0.977793,-0.058244,0.201318,0.072162,0.995433,-0.062498,-0.196758,0.075638,0.977530),fov=51.226414,dt=0.014259},
	{cf=CFrame.new(1.211060,-0.775230,2.805054,0.973714,-0.050928,0.222008,0.067081,0.995573,-0.065831,-0.217672,0.078993,0.972820),fov=50.094341,dt=0.023449},
	{cf=CFrame.new(1.270630,-0.775068,2.812744,0.971366,-0.047506,0.232791,0.064974,0.995571,-0.067950,-0.228532,0.081130,0.970150),fov=49.528301,dt=0.014811},
	{cf=CFrame.new(1.302002,-0.767363,2.823242,0.969882,-0.046301,0.239133,0.064741,0.995455,-0.069837,-0.234813,0.083215,0.968472),fov=48.962269,dt=0.018893},
	{cf=CFrame.new(1.327026,-0.761198,2.831543,0.968666,-0.045328,0.244198,0.064564,0.995360,-0.071347,-0.239831,0.084878,0.967097),fov=48.396225,dt=0.021766},
	{cf=CFrame.new(1.358521,-0.753492,2.841797,0.967107,-0.044100,0.250517,0.064354,0.995236,-0.073236,-0.246094,0.086949,0.965338),fov=47.830189,dt=0.016899},
	{cf=CFrame.new(1.391479,-0.745401,2.852661,0.965427,-0.042796,0.257138,0.064146,0.995102,-0.075220,-0.252659,0.089114,0.963443),fov=47.264156,dt=0.020261},
	{cf=CFrame.new(1.422852,-0.737696,2.862915,0.963784,-0.041540,0.263430,0.063960,0.994969,-0.077111,-0.258901,0.091167,0.961592),fov=46.698112,dt=0.019935},
	{cf=CFrame.new(1.462158,-0.728064,2.875854,0.961672,-0.039951,0.271276,0.063746,0.994796,-0.079476,-0.266689,0.093722,0.959215),fov=45.566036,dt=0.022449},
	{cf=CFrame.new(1.507812,-0.726543,2.885620,0.963661,-0.056159,0.261157,0.078970,0.993846,-0.077682,-0.255187,0.095483,0.962166),fov=46.333332,dt=0.029895},
	{cf=CFrame.new(1.532837,-0.728489,2.889404,0.965685,-0.070205,0.250048,0.091751,0.992911,-0.075564,-0.242970,0.095913,0.965280),fov=47.666668,dt=0.022486},
	{cf=CFrame.new(1.557739,-0.730434,2.893188,0.967386,-0.084251,0.238884,0.104550,0.991793,-0.073596,-0.230723,0.096171,0.968255),fov=49.000000,dt=0.019435},
	{cf=CFrame.new(1.582642,-0.732380,2.897095,0.968765,-0.098290,0.227669,0.117363,0.990492,-0.071779,-0.218449,0.096257,0.971089),fov=50.333332,dt=0.020945},
	{cf=CFrame.new(1.607666,-0.734325,2.900879,0.969821,-0.112319,0.216407,0.130187,0.989007,-0.070114,-0.206153,0.096171,0.973782),fov=53.000000,dt=0.021726},
	{cf=CFrame.new(1.605347,-0.736744,2.903320,0.970494,-0.123711,0.206972,0.140567,0.987680,-0.068763,-0.195915,0.095827,0.975927),fov=54.333332,dt=0.022940},
	{cf=CFrame.new(1.580688,-0.740023,2.905029,0.971004,-0.135267,0.197114,0.151067,0.986224,-0.067390,-0.185282,0.095213,0.978062),fov=55.666668,dt=0.021152},
	{cf=CFrame.new(1.560059,-0.742756,2.906616,0.971254,-0.144883,0.188875,0.159820,0.984915,-0.066328,-0.176416,0.094608,0.979758),fov=57.000000,dt=0.020313},
	{cf=CFrame.new(1.539551,-0.745487,2.908081,0.971345,-0.154485,0.180618,0.168572,0.983521,-0.065343,-0.167547,0.093918,0.981380),fov=59.666664,dt=0.020286},
	{cf=CFrame.new(1.519043,-0.748220,2.909546,0.971277,-0.164072,0.172343,0.177324,0.982041,-0.064433,-0.158676,0.093143,0.982927),fov=61.000000,dt=0.020270},
	{cf=CFrame.new(1.453735,-0.698629,2.972046,0.963114,-0.170418,0.208252,0.181486,0.982767,-0.035106,-0.198680,0.071606,0.977445),fov=62.333328,dt=0.022105},
	{cf=CFrame.new(1.355591,-0.624228,3.065796,0.948073,-0.181482,0.261193,0.185586,0.982586,0.009087,-0.258293,0.039859,0.965244),fov=63.666664,dt=0.020130},
	{cf=CFrame.new(1.273926,-0.562225,3.143921,0.933016,-0.192080,0.304280,0.187027,0.981279,0.045959,-0.307411,0.014028,0.951473),fov=66.250000,dt=0.023910},
	{cf=CFrame.new(1.153198,-0.482122,3.252075,0.918238,-0.193487,0.345547,0.175864,0.980996,0.081972,-0.354841,-0.014500,0.934814),fov=67.500000,dt=0.022290},
	{cf=CFrame.new(0.958496,-0.391596,3.401611,0.929101,-0.141062,0.341866,0.121450,0.989510,0.078226,-0.349315,-0.031161,0.936487),fov=70.000000,dt=0.022295},
	{cf=CFrame.new(0.724976,-0.282963,3.581299,0.938169,-0.077487,0.337393,0.055596,0.995701,0.074085,-0.341683,-0.050747,0.938444),fov=70.199989,dt=0.025723},
	{cf=CFrame.new(0.505371,-0.143003,3.812744,0.944762,-0.020942,0.327087,-0.004508,0.997032,0.076856,-0.327726,-0.074085,0.941864),fov=70.599998,dt=0.026864},
	{cf=CFrame.new(0.377930,-0.007919,4.036011,0.949828,0.007101,0.312691,-0.036371,0.995468,0.087872,-0.310650,-0.094836,0.945782),fov=70.800003,dt=0.027057},
	{cf=CFrame.new(0.250366,0.127163,4.259277,0.953721,0.035459,0.298597,-0.068020,0.992723,0.099369,-0.292900,-0.115081,0.949192),fov=71.200005,dt=0.027793},
	{cf=CFrame.new(0.165405,0.217220,4.408203,0.955661,0.054518,0.289379,-0.088979,0.990238,0.107291,-0.280705,-0.128283,0.951182),fov=71.400002,dt=0.011372},
	{cf=CFrame.new(0.080322,0.307276,4.557129,0.957076,0.073685,0.280313,-0.109809,0.987229,0.115413,-0.268229,-0.141240,0.952945),fov=71.599998,dt=0.018002},
	{cf=CFrame.new(0.050659,0.392452,4.697876,0.966618,0.077955,0.244074,-0.110719,0.986147,0.123517,-0.231064,-0.146417,0.961858),fov=71.800003,dt=0.025014},
	{cf=CFrame.new(0.033813,0.517773,4.905029,0.981507,0.077127,0.175202,-0.101586,0.985594,0.135221,-0.162248,-0.150518,0.975202),fov=72.000000,dt=0.018566},
	{cf=CFrame.new(0.022461,0.601322,5.043213,0.988697,0.076769,0.128783,-0.095087,0.985185,0.142721,-0.115918,-0.153354,0.981349),fov=72.199997,dt=0.015342},
	{cf=CFrame.new(0.011230,0.684870,5.181274,0.993680,0.076572,0.082084,-0.088271,0.984743,0.149963,-0.069349,-0.156261,0.985278),fov=72.599998,dt=0.023439},
	{cf=CFrame.new(-0.002930,0.789305,5.354004,0.996789,0.076559,0.023477,-0.079324,0.984146,0.158630,-0.010960,-0.159982,0.987059),fov=72.800011,dt=0.020697},
	{cf=CFrame.new(-0.002075,0.983685,6.006836,0.997291,0.069707,0.023477,-0.072559,0.984668,0.158630,-0.012059,-0.159903,0.987059),fov=72.800011,dt=0.021961},
	{cf=CFrame.new(-0.010376,1.367859,7.309204,0.998150,0.056093,0.023476,-0.059117,0.985567,0.158630,-0.014239,-0.159724,0.987059),fov=72.172592,dt=0.016917},
	{cf=CFrame.new(-0.158325,0.929556,3.295532,0.998927,0.039919,0.023476,-0.043146,0.986395,0.158630,-0.016824,-0.159472,0.987059),fov=71.786896,dt=0.021274},
	{cf=CFrame.new(-0.217773,0.973562,2.650269,0.999322,0.028365,0.023475,-0.031737,0.986828,0.158630,-0.018666,-0.159267,0.987059),fov=71.397537,dt=0.029868},
	{cf=CFrame.new(-0.224609,1.119427,3.161377,0.999444,0.023662,0.023475,-0.027093,0.986966,0.158629,-0.019415,-0.159177,0.987059),fov=70.989716,dt=0.018341},
	{cf=CFrame.new(-0.212769,1.312410,4.042114,0.999525,0.019978,0.023474,-0.023454,0.987060,0.158629,-0.020002,-0.159105,0.987059),fov=70.800743,dt=0.012380},
	{cf=CFrame.new(-0.182739,1.657421,5.772461,0.999610,0.015114,0.023474,-0.018651,0.987162,0.158629,-0.020775,-0.159005,0.987059),fov=70.694031,dt=0.019343},
	{cf=CFrame.new(-0.142944,1.973639,7.388794,0.999659,0.011449,0.023474,-0.015031,0.987224,0.158629,-0.021358,-0.158928,0.987059),fov=70.555046,dt=0.018143},
	{cf=CFrame.new(-0.099609,2.239664,8.759399,0.999686,0.008778,0.023473,-0.012394,0.987260,0.158629,-0.021782,-0.158870,0.987059),fov=70.450104,dt=0.017902},
	{cf=CFrame.new(-0.054810,2.461237,9.866455,0.999704,0.006441,0.023473,-0.010085,0.987287,0.158629,-0.022153,-0.158819,0.987059),fov=70.365997,dt=0.017817},
	{cf=CFrame.new(-0.005859,2.674891,10.909912,0.999716,0.004091,0.023473,-0.007765,0.987308,0.158629,-0.022526,-0.158766,0.987059),fov=70.297920,dt=0.022487},
	{cf=CFrame.new(0.041992,2.766739,11.148560,0.999723,0.001807,0.023472,-0.005509,0.987323,0.158629,-0.022888,-0.158714,0.987059),fov=70.229759,dt=0.028798},
	{cf=CFrame.new(0.107178,2.825920,11.252930,0.999724,0.000912,0.023472,-0.004626,0.987327,0.158629,-0.023030,-0.158694,0.987059),fov=70.164742,dt=0.016040},
	{cf=CFrame.new(0.138062,2.860752,11.317993,0.999725,0.000344,0.023472,-0.004064,0.987330,0.158629,-0.023120,-0.158681,0.987059),fov=70.136871,dt=0.011273},
	{cf=CFrame.new(0.160400,2.914263,11.447632,0.999724,-0.001125,0.023472,-0.002613,0.987335,0.158629,-0.023353,-0.158647,0.987059),fov=70.120171,dt=0.038340},
	{cf=CFrame.new(0.220459,2.977915,11.545776,0.999723,-0.001628,0.023472,-0.002117,0.987336,0.158629,-0.023433,-0.158635,0.987059),fov=70.077164,dt=0.018154},
	{cf=CFrame.new(0.242554,3.008450,11.597168,0.999723,-0.001920,0.023472,-0.001829,0.987337,0.158629,-0.023479,-0.158628,0.987059),fov=70.062561,dt=0.012592},
	{cf=CFrame.new(0.255737,3.031376,11.638672,0.999722,-0.002174,0.023472,-0.001577,0.987337,0.158629,-0.023519,-0.158622,0.987059),fov=70.054092,dt=0.012827},
	{cf=CFrame.new(0.268066,3.057964,11.690796,0.999721,-0.002546,0.023472,-0.001210,0.987338,0.158629,-0.023578,-0.158613,0.987059),fov=70.046638,dt=0.022015},
	{cf=CFrame.new(0.285767,3.095768,11.759399,0.999720,-0.002892,0.023472,-0.000868,0.987338,0.158629,-0.023634,-0.158605,0.987059),fov=70.036171,dt=0.026697},
	{cf=CFrame.new(0.301392,3.136497,11.832031,0.999720,-0.003120,0.023472,-0.000643,0.987338,0.158629,-0.023669,-0.158600,0.987059),fov=70.026573,dt=0.028830},
	{cf=CFrame.new(0.312744,3.177544,11.907959,0.999719,-0.003288,0.023472,-0.000477,0.987338,0.158629,-0.023696,-0.158596,0.987059),fov=70.019043,dt=0.025836},
	{cf=CFrame.new(0.319092,3.211679,11.974365,0.999719,-0.003402,0.023472,-0.000364,0.987338,0.158629,-0.023714,-0.158593,0.987059),fov=70.014130,dt=0.023523},
	{cf=CFrame.new(0.322021,3.239899,12.031738,0.999719,-0.003450,0.023472,-0.000317,0.987338,0.158629,-0.023722,-0.158592,0.987059),fov=70.010757,dt=0.011981},
}

local accumulated = 0
local index = 1
local smoothRootCF = root.CFrame

RunService:BindToRenderStep('FollowCinematic', Enum.RenderPriority.Camera.Value + 1, function(dt)

	accumulated += dt

	smoothRootCF = root.CFrame

	while frames[index] and accumulated >= frames[index].dt do

		accumulated -= frames[index].dt

		local f = frames[index]

		camera.CFrame = smoothRootCF * f.cf
		camera.FieldOfView = f.fov

		index += 1

	end

	if not frames[index] then
		RunService:UnbindFromRenderStep('FollowCinematic')
		camera.CameraType = Enum.CameraType.Custom
	end

end)
